SETTLEMENTDATE,BANGOWF,BAYSW,BERYLSF,BHILLGT,BOCOROCK,BODWF,BOMENSF,BROKENH,CAPTL_WF,COLEASF,COLONGRA,COLWF0,CROOKWF,CRURWF,CRWASF,CULLERIN,DARLSF1,DG_NSW1,ERARING,ERGT01,FINLYSF,GNNDHSF,GOONSF,GRIFSF,GULLRGWF,GULLRSF,GULLRWF,GUNNING,HEZ1,HILLSTN,HUMENSW,JEMALNG,JUNEESF,LIDDELL,LIMOSF1,LIMOSF2,MANSLR,METZSF,MLSP,MOLNGSF,MOREESF,MP,NETIC,NEVERSF,NYNGAN,PARSF,ROYALLA,SAPHWF,SEBSF,SHOALHAV,SITHE,SNOWY1,SNOWY2,SNOWY3,SNOWY6,STWF,SUNRSF,SUNTPSF,TALLAWAR,TARALGA,URANQ,VP,WAGGNSF,WALGRV,WELLSF,WOODLWN,WRSF,WRWF,QBYNB,WSTWYSF
2022-09-26 00:00:00,0.0,1774.51,0.0,0,1.72,7.46237,0.0,0.0,0.0,0.0,0.0,15.6084,10.2229,5.99825,0.0,7.64,0.0,0,1414.85,0.0,0.0,0.0,0.0,0.001526,39.7044,0.0,2.51054,10.9105,0.0,0.0,56.3087,0.0,0.0,1040.93,0.0,0.0,0.0,0.0,0.0,0.0,0.0,444.367,617.450012207,0.0,0.0,0.00153,0.0,1.74411,0.0,0.0,0.12371,0.0,268.402,61.5,0.0,135.755,0.0,0.0,0,11.0689,0.0,1262.32,0.0,5.219,0.0,0.0,0.0,9.18044,0.0,
2022-09-26 00:05:00,0.0,1762.01,0.0,0,2.52,6.72137,0.0,0.0,0.0,0.0,0.0,14.7753,10.024,5.09995,0.0,7.64,0.0,0,1436.73,0.0,0.0,0.0,0.0,0.001526,35.9645,0.0,2.53275,10.2131,0.0,0.0,56.0164,0.0,0.0,1046.7,0.0,0.0,0.0,0.0,0.0,0.0,0.0,438.093,704.5,0.0,0.0,0.00153,0.0,1.55184,0.0,0.0,0.14381,0.0,175.327,61.9,0.0,139.995,0.0,0.0,0,11.6036,0.0,1259.95,0.0,0.0,0.0,0.0,0.0,9.51858,0.0,
2022-09-26 00:10:00,0.0,1746.51,0.0,0,3.81,5.74174,0.0,0.0,0.0,0.0,0.0,11.0674,9.56497,5.1973,0.0,7.64,0.0,0,1475.86,0.0,0.0,0.0,0.0,0.001526,35.3745,0.0,1.78372,7.5978,0.0,0.0,56.7486,0.0,0.0,1043.95,0.0,0.0,0.0,0.0,0.0,0.0,0.0,444.953,646.58001709,0.0,0.0,0.00153,0.0,1.19478,0.0,0.0,0.12371,0.0,155.822,63.2,0.0,135.37,0.0,0.0,0,12.1419,0.0,1265.98,0.0,0.0,0.0,0.0,0.0,7.47265,0.0,
2022-09-26 00:15:00,0.0,1721.56,0.0,0,2.68,4.60302,0.0,0.0,0.0,0.0,0.0,7.84237,9.81399,5.09995,0.0,7.64,0.0,0,1509.41,0.0,0.0,0.0,0.0,0.001526,32.1745,0.0,0.42847,5.96881,0.0,0.0,56.7486,0.0,0.0,1041.98,0.0,0.0,0.0,0.0,0.0,0.0,0.0,439.24,685.450012207,0.0,0.0,0.00153,0.0,1.78988,0.0,0.0,0.13376,0.0,150.585,61.9,0.0,138.523,0.0,0.0,0,10.2339,0.0,1259.12,0.0,0.00093,0.0,0.0,0.0,8.33692,0.0,
2022-09-26 00:20:00,0.0,1667.36,0.0,0,1.16,5.13261,0.0,0.0,0.0,0.0,0.0,6.76814,9.22438,2.99802,0.0,7.64,0.0,0,1541.59,0.0,0.0,0.0,0.0,0.001526,26.4646,0.0,0.65064,6.6631,0.0,0.0,56.7486,0.0,0.0,1043.92,0.0,0.0,0.0,0.0,0.0,0.0,0.0,439.167,611.270019531,0.0,0.0,0.00153,0.0,3.18151,0.0,0.0,0.14381,0.0,151.686,62.5,0.0,143.236,0.0,0.0,0,9.73953,0.0,1265.18,0.0,0.01582,0.0,0.0,0.0,10.4475,0.0,
2022-09-26 00:25:00,0.0,1677.34,0.0,0,0.23,5.10121,0.0,0.0,0.0,0.0,0.0,4.93477,9.01442,1.09964,0.0,7.51592,0.0,0,1544.13,0.0,0.0,0.0,0.0,0.001526,25.4146,0.0,0.0,6.52821,0.0,0.0,56.4563,0.0,0.0,1046.72,0.0,0.0,0.0,0.0,0.0,0.0,0.0,441.999,610.489990234,0.0,0.0,0.00153,0.0,2.24765,0.0,0.0,0.12371,0.0,154.24,63.1,0.0,144.192,0.0,0.0,0,10.6331,0.0,1263.95,0.0,0.01582,0.0,0.0,0.0,12.5313,0.0,
2022-09-26 00:30:00,0.0,1651.39,0.0,0,0.16,3.40255,0.0,0.0,0.0,0.0,0.0,2.0943,8.47364,1.09964,0.0,7.51816,0.0,0,1548.96,0.0,0.0,0.0,0.0,0.001526,22.2447,0.0,0.0,4.63975,0.0,0.0,55.635,0.0,0.0,1042.21,0.0,0.0,0.0,0.0,0.0,0.0,0.0,439.118,607.539978027,0.0,0.0,0.00153,0.0,2.69627,0.0,0.0,0.08352,0.0,148.8,62.1,0.0,139.842,0.0,0.0,0,10.8235,0.0,1263.91,0.0,0.0,0.0,0.0,0.0,11.5743,0.0,
2022-09-26 00:35:00,0.0,1637.65,0.0,0,0.1,2.65317,0.0,0.0,0.0,0.0,0.0,2.121,9.37331,2.19707,0.0,7.4913,0.0,0,1518.83,0.0,0.0,0.0,0.0,0.001526,17.2247,0.0,0.0,2.70765,0.0,0.0,56.6316,0.0,0.0,1047.14,0.0,0.0,0.0,0.0,0.0,0.0,0.0,440.656,736.219970703,0.0,0.0,0.00153,0.0,2.89769,0.0,0.0,0.15386,0.0,107.767,63.0,0.0,150.817,0.0,0.0,0,12.889,0.0,1261.44,0.0,0.0,0.0,0.0,0.0,11.8196,0.0,
2022-09-26 00:40:00,0.0,1649.44,0.0,0,0.0,2.54432,0.0,0.0,0.0,0.0,0.0,1.86618,9.19448,3.79896,0.0,7.49369,0.0,0,1494.81,0.0,0.0,0.0,0.0,0.001526,15.1648,0.0,0.0,2.16492,0.0,0.0,56.2779,0.0,0.0,1050.31,0.0,0.0,0.0,0.0,0.0,0.0,0.0,447.37,679.719970703,0.0,0.0,0.00153,0.0,2.43992,0.0,0.0,0.12371,0.0,107.113,63.7,0.0,158.046,0.0,0.0,0,14.9508,0.0,1262.42,0.0,6.09209,0.0,0.0,0.0,12.1346,0.0,
2022-09-26 00:45:00,0.0,1667.09,0.0,0,0.14,2.25336,0.0,0.0,0.0,0.0,0.0,0.0,7.1754,3.19715,0.0,7.46902,0.0,0,1452.52,0.0,0.0,0.0,0.0,0.001526,13.8048,0.0,0.0,2.91316,0.0,0.0,56.6901,0.0,0.0,1052.19,0.0,0.0,0.0,0.0,0.0,0.0,0.0,441.437,793.780029297,0.0,0.0,0.00153,0.0,1.77157,0.0,0.0,0.08352,0.0,108.457,63.8,0.0,159.848,0.0,0.0,0,13.8412,0.0,1262.22,0.0,0.00093,0.0,0.0,0.0,12.6912,0.0,
2022-09-26 00:50:00,0.0,1683.52,0.0,0,0.39,1.39723,0.0,0.0,0.0,0.0,0.0,0.0,5.65621,3.69718,0.0,7.46013,0.0,0,1415.76,0.0,0.0,0.0,0.0,0.001526,16.8947,0.0,0.0,2.41486,0.0,0.0,55.6042,0.0,0.0,1039.81,0.0,0.0,0.0,0.0,0.0,0.0,0.0,440.07,747.090026855,0.0,0.0,0.00153,0.0,0.0,0.0,0.0,0.14381,0.0,101.275,61.4,0.0,158.453,0.0,0.0,0,12.0723,0.0,1258.29,0.0,0.00093,0.0,0.0,0.0,12.6717,0.0,
2022-09-26 00:55:00,0.0,1708.6,0.0,0,0.68,1.0372,0.0,0.0,0.0,0.0,0.0,0.0,6.63645,3.69718,0.0,7.45723,0.0,0,1391.27,0.0,0.0,0.0,0.0,0.001526,18.9247,0.0,0.0,2.3006,0.0,0.0,56.3087,0.0,0.0,1053.44,0.0,0.0,0.0,0.0,0.0,0.0,0.0,449.787,664.609985352,0.0,0.0,0.00153,0.0,0.0,0.0,0.0,0.12371,0.0,109.353,64.4,0.0,156.86,0.0,0.0,0,15.0277,0.0,1262.69,0.0,0.02141,0.0,0.0,0.0,10.3731,0.0,
2022-09-26 01:00:00,0.0,1703.81,0.0,0,0.46,1.37525,0.0,0.0,0.0,0.0,0.0,0.0,5.65621,4.69726,0.0,7.43206,0.0,0,1350.13,0.0,0.0,0.0,0.0,0.001526,17.6647,0.0,0.0,2.60371,0.0,0.0,55.7211,0.0,0.0,1053.24,0.0,0.0,0.0,0.0,0.0,0.0,0.0,442.145,755.799987793,0.0,0.0,0.00153,0.0,0.0,0.0,0.0,0.12371,0.0,104.399,62.9,0.0,160.43,0.0,0.0,0,17.6864,0.0,1264.66,0.0,4.44643,0.0,0.0,0.0,7.01976,0.0,
2022-09-26 01:05:00,0.0,1724.81,0.0,0,0.0,1.23501,0.0,0.0,0.0,0.0,0.0,0.0,7.61303,4.69726,0.0,7.43857,0.0,0,1320.74,0.0,0.0,0.0,0.0,0.001526,17.6247,0.0,0.0,3.25039,0.0,0.0,56.1025,0.0,0.0,1038.07,0.0,0.0,0.0,0.0,0.0,0.0,0.0,478.157,846.58001709,0.0,0.0,0.00153,0.0,0.0,0.0,0.0,0.14381,0.0,3.60706,63.0,0.0,158.244,0.0,0.0,0,18.7228,0.0,1263.3,0.0,0.0,0.0,0.0,0.0,5.86374,0.0,
2022-09-26 01:10:00,0.0,1740.02,0.0,0,0.0,1.13453,0.0,0.0,0.0,0.0,0.0,0.0,5.38399,3.89631,0.0,7.46487,0.0,0,1283.33,0.0,0.0,0.0,0.0,0.001526,17.8947,0.0,0.0,2.59895,0.0,0.0,57.1884,0.0,0.0,1019.51,0.0,0.0,0.0,0.0,0.0,0.0,0.0,493.416,711.520019531,0.0,0.0,0.00153,0.0,0.0,0.0,0.0,0.14381,0.0,0.0,62.7,0.0,158.607,0.0,0.0,0,19.5102,0.0,1260.15,0.0,10.0889,0.0,0.0,0.0,4.14679,0.0,
2022-09-26 01:15:00,0.0,1754.54,0.0,0,0.0,1.23501,0.0,0.0,0.0,0.0,0.0,0.0,4.06622,4.69726,0.0,7.4519,0.0,0,1246.78,0.0,0.0,0.0,0.0,0.001526,18.5847,0.0,0.0,2.89253,0.0,0.0,57.5699,0.0,0.0,1007.86,0.0,0.0,0.0,0.0,0.0,0.0,0.0,457.6,754.739990234,0.0,0.0,0.00153,0.0,0.0,0.0,0.0,0.14381,0.0,0.0,61.5,0.0,160.606,0.0,0.0,0,20.4624,0.0,1263.86,0.0,6.67291,0.0,0.0,0.0,2.46036,0.0,
2022-09-26 01:20:00,0.0,1719.02,0.0,0,0.0,1.20256,0.0,0.0,0.0,0.0,0.0,0.0,4.72541,6.59564,0.0,7.44505,0.0,0,1201.5,0.0,0.0,0.0,0.0,0.001526,20.0147,0.0,0.0,3.19326,0.0,0.0,55.958,0.0,0.0,1001.49,0.0,0.0,0.0,0.0,0.0,0.0,0.0,440.485,777.309997559,0.0,0.0,0.00153,0.0,0.0,0.0,0.0,0.12371,0.0,0.0,60.9,0.0,160.837,0.0,0.0,0,23.0625,0.0,1261.95,0.0,0.50356,0.0,0.0,0.0,1.99344,0.0,
2022-09-26 01:25:00,0.0,1693.75,0.0,0,0.0,1.88182,0.0,0.0,0.0,0.0,0.0,0.0,7.88525,6.79919,0.0,7.4626,0.0,0,1164.75,0.0,0.0,0.0,0.0,0.001526,22.0447,0.0,0.0,2.84413,0.0,0.0,56.0441,0.0,0.0,1001.65,0.0,0.0,0.0,0.0,0.0,0.0,0.0,441.34,820.299987793,0.0,0.0,0.00153,0.0,0.0,0.0,0.0,0.12371,0.0,0.0,61.5,0.0,160.419,0.0,0.0,0,21.1948,0.0,1256.34,0.0,0.0,0.0,0.0,0.0,1.25734,0.0,
2022-09-26 01:30:00,0.0,1667.58,0.0,0,0.0,2.09951,0.0,0.0,0.0,0.0,0.0,0.4593,5.88327,6.29915,0.0,7.47555,0.0,0,1123.98,0.0,0.0,0.0,0.0,0.001526,20.9147,0.0,0.0,1.40478,0.0,0.0,56.3087,0.0,0.0,1012.77,0.0,0.0,0.0,0.0,0.0,0.0,0.0,439.875,780.619995117,0.0,0.0,0.00153,0.0,0.0,0.0,0.0,0.14381,0.0,0.0,61.6,0.0,159.617,0.0,0.0,0,21.9345,0.0,1259.39,0.0,0.00093,0.0,0.0,0.0,0.55848,0.0,
2022-09-26 01:35:00,0.0,1702.39,0.0,0,0.0,2.37163,0.0,0.0,0.0,0.0,0.0,2.09201,6.51438,6.39651,0.0,7.49731,0.0,0,1099.15,0.0,0.0,0.0,0.0,0.001526,22.4047,0.0,0.0,2.97267,0.0,0.0,56.3087,0.0,0.0,995.575,0.0,0.0,0.0,0.0,0.0,0.0,0.0,462.971,880.849975586,0.0,0.0,0.00153,0.0,0.0,0.0,0.0,0.12371,0.0,0.0,64.1,0.0,156.915,0.0,0.0,0,21.1984,0.0,1260.22,0.0,12.3303,0.0,0.0,0.0,0.0,0.0,
2022-09-26 01:40:00,0.0,1718.43,0.0,0,0.0,2.18115,0.0,0.0,0.0,0.0,0.0,4.75013,5.69284,6.39651,0.0,7.5052,0.0,0,1060.4,0.0,0.0,0.0,0.0,0.001526,19.1847,0.0,0.0,1.57617,0.0,0.0,56.9239,0.0,0.0,965.966,0.0,0.0,0.0,0.0,0.0,0.0,0.0,477.839,885.41998291,0.0,0.0,0.00153,0.0,0.0,0.0,0.0,0.13376,0.0,0.0,62.9,0.0,157.848,0.0,0.0,0,24.9082,0.0,1263.08,0.0,21.966,0.0,0.0,0.0,0.0,0.0,
2022-09-26 01:45:00,0.0,1751.37,0.0,0,0.0,2.00322,0.0,0.0,0.0,0.0,0.0,1.99969,4.0473,5.59998,0.0,7.46816,0.0,0,1058.16,0.0,0.0,0.0,0.0,0.001526,15.6948,0.0,0.0,1.39208,0.0,0.0,57.1577,0.0,0.0,966.167,0.0,0.0,0.0,0.0,0.0,0.0,0.0,513.167,824.210021973,0.0,0.0,0.00153,0.0,0.0,0.0,0.0,0.12371,0.0,0.0,63.1,0.0,160.54,0.0,0.0,0,26.6148,0.0,1267.76,0.0,0.00093,0.0,0.0,0.0,0.0,0.0,
2022-09-26 01:50:00,0.0,1747.46,0.0,0,0.0,1.594,0.0,0.0,0.0,0.0,0.0,0.0,3.52605,5.39643,0.0,7.43425,0.0,0,1045.37,0.0,0.0,0.0,0.0,0.001526,15.4648,0.0,0.0,0.89616,0.0,0.0,57.3638,0.0,0.0,954.503,0.0,0.0,0.0,0.0,0.0,0.0,0.0,504.768,777.16998291,0.0,0.0,0.00153,0.0,0.0,0.0,0.0,0.13376,0.0,0.0,61.6,0.0,162.913,0.0,0.0,0,18.8693,0.0,1260.76,0.0,2.68908,0.0,0.0,0.0,0.0,0.0,
2022-09-26 01:55:00,0.0,1750.91,0.0,0,0.0,1.30513,0.0,0.0,0.0,0.0,0.0,0.0,2.92546,4.39635,0.0,7.41187,0.0,0,1059.79,0.0,0.0,0.0,0.0,0.001526,14.6098,0.0,0.0,1.05962,0.0,0.0,56.9239,0.0,0.0,970.031,0.0,0.0,0.0,0.0,0.0,0.0,0.0,485.847,764.030029297,0.0,0.0,0.00153,0.0,0.0,0.0,0.0,0.12371,0.0,0.0,64.3,0.0,163.814,0.0,0.0,0,12.6326,0.0,1261.44,0.0,26.6497,0.0,0.0,0.0,0.0,0.0,
2022-09-26 02:00:00,0.0,1739.67,0.0,0,0.0,0.37783,0.0,0.0,0.0,0.0,0.0,0.0,2.63798,3.59983,0.0,7.41671,0.0,0,1083.89,0.0,0.0,0.0,0.0,0.001526,13.6248,0.0,0.0,0.93346,0.0,0.0,56.3671,0.0,0.0,943.901,0.0,0.0,0.0,0.0,0.0,0.0,0.0,447.663,757.590026855,0.0,0.0,0.00153,0.0,0.0,0.0,0.0,0.13376,0.0,0.0,61.3,0.0,163.43,0.0,0.0,0,19.4369,0.0,1264.78,0.0,0.47936,0.0,0.0,0.0,0.0,0.0,
2022-09-26 02:05:00,0.0,1720.31,0.0,0,0.0,0.03768,0.0,0.0,0.0,0.0,0.0,0.0,3.44488,3.49805,0.0,7.43305,0.0,0,1129.28,0.0,0.0,0.0,0.0,0.001526,12.6648,0.0,0.0,1.77136,0.0,0.0,55.838,0.0,0.0,960.198,0.0,0.0,0.0,0.0,0.0,0.0,0.0,443.586,726.58001709,0.0,0.0,0.00153,0.0,0.0,0.0,0.0,0.12371,0.0,0.0,62.9,0.0,163.265,0.0,0.0,0,16.3937,0.0,1263.3,0.0,7.65025,0.0,0.0,0.0,0.0,0.0,
2022-09-26 02:10:00,0.0,1698.02,0.0,0,0.0,0.0,0.0,0.0,0.0,0.0,0.0,0.0,2.8864,4.19722,0.0,7.46891,0.0,0,1168.49,0.0,0.0,0.0,0.0,0.001526,12.0698,0.0,0.0,1.9975,0.0,0.0,55.7519,0.0,0.0,958.458,0.0,0.0,0.0,0.0,0.0,0.0,0.0,439.362,674.729980469,0.0,0.0,0.00153,0.0,0.0,0.0,0.0,0.13376,0.0,0.0,61.8,0.0,155.19,0.0,0.0,0,18.1735,0.0,1258.85,0.0,2.42473,0.0,0.0,0.0,0.0,0.0,
2022-09-26 02:15:00,0.0,1660.99,0.0,0,0.0,0.22816,0.0,0.0,0.0,0.0,0.0,0.0,3.65545,4.59991,0.0,7.43462,0.0,0,1186.29,0.0,0.0,0.0,0.0,0.001526,10.1848,0.0,0.0,1.63488,0.0,0.0,57.0131,0.0,0.0,951.115,0.0,0.0,0.0,0.0,0.0,0.0,0.0,441.242,618.0,0.0,0.0,0.00153,0.0,0.0,0.0,0.0,0.12371,0.0,0.0,61.2,0.0,141.27,0.0,0.0,0,18.7375,0.0,1265.86,0.0,0.0121,0.0,0.0,0.0,0.0,0.0,
2022-09-26 02:20:00,0.0,1666.21,0.0,0,0.0,0.0,0.0,0.0,0.0,0.0,0.0,0.0145,4.09369,5.59998,0.0,7.46464,0.0,0,1198.98,0.0,0.0,0.0,0.0,0.001526,11.4248,0.0,0.0,0.6732,0.0,0.0,56.0749,0.0,0.0,962.194,0.0,0.0,0.0,0.0,0.0,0.0,0.0,443.464,645.409973145,0.0,0.0,0.00153,0.0,0.0,0.0,0.0,0.12371,0.0,0.0,62.9,0.0,102.367,0.0,0.0,0,19.0817,0.0,1264.05,0.0,0.01582,0.0,0.0,0.0,0.0,0.0,
2022-09-26 02:25:00,0.0,1656.89,0.0,0,0.0,0.0,0.0,0.0,0.0,0.0,0.0,0.0,4.61494,7.19745,0.0,7.42508,0.0,0,1191.12,0.0,0.0,0.0,0.0,0.001526,11.2948,0.0,0.0,0.45341,0.0,0.0,56.8931,0.0,0.0,953.587,0.0,0.0,0.0,0.0,0.0,0.0,0.0,449.543,665.469970703,0.0,0.0,0.00153,0.0,0.0,0.0,0.0,0.12371,0.0,0.0,62.3,0.0,81.0639,0.0,0.0,0,15.621,0.0,1260.22,0.0,0.00093,0.0,0.0,0.0,0.0,0.0,
2022-09-26 02:30:00,0.0,1634.16,0.0,0,0.0,0.21874,0.0,0.0,0.0,0.0,0.0,0.20905,2.3743,5.99825,0.0,7.42811,0.0,0,1185.09,0.0,0.0,0.0,0.0,0.001526,8.03488,0.0,0.0,0.0,0.0,0.0,57.3638,0.0,0.0,947.563,0.0,0.0,0.0,0.0,0.0,0.0,0.0,438.166,682.640014648,0.0,0.0,0.00153,0.0,0.0,0.0,0.0,0.15386,0.0,0.0,60.9,0.0,66.6386,0.0,0.0,0,11.4351,0.0,1258.36,0.0,0.0,0.0,0.0,0.0,0.0,0.0,
2022-09-26 02:35:00,0.0,1625.88,0.0,0,0.0,0.4783,0.0,0.0,0.0,0.0,0.0,0.57298,3.15496,6.99832,0.0,7.44808,0.0,0,1196.86,0.0,0.0,0.0,0.0,0.001526,5.27492,0.0,0.0,0.0,0.0,0.0,55.4596,0.0,0.0,954.814,0.0,0.0,0.0,0.0,0.0,0.0,0.0,442.023,643.690002441,0.0,0.0,0.00153,0.0,0.0,0.0,0.0,0.12371,0.0,0.0,62.7,0.0,46.5773,0.0,0.0,0,9.62234,0.0,1261.15,0.0,0.0,0.0,0.0,0.0,0.0,0.0,
2022-09-26 02:40:00,0.0,1618.97,0.0,0,0.0,0.0,0.0,0.0,0.0,0.0,0.0,1.9646,2.84245,7.89662,0.0,7.43678,0.0,0,1200.49,0.0,0.0,0.0,0.0,0.001526,3.36995,0.0,0.0,0.0,0.0,0.0,56.1333,0.0,0.0,963.677,0.0,0.0,0.0,0.0,0.0,0.0,0.0,445.417,666.489990234,0.0,0.0,0.00153,0.0,0.0,0.0,0.0,0.12371,0.0,0.0,63.6,0.0,30.5699,0.0,0.0,0,9.82376,0.0,1261.68,0.0,0.0121,0.0,0.0,0.0,0.0,0.0,
2022-09-26 02:45:00,0.0,1620.36,0.0,0,0.0,0.0,0.0,0.0,0.0,0.0,0.0,0.75151,3.5346,8.49844,0.0,7.41943,0.0,0,1194.93,0.0,0.0,0.0,0.0,0.001526,2.24497,0.0,0.0,0.0,0.0,0.0,56.3087,0.0,0.0,958.879,0.0,0.0,0.0,0.0,0.0,0.0,0.0,440.241,701.270019531,0.0,0.0,0.00153,0.0,0.0,0.0,0.0,0.15386,0.0,0.0,62.0,0.0,23.0771,0.0,0.0,0,11.8965,0.0,1259.17,0.0,0.0,0.0,0.0,0.0,0.0,0.0,
2022-09-26 02:50:00,0.0,1601.46,0.0,0,0.0,0.0,0.0,0.0,0.0,0.0,0.0,0.0,2.75395,7.89662,0.0,7.43714,0.0,0,1193.39,0.0,0.0,0.0,0.0,0.001526,0.85999,0.0,0.0,0.0,0.0,0.0,56.2194,0.0,0.0,954.778,0.0,0.0,0.0,0.0,0.0,0.0,0.0,441.682,682.960021973,0.0,0.0,0.00153,0.0,0.0,0.0,0.0,0.12371,0.0,0.0,62.7,0.0,18.287,0.0,0.0,0,12.6949,0.0,1256.92,0.0,0.02513,0.0,0.0,0.0,0.0,0.0,
2022-09-26 02:55:00,0.0,1605.69,0.0,0,0.0,0.0,0.0,0.0,0.0,0.0,0.0,0.4181,3.79461,8.99847,0.0,7.46677,0.0,0,1190.24,0.0,0.0,0.0,0.0,0.001526,1.60998,0.0,0.0,0.30582,0.0,0.0,56.1333,0.0,0.0,961.937,0.0,0.0,0.0,0.0,0.0,0.0,0.0,443.684,632.869995117,0.0,0.0,0.00153,0.0,0.0,0.0,0.0,0.12371,0.0,0.0,62.0,0.0,17.1334,0.0,0.0,0,11.2117,0.0,1266.37,0.0,0.0,0.0,0.0,0.0,0.0,0.0,
2022-09-26 03:00:00,0.0,1605.57,0.0,0,0.0,0.0,0.0,0.0,0.0,0.0,0.0,0.70497,3.01396,8.29931,0.0,7.4521,0.0,0,1196.25,0.0,0.0,0.0,0.0,0.001526,4.04994,0.0,0.0,0.79857,0.0,0.0,56.7178,0.0,0.0,956.536,0.0,0.0,0.0,0.0,0.0,0.0,0.0,440.9,706.650024414,0.0,0.0,0.00153,0.0,0.0,0.0,0.0,0.12371,0.0,0.0,62.6,0.0,14.0462,0.0,0.0,0,12.9659,0.0,1263.54,0.0,0.00093,0.0,0.0,0.0,0.0,0.0,
2022-09-26 03:05:00,0.0,1628.49,0.0,0,0.0,0.0,0.0,0.0,0.0,0.0,0.0,0.46082,4.07477,7.59571,0.0,7.43791,0.0,0,1197.1,0.0,0.0,0.0,0.0,0.001526,4.01494,0.0,0.0,0.0,0.0,0.0,55.838,0.0,0.0,963.585,0.0,0.0,0.0,0.0,0.0,0.0,0.0,449.104,658.25,0.0,0.0,0.00153,0.0,0.0,0.0,0.0,0.13376,0.0,0.0,62.3,0.0,13.409,0.0,0.0,0,12.0101,0.0,1262.64,0.0,0.00093,0.0,0.0,0.0,0.0,0.0,
2022-09-26 03:10:00,0.0,1660.72,0.0,0,0.0,0.0,0.0,0.0,0.0,0.0,0.0,0.19532,5.63302,7.29923,0.0,7.41639,0.0,0,1190.9,0.0,0.0,0.0,0.0,0.001526,1.76997,0.0,0.0,0.0,0.0,0.0,56.0164,0.0,0.0,943.809,0.0,0.0,0.0,0.0,0.0,0.0,0.0,452.277,628.289978027,0.0,0.0,0.00153,0.0,0.0,0.0,0.0,0.15386,0.0,0.0,61.7,0.0,15.7821,0.0,0.0,0,10.472,0.0,1257.7,0.0,5.34931,0.0,0.0,0.0,0.0,0.0,
2022-09-26 03:15:00,0.0,1684.06,0.0,0,0.0,1.39723,0.0,0.0,0.0,0.0,0.0,0.0,4.86397,11.596,0.0,7.43749,0.0,0,1197.98,0.0,0.0,0.0,0.0,0.001526,0.54999,0.0,0.0,0.0,0.0,0.0,56.1333,0.0,0.0,955.272,0.0,0.0,0.0,0.0,0.0,0.0,0.0,442.805,572.440002441,0.0,0.0,0.00153,0.0,0.0,0.0,0.0,0.12371,0.0,0.0,63.5,0.0,15.7272,0.0,0.0,0,8.74342,0.0,1162.95,0.0,14.8509,0.0,0.0,0.0,0.0,0.0,
2022-09-26 03:20:00,0.0,1713.28,0.0,0,0.0,1.70494,0.0,0.0,0.0,0.0,0.0,0.0,2.83391,11.8969,0.0,7.42736,0.0,0,1227.74,0.0,0.0,0.0,0.0,0.001526,0.0,0.0,0.0,0.0,0.0,0.0,57.0408,0.0,0.0,955.583,0.0,0.0,0.0,0.0,0.0,0.0,0.0,440.095,506.350006104,0.0,0.0,0.00153,0.0,0.0,0.0,0.0,0.12371,0.0,0.0,62.9,0.0,16.4633,0.0,0.0,0,7.04051,0.0,1142.61,0.0,15.2754,0.0,0.0,0.0,0.0,0.0,
2022-09-26 03:25:00,0.0,1746.8,0.0,0,0.0,1.42654,0.0,0.0,0.0,0.0,0.0,0.0,0.87587,12.7997,0.0,7.40017,0.0,0,1266.71,0.0,0.0,0.0,0.0,0.001526,0.0,0.0,0.0,0.0,0.0,0.0,56.8931,0.0,0.0,962.029,0.0,0.0,0.0,0.0,0.0,0.0,0.0,442.267,489.809997559,0.0,0.0,0.00153,0.0,0.0,0.0,0.0,0.15386,0.0,0.0,63.5,0.0,24.5164,0.0,0.0,0,4.80293,0.0,1140.71,0.0,10.465,0.0,0.0,0.0,0.0,0.0,
2022-09-26 03:30:00,0.0,1767.82,0.0,0,0.0,0.99429,0.0,0.0,0.0,0.0,0.0,0.0,0.0,12.0961,0.0,7.42382,0.0,0,1249.42,0.0,0.0,0.0,0.0,0.001526,0.0,0.0,0.0,0.0,0.0,0.0,56.7178,0.0,0.0,955.4,0.0,0.0,0.0,0.0,0.0,0.0,0.0,440.266,547.849975586,0.0,0.0,0.00153,0.0,0.0,0.0,0.0,0.12371,0.0,0.0,62.0,0.0,29.5042,0.0,0.0,0,2.92241,0.0,1144.18,0.0,4.14113,0.0,0.0,0.0,0.0,0.0,
2022-09-26 03:35:00,0.0,1777.47,0.0,0,0.0,1.95508,0.0,0.0,0.0,0.0,0.0,0.0,0.20935,12.4987,0.0,7.39312,0.0,0,1224.74,0.0,0.0,0.0,0.0,0.001526,0.0,0.0,0.0,0.0,0.0,0.0,56.5424,0.0,0.0,946.41,0.0,0.0,0.0,0.0,0.0,0.0,0.0,438.337,563.929992676,0.0,0.0,0.00153,0.0,0.0,0.0,0.0,0.12371,0.0,0.0,63.3,0.0,40.9961,0.0,0.0,0,1.71756,0.0,1123.08,0.0,16.1205,0.0,0.0,0.0,0.0,0.0,
2022-09-26 03:40:00,0.0,1781.13,0.0,0,0.0,3.4329,0.0,0.0,0.0,0.0,0.0,0.0,0.23804,14.0962,0.0,7.41338,0.0,0,1242.98,0.0,0.0,0.0,0.0,0.001526,0.0,0.0,0.0,0.0,0.0,0.0,56.3671,0.0,0.0,957.067,0.0,0.0,0.0,0.0,0.0,0.0,0.0,439.118,502.350006104,0.0,0.0,0.00153,0.0,0.0,0.0,0.0,0.12371,0.0,0.0,62.0,0.0,45.2479,0.0,0.0,0,1.40993,0.0,1120.0,0.0,9.2717,0.0,0.0,0.0,0.0,0.0,
2022-09-26 03:45:00,0.0,1772.63,0.0,0,0.0,3.99179,0.0,0.0,0.0,0.0,0.0,0.0,0.0,14.7998,0.0,7.41178,0.0,0,1251.79,0.0,0.0,0.0,0.0,0.001526,0.0,0.0,0.0,0.0,0.0,0.0,56.8347,0.0,0.0,950.035,0.0,0.0,0.0,0.0,0.0,0.0,0.0,438.776,571.489990234,0.0,0.0,0.00153,0.0,0.0,0.0,0.0,0.1639,0.0,0.0,61.7,0.0,57.322,0.0,0.0,0,1.47951,0.0,1111.09,0.0,2.90875,0.0,0.0,0.0,0.0,0.0,
2022-09-26 03:50:00,0.0,1777.98,0.0,0,0.0,4.83327,0.0,0.0,0.0,0.0,0.0,0.0,0.0,17.9992,0.0,7.42071,0.0,0,1242.19,0.0,0.0,0.0,0.0,0.001526,0.0,0.0,0.0,0.0,0.0,0.0,56.8931,0.0,0.0,954.503,0.0,0.0,0.0,0.0,0.0,0.0,0.0,441.193,541.479980469,0.0,0.0,0.00153,0.0,0.0,0.0,0.0,0.08352,0.0,0.0,62.3,0.0,78.4271,0.0,0.0,0,1.22683,0.0,1106.41,0.0,11.4628,0.0,0.0,0.0,0.0,0.0,
2022-09-26 03:55:00,0.99855,1781.74,0.0,0,0.39,4.88979,0.0,0.0,0.0,0.0,0.0,0.0,0.29786,16.5964,0.0,7.42777,0.0,0,1255.94,0.0,0.0,0.0,0.0,0.001526,0.0,0.0,0.0,0.0,0.0,0.0,55.8995,0.0,0.0,953.423,0.0,0.0,0.0,0.0,0.0,0.0,0.0,441.926,467.869995117,0.0,0.0,0.00153,0.0,0.0,0.0,0.0,0.14381,0.0,0.0,62.3,0.0,89.117,0.0,0.0,0,0.40833,0.0,1115.63,0.0,4.14299,0.0,0.0,0.0,0.0,0.0,
2022-09-26 04:00:00,2.6978,1770.49,0.0,0,2.47,5.94269,0.0,0.0,0.0,0.0,0.0,0.0,0.67384,12.5961,0.0,7.40466,0.0,0,1246.69,0.0,0.0,0.0,0.0,0.001526,0.0,0.0,0.0,0.0,0.0,0.0,56.1917,0.0,0.0,951.5,0.0,0.0,0.0,0.0,0.0,0.0,0.0,441.169,498.809997559,0.0,0.0,0.00153,0.0,0.0,0.0,0.0,0.12371,0.0,0.0,61.6,0.0,111.31,0.0,0.0,0,0.0,0.0,1111.46,0.0,0.00093,0.0,0.0,0.0,0.0,0.0,
2022-09-26 04:05:00,2.19974,1752.66,0.0,0,2.92,7.84125,0.0,0.0,0.0,0.0,0.0,0.0,0.16907,9.59587,0.0,7.42006,0.0,0,1280.21,0.0,0.0,0.0,0.0,0.001526,0.0,0.0,0.0,0.0,0.0,0.0,56.2502,0.0,0.0,958.0,0.0,0.0,0.0,0.0,0.0,0.0,0.0,473.494,487.829986572,0.0,0.0,0.00153,0.0,0.0,0.0,0.0,0.13376,0.0,0.0,31.4,0.0,114.177,0.0,0.0,0,0.0,0.0,1108.97,0.0,0.0,0.0,0.0,0.0,0.0,0.0,
2022-09-26 04:10:00,3.19761,1721.88,0.0,0,4.65,7.33259,0.0,0.0,0.0,0.0,0.0,0.0,0.0,6.89654,0.0,7.41417,0.0,0,1321.49,0.0,0.0,0.0,0.0,0.001526,0.0,0.0,0.0,0.0,0.0,0.0,55.2227,0.0,0.0,947.38,0.0,0.0,0.0,0.0,0.0,0.0,0.0,491.926,476.309997559,0.0,0.0,0.00153,0.0,0.0,0.0,0.0,0.13376,0.0,0.0,29.8,0.0,133.92,0.0,0.0,0,0.0,0.0,1108.55,0.0,0.0,0.0,0.0,0.0,0.0,0.0,
2022-09-26 04:15:00,3.49591,1697.46,0.0,0,6.59,6.62299,0.0,0.0,0.0,0.0,0.0,0.0,0.0,5.09995,0.0,7.42921,0.0,0,1309.43,0.0,0.0,0.0,0.0,0.001526,0.0,0.0,0.0,0.0,0.0,0.0,55.5181,0.0,0.0,949.229,0.0,0.0,0.0,0.0,0.0,0.0,0.0,515.486,450.109985352,0.0,0.0,0.00153,0.0,0.0,0.0,0.0,0.13376,0.0,0.0,29.8,0.0,133.261,0.0,0.0,0,0.0,0.0,1108.77,0.0,0.0,0.0,0.0,0.0,0.0,0.0,
2022-09-26 04:20:00,2.6978,1695.83,0.0,0,5.75,6.10177,0.0,0.0,0.0,0.0,0.0,0.0,0.0,5.39643,0.0,7.42495,0.0,0,1285.11,0.0,0.0,0.0,0.0,0.001526,0.0,0.0,0.0,0.0,0.0,0.0,57.4222,0.0,0.0,958.678,0.0,0.0,0.0,0.0,0.0,0.0,0.0,548.446,444.760009766,0.0,0.0,0.00153,0.0,0.0,0.0,0.0,0.12371,0.0,0.0,31.1,0.0,131.591,0.0,0.0,0,0.0,0.0,1116.15,0.0,0.01955,0.0,0.0,0.0,0.0,0.0,
2022-09-26 04:25:00,3.69566,1674.93,0.0,0,5.83,6.39273,0.0,0.0,0.0,0.0,0.0,0.0,0.0,6.99832,0.0,7.4162,0.0,0,1307.8,0.0,0.0,0.0,0.0,0.001526,0.0,0.0,0.0,0.0,0.0,0.0,56.2502,0.0,0.0,955.254,0.0,0.0,0.0,0.0,0.0,0.0,0.0,555.843,481.329986572,0.0,0.0,0.00153,0.0,0.0,0.0,0.0,0.14381,0.0,0.0,30.6,0.0,134.096,0.0,0.0,0,0.0,0.0,1110.12,0.0,0.0,0.0,0.0,0.0,0.0,0.0,
2022-09-26 04:30:00,3.49851,1663.01,0.0,0,5.57,4.95049,0.0,0.0,0.0,0.0,0.0,0.0,0.0,4.89639,0.0,7.41499,0.0,0,1338.48,0.0,0.0,0.0,0.0,0.001526,0.0,0.0,0.0,0.0,0.0,0.0,56.6901,0.0,0.0,950.108,0.0,0.0,0.0,0.0,0.0,0.0,0.0,553.671,502.959991455,0.0,0.0,0.00153,0.0,0.0,0.0,0.0,0.13376,0.0,0.0,29.8,0.0,127.174,0.0,0.0,0,0.0,0.0,1110.9,0.0,0.0,0.0,0.0,0.0,0.0,0.0,
2022-09-26 04:35:00,5.79743,1694.39,0.0,0,6.27,3.82329,0.0,0.0,0.0,0.0,0.0,0.0,0.0,6.29915,0.0,7.42366,0.0,0,1323.15,0.0,0.0,0.0,0.0,0.001526,0.0,0.0,0.0,0.0,0.0,0.0,56.7486,0.0,0.0,974.334,0.0,0.0,0.0,0.0,0.0,0.0,0.0,571.64,417.730010986,0.0,0.0,0.00153,0.0,0.0,0.0,0.0,0.13376,0.0,0.0,32.1,0.0,122.109,0.0,0.0,0,0.0,0.0,1122.98,0.0,0.00093,0.0,0.0,0.0,0.0,0.0,
2022-09-26 04:40:00,4.89365,1702.32,0.0,0,5.62,5.26553,0.0,0.0,0.0,0.0,0.0,0.0,0.0,8.29931,0.0,7.42254,0.0,0,1345.78,0.0,0.0,0.0,0.0,0.001526,0.0,0.0,0.0,0.0,0.0,0.0,56.5148,0.0,0.0,957.671,0.0,0.0,0.0,0.0,0.0,0.0,0.0,555.575,452.350006104,0.0,0.0,0.00153,0.0,0.0,0.0,0.0,0.13376,0.0,0.0,31.0,0.0,128.46,0.0,0.0,0,0.0,0.0,1132.58,0.0,0.00093,0.0,0.0,0.0,0.0,0.0,
2022-09-26 04:45:00,3.89799,1716.14,0.0,0,5.6,5.76372,0.0,0.0,0.0,0.0,0.0,0.0,0.0,7.69749,0.0,7.43376,0.0,0,1347.64,0.0,0.0,0.0,0.0,0.001526,0.0,0.0,0.0,0.0,0.0,0.0,56.0441,0.0,0.0,956.188,0.0,0.0,0.0,0.0,0.0,0.0,0.0,552.01,417.609985352,0.0,0.0,0.00153,0.0,0.0,0.0,0.0,0.13376,0.0,0.0,30.9,0.0,131.426,0.0,0.0,0,0.0,0.0,1146.98,0.0,0.0,0.0,0.0,0.0,0.0,0.0,
2022-09-26 04:50:00,2.79934,1729.45,0.0,0,6.23,6.88359,0.0,0.0,0.0,0.0,0.0,0.0,0.0,6.59564,0.0,7.40928,0.0,0,1349.08,0.0,0.0,0.0,0.0,0.001526,0.0,0.0,0.0,0.0,0.0,0.0,56.2502,0.0,0.0,959.502,0.0,0.0,0.0,0.0,0.0,0.0,0.0,560.165,446.260009766,0.0,0.0,0.00153,0.0,0.0,0.0,0.0,0.12371,0.0,0.0,31.1,0.0,133.184,0.0,0.0,0,0.0,0.0,1162.63,0.0,0.0,0.0,0.0,0.0,0.0,0.0,
2022-09-26 04:55:00,2.29472,1718.34,0.0,0,5.51,9.71051,0.0,0.0,0.0,0.0,0.0,0.0,0.0,6.49828,0.0,7.41781,0.0,0,1343.49,0.0,0.0,0.0,0.0,0.001526,0.0,0.0,0.0,0.0,0.0,0.0,56.1025,0.0,0.0,955.382,0.0,0.0,0.0,0.0,0.0,0.0,0.0,552.157,465.5,0.0,0.0,0.00153,0.0,0.0,0.0,0.0,0.12371,0.0,0.0,29.9,0.0,141.094,0.0,0.0,0,0.0,0.0,1174.99,0.0,0.0,0.0,0.0,0.0,0.0,0.0,
2022-09-26 05:00:00,2.89532,1728.37,0.0,0,4.01,10.6232,0.0,0.0,0.0,0.0,0.0,0.0,0.0,9.59587,0.0,7.42481,0.0,0,1346.2,0.0,0.0,0.0,0.0,0.001526,0.0,0.0,0.0,0.0,0.0,0.0,55.5765,0.0,0.0,955.492,0.0,0.0,0.0,0.0,0.0,0.0,0.0,557.186,416.690002441,0.0,0.0,0.00153,0.0,0.0,0.0,0.0,0.14381,0.0,0.0,30.0,0.0,147.477,0.0,0.0,0,0.0,0.0,1189.51,0.0,0.0,0.0,0.0,0.0,0.0,0.0,
2022-09-26 05:05:00,3.0972,1757.84,0.0,0,2.46,10.1313,0.0,0.0,0.0,0.0,0.0,0.0,0.0,9.99855,0.0,7.40737,0.0,0,1376.28,0.0,0.0,0.0,0.0,0.001526,0.0,0.0,0.0,0.0,0.0,0.0,56.2779,0.0,0.0,963.933,0.0,0.0,0.0,0.0,0.0,0.0,0.0,559.994,456.640014648,0.0,0.0,0.00153,0.0,0.0,0.0,0.0,0.14381,0.0,0.0,30.5,0.0,154.388,0.0,0.0,0,0.0,0.0,1201.38,0.0,0.00093,0.0,0.0,0.0,0.0,0.0,
2022-09-26 05:10:00,2.99741,1790.8,0.0,0,1.68,9.72934,0.0,0.0,0.0,0.0,0.0,0.0,0.0,10.9986,0.0,7.39018,0.0,0,1404.23,0.0,0.0,0.0,0.0,0.001526,0.0,0.0,0.0,0.0,0.0,0.0,57.656,0.0,0.0,952.672,0.0,0.0,0.0,0.0,0.0,0.0,0.0,560.555,414.029998779,0.0,0.0,0.00153,0.0,0.0,0.0,0.0,0.12371,0.0,0.0,30.7,0.0,156.563,0.0,0.0,0,0.0,0.0,1214.71,0.0,0.00093,0.0,0.0,0.0,0.0,0.0,
2022-09-26 05:15:00,3.29839,1819.8,0.0,0,0.9,10.0098,0.0,0.0,0.0,0.0,0.0,0.0,0.0,12.7997,0.0,7.42282,0.0,0,1424.57,0.0,0.0,0.0,0.0,0.001526,0.0,0.0,0.0,0.0,0.0,0.0,57.0992,0.01,0.0,946.391,0.0,0.0,0.0,0.0,0.0,0.0,0.0,557.406,456.160003662,0.0,0.0,0.00153,0.0,0.0,0.0,0.0,0.12371,0.0,0.0,29.2,0.0,154.3,0.0,0.0,0,0.0,0.0,1231.43,0.0,0.0,0.0,0.0,0.0,0.0,0.0,
2022-09-26 05:20:00,4.29488,1849.88,0.0,0,0.42,8.63877,0.0,0.0,0.0,0.0,0.0,3.35546,0.0,15.499,0.0,7.41856,0.0,0,1432.53,0.0,0.0,0.0,0.0,0.001526,0.0,0.0,0.0,0.0,0.0,0.0,56.807,0.0,0.0,959.246,0.0,0.0,0.0,0.0,0.0,0.0,0.0,564.608,399.600006104,0.0,0.0,0.00153,0.0,0.0,0.0,0.0,0.17395,0.0,0.0,30.8,0.0,155.431,0.0,0.0,0,0.0,0.0,1245.89,0.0,0.0,0.0,0.0,0.0,0.0,0.0,
2022-09-26 05:25:00,3.49454,1850.64,0.0,0,0.0,8.63249,0.0,0.0,6.81456,0.0,0.0,2.65431,0.0,17.6982,0.0,7.41435,0.0,0,1432.75,0.0,0.0,0.0,0.0,0.001526,0.0,0.0,0.0,0.0,0.0,0.0,57.0715,0.0,0.0,960.253,0.0,0.0,0.0,0.0,0.0,0.0,0.0,562.24,492.380004883,0.0,0.0,0.00153,0.0,0.0,0.0,0.0,0.12371,0.0,0.0,31.0,0.0,155.508,0.0,0.0,0,0.0,0.0,1258.12,0.0,0.0,0.0,0.0,0.0,0.0,0.0,
2022-09-26 05:30:00,2.89883,1840.14,0.0,0,0.0,9.53258,0.0,0.0,8.71693,0.0,0.0,2.10727,0.0,17.3973,0.0,7.41775,0.0,0,1419.25,0.0,0.0,0.0,0.0,0.001526,0.0,0.0,0.0,0.0,0.0,0.0,57.1577,0.0,0.0,955.95,0.0,0.0,0.0,0.0,0.0,0.0,0.0,550.106,544.400024414,0.0,0.0,0.00153,0.0,0.0,0.0,0.0,0.04333,0.0,0.0,29.2,0.0,154.047,0.0,0.0,0,0.0,0.0,1255.95,0.0,0.0,0.0,0.59327,0.0,0.0,0.0,
2022-09-26 05:35:00,1.69459,1868.34,0.0,0,0.0,11.1297,0.0,0.0,12.3225,0.0,0.0,0.87434,0.0,19.4993,0.0,7.42708,0.0,0,1400.3,0.0,0.0,0.0,0.0,0.001526,0.0,0.0,0.0,0.0,0.0,0.0,56.7178,0.0,0.0,965.709,0.0,0.0,0.0,0.0,0.0,0.0,0.0,587.338,578.08001709,0.0,0.0,0.00153,0.0,0.0,0.0,0.0,0.14381,0.0,0.0,30.8,0.0,151.773,0.0,0.0,0,0.0,0.0,1235.98,0.0,0.0,0.0,0.93605,0.0,0.0,0.0,
2022-09-26 05:40:00,1.09621,1854.11,0.0,0,0.0,12.5301,0.0,0.0,15.2053,0.0,0.0,0.0,0.0,15.5963,0.0,7.42667,0.0,0,1358.07,0.0,0.0,0.0,0.0,0.001526,0.0,0.0,0.0,0.0,0.0,0.0,57.6868,0.0,0.0,958.568,0.0,0.0,0.0,0.26059,0.0,0.0,0.0,610.727,646.66998291,0.0,0.0,0.00153,0.0,0.0,0.0,0.0,0.15386,0.0,0.0,29.3,0.0,134.931,0.0,0.0,0,0.0,0.0,1217.52,0.0,0.0,0.0,3.23003,0.0,0.0,0.0,
2022-09-26 05:45:00,0.0,1869.76,0.0,0,0.0,13.853,0.0,0.0,13.2365,0.0,0.0,1.52285,0.0,15.499,0.0,7.44576,0.0,0,1330.7,0.0,0.0,0.63699,0.0,0.001526,0.0,0.0,0.0,0.0,0.0,0.0,57.2746,0.0,0.0,962.249,0.0,0.0,0.0,0.50801,0.0,0.0,0.0,646.445,558.570007324,0.0,0.0,0.00153,0.0,0.0,0.0,0.0,0.00565,0.0,0.0,30.7,0.0,123.56,0.0,0.0,0,0.0,0.0,1241.15,0.0,0.00093,0.0,4.02106,0.15015,0.0,0.0,
2022-09-26 05:50:00,0.0,1860.8,0.0,0,0.0,16.8736,0.0,0.0,14.4826,0.0,0.0,2.03784,0.0,15.499,0.0,7.44543,0.0,0,1297.47,0.0,0.0,0.72259,0.0,0.001526,0.0,0.0,0.0,0.0,0.0,0.0,56.3087,0.0,0.0,964.354,0.0,0.0,0.0,1.00286,0.0,0.0,0.0,676.548,616.690002441,0.0,0.0,0.00153,0.0,0.0,0.0,0.0,0.12371,0.0,0.0,31.3,0.0,116.418,0.0,0.0,0,0.0,0.0,1262.86,0.0,0.00093,0.0,4.85603,0.25025,0.0,0.0,
2022-09-26 05:55:00,0.0,1862.87,0.19249,0,0.0,17.7004,0.0,0.0,19.2679,0.0,0.0,1.73419,0.0,13.9989,0.0,7.47811,0.0,0,1301.2,0.0,0.0,1.49805,0.0,0.001526,0.0,0.0,0.0,0.0,0.0,0.0,57.3915,0.0,0.0,959.96,0.0,0.0,0.0,1.26608,0.0,0.0,0.684,700.67,733.309997559,0.0,0.0,0.00153,0.0,0.0,0.0,0.0,0.08352,0.0,0.0,30.0,0.0,115.32,0.0,0.0,0,0.0,0.0,1260.93,0.0,0.00093,0.0,5.05818,0.48952,0.0,0.0,
2022-09-26 06:00:00,0.0,1861.67,1.14035,0,0.0,16.3816,0.0,0.0,20.8382,0.0,0.0,1.04829,0.13855,12.397,0.0,7.46703,0.0,0,1327.64,0.0,0.0,2.51019,0.0,0.001526,0.0,0.0,0.0,0.0,0.0,0.0,56.2779,0.0,0.0,956.243,0.0,0.0,0.0,2.15049,0.0,0.0,1.302,694.859,712.179992676,0.11,0.0,0.09918,0.0,0.0,0.0,0.0,0.08352,0.0,0.0,29.8,0.0,98.2907,0.0,0.0,0,0.0,0.0,1256.75,0.0,0.00093,1.02846,6.7545,0.74953,0.0,0.0,
2022-09-26 06:05:00,0.0,1854.47,1.8705,0,0.0,17.6543,0.25086,0.0,18.0218,0.0,0.0,0.0,0.10925,10.1977,0.0,7.47472,0.0,0,1342.61,0.0,0.0,3.54246,0.0,0.001526,0.0,0.0,0.0,0.48515,0.0,0.0,56.6316,0.08,0.0,953.166,0.0,0.0,0.0,7.80968,0.0,0.0,2.38,699.767,770.559997559,0.54,0.0,0.19989,0.0,0.0,0.26597,0.0,0.12371,0.0,0.0,29.8,0.0,92.2481,0.0,0.0,0,0.0,0.0,1259.44,0.0,0.0,1.69375,9.31215,1.04007,1.06752,0.0,
2022-09-26 06:10:00,0.0,1848.59,2.74136,0,0.0,19.1908,0.63172,0.0,16.8421,0.0,0.0,0.0,0.14832,10.1977,0.0,7.48774,0.0,0,1362.97,0.0,0.0,4.64523,0.32837,0.099184,0.33499,0.275,0.0,1.04454,0.0,0.0,56.7178,0.14,0.13605,967.431,0.0,0.0,0.0,11.1262,0.0,0.65553,3.78,710.68,828.140014648,1.25,0.0,0.40131,0.0,0.0,0.60767,0.0,0.08352,0.0,0.0,31.3,0.0,75.1421,0.0,0.0,0,0.0,0.0,1262.42,0.0,0.0,2.89616,10.2174,1.39042,2.12833,0.0,
2022-09-26 06:15:00,0.0,1820.68,3.1821,0,0.0,17.6522,1.07118,0.0,16.9749,0.0,0.0,0.0,0.0,8.8967,0.31824,7.46462,0.0,0,1386.14,0.0,0.0,12.1632,0.76783,0.300603,0.55499,0.39499,0.0,0.75492,0.0,0.0,57.1577,0.24,0.35022,951.463,0.0,0.0,0.678,15.4641,0.173001,0.71412,6.962,684.263,915.390014648,2.13,0.0,0.70039,0.0,0.0,1.17151,0.0,0.12371,0.0,0.0,29.3,0.0,67.0671,0.0,0.0,0,0.0,0.0,1258.17,0.0,0.0,4.42206,9.80435,1.77007,3.17876,0.0,
2022-09-26 06:20:00,0.0,1826.05,3.24051,0,0.0,16.2916,0.77089,0.0,17.76,0.0,0.0,0.0,0.0,11.8969,0.31824,7.46463,0.0,0,1424.81,0.0,0.0,17.2792,0.48463,0.49897,0.62999,0.75499,0.0,0.20108,0.0,0.04728,56.2194,0.19,0.56995,969.115,0.0,0.0,1.257,19.5282,0.374001,1.53445,10.188,709.85,862.450012207,2.23,0.0,0.70039,0.0,0.0,1.39294,0.0,0.08352,0.0,0.0,31.5,0.0,44.6326,0.0,2.84123,0,0.0,0.0,1258.34,0.19898,0.00093,5.56954,9.47036,2.17048,1.90127,0.0,
2022-09-26 06:25:00,0.0,1808.21,5.37253,0,0.0,14.6526,0.90272,0.0,17.5647,0.0,0.0,0.0,0.0,8.99847,0.4185,7.42967,0.0,0,1447.81,0.0,1.51064,25.7892,0.5774,0.59968,0.35499,1.39498,0.0,0.0,0.0,0.21117,55.958,0.26,0.56995,956.188,0.0,0.0,1.288,24.1661,0.474001,2.17411,3.252,696.324,920.820007324,2.31,0.0,0.8011,0.0,0.0,1.86336,0.0,0.12371,0.0,0.0,31.1,0.0,36.8652,0.0,4.63569,0,0.0,0.0,1264.25,0.43336,0.00093,9.88479,9.00453,2.65023,0.49683,0.0,
2022-09-26 06:30:00,0.0,1808.06,7.14081,0,0.0,12.2726,0.98329,0.0,15.5959,0.79995,0.0,0.0,0.0,4.99817,0.51875,0.0,0.0,0,1473.35,0.0,2.66423,31.0362,0.83864,0.300603,0.0,1.90497,0.0,0.0,0.0,0.47376,55.8103,0.44,0.78061,955.199,0.0,0.0,1.421,28.5197,0.524001,2.42313,16.852,699.791,981.190002441,2.37,0.0,0.99947,1.029,0.0,2.07765,0.0,0.00565,0.0,0.0,30.4,0.0,24.5493,0.0,8.60914,0,0.0,0.0,1261.42,0.30884,0.0,8.56031,6.49961,3.13974,0.0,0.0,
2022-09-26 06:35:00,0.0,1803.3,7.58155,0,0.0,11.2114,1.21035,0.0,13.5647,1.10208,0.0,0.0,0.0,5.89647,0.72262,0.0,0.0,0,1498.96,0.0,4.39155,43.0156,1.04128,0.300603,0.0,0.97499,0.0,0.0,0.0,0.92566,57.0715,0.67,0.78061,953.771,0.0,0.0,1.575,33.1944,0.524001,2.55741,19.548,694.517,1003.59002686,2.98,0.0,1.10018,1.004,0.0,2.73523,0.0,0.14381,0.0,0.0,29.4,0.0,16.4413,0.0,25.742,0,0.0,0.0,1257.61,0.38941,0.0,18.6496,3.0103,3.73058,0.0,0.0,
2022-09-26 06:40:00,0.0,1808.55,4.60256,0,0.0,9.49072,2.03067,0.0,12.256,1.10208,0.0,0.0,0.0,3.89631,1.13517,0.0,0.0,0,1483.19,0.0,6.36301,48.2323,1.2195,0.300603,0.0,2.16497,0.0,0.0,0.0,1.25862,56.4255,0.57,0.88528,955.51,0.0,0.0,1.243,38.0061,0.474001,3.32403,20.844,693.443,912.900024414,3.65,0.0,1.20089,0.908002,0.0,3.0749,0.0,0.00565,0.0,0.0,29.6,0.0,18.6276,0.0,28.9207,0,0.0,0.0,1257.73,0.68482,0.00093,32.8222,3.27398,4.27992,0.0,0.0,
2022-09-26 06:45:00,0.0,1808.28,5.61149,0,0.0,9.33163,3.65301,0.0,9.5021,2.0016,0.0,0.0,0.0,2.99802,1.43757,0.0,0.0,0,1454.14,0.0,7.10155,39.3145,1.01442,0.300603,0.0,1.22498,0.0,0.00034,0.0,1.80006,55.8688,0.86,1.10259,953.935,0.0,0.0,1.326,42.3439,0.474001,2.83574,30.126,693.516,950.150024414,4.96,0.0,0.99947,0.954002,0.0,3.52558,0.0,0.00565,0.0,0.0,29.0,0.0,27.4388,0.0,60.4691,0,0.0,0.0,1261.51,1.02419,0.00093,50.0282,4.19684,4.96963,0.0,0.0,
2022-09-26 06:50:00,0.0,1811.97,29.1301,0,0.0,7.22165,4.74067,1.09998,8.19348,2.90112,0.0,1.21309,0.0,3.09979,1.53901,0.0,0.0,0,1472.1,0.0,5.98459,51.0975,0.81666,0.300603,0.0,0.83499,0.0,0.33121,0.0,2.64832,57.3638,1.42,1.10259,949.504,0.0,0.0,1.445,46.7028,0.574001,2.76493,35.13,695.225,954.75,7.68,0.0,0.89876,0.863002,0.0,5.74539,0.0,0.12371,0.0,0.0,28.1,0.0,33.8109,0.0,63.1437,0,0.0,0.0,1261.29,1.6321,0.0,59.0188,4.30231,5.58,0.0,0.0,
2022-09-26 06:55:00,0.0,1814.55,35.5819,0,0.0,5.52195,7.28222,1.69997,6.42393,3.40238,0.0,2.16831,0.0,4.79904,1.12563,0.0,0.0,0,1445.59,0.0,4.87373,48.7661,0.98512,0.401312,0.0,1.17498,0.0,0.57163,0.0,3.11629,56.4255,1.53,1.10259,955.126,0.0,0.0,0.832,50.5879,0.574001,3.14824,38.932,699.889,910.890014648,8.21,1.25,1.10018,0.823002,2.39414,4.79732,0.0,0.12371,0.0,0.0,28.6,0.0,37.2058,0.0,48.0018,0,0.0,0.0,1260.27,2.05203,0.0,27.1397,2.98393,6.19037,0.0,0.0,
2022-09-26 07:00:00,1.6968,1822.34,29.3611,0,0.0,4.68256,8.03296,1.29998,0.0,3.99977,0.0,1.54192,0.0,7.19745,0.91664,0.0,0.0,0,1430.53,0.0,5.14229,47.759,1.69802,0.700389,0.72999,1.29498,0.0,0.72001,0.0,3.59232,56.1917,1.62,1.41606,964.611,2.88533,0.31595,0.778,54.6678,0.574001,5.24544,38.462,709.728,890.130004883,6.92,2.0,1.70138,0.854002,3.30053,5.58966,0.0,0.08352,0.0,0.0,31.6,0.0,37.2058,0.61799,34.005,0,0.25452,0.0,1262.05,2.73564,0.00093,26.0532,2.01712,6.39058,0.0,0.0,
2022-09-26 07:05:00,3.0972,1809.79,41.5903,0,0.0,3.94156,8.96315,0.0,0.0,5.70268,0.0,0.03052,0.0,8.19753,0.91664,0.0,0.0,0,1440.46,0.0,7.14427,41.1927,2.60624,0.999466,1.03998,1.55498,0.0,1.13024,0.0,4.52915,57.0131,1.64,1.74227,957.909,3.94278,0.49119,0.861,60.1427,0.574001,2.7747,33.55,689.586,1001.48999023,6.26,2.5,2.40024,1.36,3.1632,5.34204,0.0,0.00565,0.0,0.0,29.2,0.0,34.2834,1.88144,16.1544,0,0.0,0.0,1260.98,2.83085,0.00093,30.8507,1.90286,6.90939,0.0,0.0,
2022-09-26 07:10:00,4.29702,1791.36,48.1218,0,0.0,2.27116,9.43191,1.09998,0.0,9.80201,0.0,0.0,0.0,6.99832,0.81638,0.0,0.0,0,1415.24,0.0,9.37819,75.8721,2.47929,0.999466,0.40499,2.33496,0.0,1.23259,0.0,4.34739,57.0408,2.19,1.96134,944.761,3.62051,0.43101,1.173,63.6067,0.574001,2.1619,35.124,683.799,1101.65002441,5.27,2.25,2.80003,5.063,2.55894,5.74387,0.0,0.12371,0.0,0.0,28.2,0.0,32.2179,1.62509,13.7276,0,0.0,0.0,1259.29,3.1873,0.01024,22.4155,2.99272,7.85058,0.0,0.0,
2022-09-26 07:15:00,5.69566,1832.23,50.3414,0,0.0,0.00837,8.80201,2.09997,0.0,11.2989,0.0,0.0,0.0,7.39658,0.71411,0.0,0.0,0,1395.57,0.0,11.9295,93.7027,3.57305,1.29854,0.43499,2.10497,0.0,1.36034,0.0,2.79808,57.3638,2.88,2.48384,967.028,2.5832,0.36905,1.331,66.2125,0.624001,2.22049,43.944,714.781,993.099975586,4.83,2.0,3.09911,6.28,2.19272,6.19431,0.0,0.13376,0.0,0.0,31.6,0.0,31.8553,1.20394,20.0766,0,0.0,0.0,1259.51,3.18975,0.00093,25.0889,3.15093,8.62941,0.0,0.0,
2022-09-26 07:20:00,8.09575,1787.31,41.362,0,0.0,0.0,9.47219,2.29996,0.0,9.30076,0.0,0.0,0.0,6.89654,0.61248,0.0,0.0,0,1407.53,0.0,14.6578,93.748,3.62676,1.39925,0.48499,1.82497,0.0,0.83745,0.0,2.30541,56.7178,3.57,2.71309,949.797,2.62348,0.26108,1.128,62.5433,0.875001,1.69314,53.944,653.599,1148.73999023,5.06,3.25,3.19982,6.947,1.71664,5.76503,0.0,0.12371,0.0,0.0,28.0,0.0,30.8995,0.81941,25.7847,0,0.0,0.0,1260.78,2.76982,0.02513,27.4021,2.26322,9.2703,0.0,0.0,
2022-09-26 07:25:00,9.69367,1817.41,23.3208,0,0.0,0.0,8.88258,1.09998,0.0,8.7995,0.0,0.0,0.0,6.99832,0.5101,0.0,0.0,0,1391.0,0.0,9.47585,71.6473,4.58625,0.999466,0.0,2.20497,0.0,0.0,0.0,2.74816,56.2194,3.92,2.82086,957.781,3.99313,0.44517,1.568,65.5282,4.084,1.7615,53.242,686.192,1106.97998047,4.69,7.75,4.1001,7.325,0.0,5.24016,0.0,0.00565,0.0,0.0,30.4,0.0,32.4047,0.92012,34.2699,0,0.0,0.0,1237.03,3.15557,0.00093,45.0172,1.0591,9.26054,0.0,0.0,
2022-09-26 07:30:00,10.1983,1818.44,16.8318,0,0.0,0.0,8.2417,0.0,0.0,8.20211,0.0,0.0,0.0,6.29915,0.5101,0.0,0.0,0,1353.77,0.0,6.1677,34.8732,4.90852,0.801099,0.0,3.11495,0.0,0.0,0.0,3.1927,56.6316,4.23,2.5911,964.611,5.00023,0.68235,1.568,65.3123,4.493,1.62722,53.89,704.869,1165.73999023,4.71,10.61,4.30152,7.809,0.0,5.3093,0.0,0.08352,0.0,0.0,30.5,0.0,30.6468,1.95468,53.2058,0,0.0,0.0,1233.27,2.78202,0.00093,46.7567,0.0,8.62941,0.0,0.0,
2022-09-26 07:35:00,7.79514,1832.3,38.8503,0,0.0,0.59552,8.12085,1.59998,0.0,7.59785,0.0,0.0,0.0,5.09995,0.71699,0.0,0.0,0,1402.43,0.0,6.36301,74.306,4.12726,0.898756,0.0,2.51496,0.0,0.0,0.0,3.22662,57.3638,3.83,2.35981,969.17,6.02747,0.86113,1.61,70.7083,5.399,1.6614,53.7,689.293,1149.10998535,4.71,18.307,3.5996,8.717,0.0,6.70572,0.0,0.08352,0.0,0.0,31.8,0.0,36.3928,3.05333,20.2561,0,0.0,0.0,1264.05,2.61112,0.47005,58.4756,0.0,10.9696,0.0,0.0,
2022-09-26 07:40:00,5.89356,1791.97,22.9305,0,0.0,0.68553,9.44289,2.59996,0.0,11.0998,0.0,0.0,0.0,3.89631,1.89658,0.0,0.0,0,1417.93,0.0,15.8236,48.182,2.0618,1.60067,0.315,2.00497,0.0,0.0,0.0,4.65562,56.4563,3.77,2.35981,937.309,5.69512,0.80272,1.596,71.6717,5.024,1.21462,53.428,637.681,1260.44995117,4.71,10.255,2.90074,9.534,0.0,7.91208,0.0,0.12371,0.0,0.0,28.0,0.0,38.1067,3.38293,14.8983,0,0.0,0.0,1265.69,2.52079,0.00093,28.9525,0.0,11.8497,0.0,0.0,
2022-09-26 07:45:00,4.49538,1809.5,31.9816,0,0.0,0.49505,11.5816,3.59995,0.0,17.8016,55.2172,0.0,0.0,2.79889,2.96141,0.0,0.0,0,1394.22,0.0,39.5605,20.1041,3.32891,1.79904,0.0,2.06497,0.0,0.0,0.0,7.30189,56.6593,3.09,2.83571,957.982,4.98009,0.67881,1.608,67.297,6.088,1.36355,36.404,602.377,1199.23999023,4.71,7.423,2.90074,10.185,0.0,8.74425,0.0,0.12371,0.0,0.0,29.5,0.0,41.4685,2.43992,17.3849,0,0.0,0.0,1257.39,3.346,0.00093,24.5518,0.0,10.9403,0.0,0.0,
2022-09-26 07:50:00,3.19745,1819.1,37.6396,0,0.0,0.0,13.2625,3.89994,0.0,47.4033,114.815,0.0,0.0,1.69703,3.57939,0.0,0.0,0,1366.78,0.0,40.3174,35.3214,5.93881,1.79904,0.0,2.26497,0.0,0.0,0.0,8.95437,56.2779,2.89,3.65862,958.733,5.71527,0.66642,1.621,71.2294,2.507,1.73465,32.084,587.997,1189.79003906,6.31,7.3745,5.10109,3.836,0.0,9.6887,0.0,0.04333,0.0,0.0,30.6,0.0,44.2042,2.05539,19.8459,0,0.0,0.0,1260.24,3.64141,0.00093,26.2547,0.0,9.40947,0.0,0.0,
2022-09-26 07:55:00,1.19424,1819.49,50.2618,0,0.6,0.0,14.6102,3.29995,0.0,16.2017,174.036,0.0,0.0,0.69696,4.30848,0.0,0.0,0,1375.38,0.0,35.9777,22.0478,10.6728,2.90074,0.0,2.51496,0.0,0.0,0.0,12.735,56.3363,3.8,4.15181,956.352,6.813,0.78148,1.602,59.3478,3.653,2.01785,32.21,575.912,1106.38000488,6.70818,6.209,8.40009,11.084,0.0,12.3237,0.0,0.12371,0.0,0.0,29.6,0.0,43.2593,2.1561,22.4607,0,0.0,0.0,1262.22,4.12238,0.00093,28.5191,0.0,7.46971,0.0,0.0,
2022-09-26 08:00:00,1.29328,1819.24,28.2699,0,1.0,0.0,16.3021,5.19992,0.0,14.4987,171.894,0.0,0.0,0.39605,4.93082,0.0,0.0,0,1359.55,0.0,35.9533,29.8981,10.5629,2.90074,0.0,2.27497,0.0,0.0,0.0,17.7009,56.1917,4.94,4.6423,971.514,6.813,0.75669,1.671,46.4343,3.262,2.44266,13.562,573.69,1066.56005859,7.80273,5.484,7.30144,7.335,0.0,14.5951,0.0,0.12371,0.0,0.0,31.7,0.0,41.7542,1.149,22.6658,0,0.0,0.0,1257.24,4.8011,0.30065,35.3918,0.0,13.3598,0.0,0.0,
2022-09-26 08:05:00,0.69757,1817.09,25.5617,0,1.26,0.0,17.2323,7.99988,0.0,15.3983,168.993,0.0,0.0,0.99786,4.72269,0.0,0.0,0,1386.04,0.0,103.838,76.4411,11.1879,3.09911,0.0,2.43496,0.0,0.0,0.0,22.869,56.0164,5.48,5.77152,959.886,6.93385,0.84697,1.698,50.809,5.67,2.4622,14.09,560.36,1034.70996094,32.6382,5.3315,7.70123,11.265,0.0,17.2538,0.0,0.12371,0.0,0.0,30.0,0.0,31.8993,0.92927,27.0066,0,0.0,0.0,1263.76,5.28939,0.00093,33.695,0.0,7.73949,0.0,0.0,
2022-09-26 08:10:00,0.0,1824.2,17.3814,0,1.87,0.0,17.5912,9.29986,0.0,14.1005,167.774,0.0,0.0,1.09964,4.2089,0.0,0.0,0,1430.19,0.0,80.6805,40.3719,10.9706,3.19982,0.0,2.42496,0.0,0.0,0.0,26.2769,56.4255,5.48,6.45786,962.047,8.16251,0.90715,2.739,68.0656,5.5,2.4036,14.108,565.731,900.150024414,27.1573,5.222,6.99931,11.325,0.0,19.7624,0.0,0.08352,0.0,0.0,29.9,0.0,31.1083,0.95674,32.6293,0,0.26551,0.0,1265.13,5.68734,0.0,45.5299,0.0,9.54985,0.0,0.0,
2022-09-26 08:15:00,0.29961,1807.94,16.6699,0,3.26,0.0,17.6498,8.59987,0.0,16.5999,166.807,0.0,0.0,1.19699,5.39315,0.0,0.0,0,1410.58,0.0,44.5899,32.3555,10.0478,4.60059,0.0,3.23495,0.0,0.0,0.0,30.0114,56.5424,5.06,6.81472,952.379,10.2976,1.14788,3.891,69.1342,5.412,2.67704,15.028,560.873,892.539978027,16.88,7.117,7.10002,11.322,0.0,18.3223,0.0,0.14381,0.0,0.0,31.1,0.0,26.6587,1.16732,26.3487,0,0.27649,0.0,1262.86,5.67025,0.0,73.7591,0.0,6.43941,0.0,0.0,
2022-09-26 08:20:00,0.0,1824.32,18.6107,0,4.99,0.0,18.58,11.3998,0.0,20.6031,166.807,0.0,0.0,1.89616,6.11558,0.0,0.0,0,1387.95,0.0,55.198,68.5454,8.55848,6.09903,0.0,2.97495,0.0,0.0,0.0,23.2899,55.6626,7.01,7.17568,962.78,10.7105,1.26293,4.807,56.7156,7.22,3.41924,12.444,572.445,840.679992676,16.5,6.25,6.09903,11.596,0.0,19.8299,0.0,0.00565,0.0,0.0,31.6,0.0,27.5157,1.8265,21.1191,0,0.32776,0.0,1236.27,5.76791,0.00093,36.643,0.0,9.2996,0.0,0.0,
2022-09-26 08:25:00,0.0,1812.97,11.3119,0,6.1,0.0,19.3124,12.7998,0.0,27.4971,167.019,0.0,0.0,3.09979,6.84928,0.0,0.0,0,1353.04,0.0,49.1981,93.9393,6.57603,5.29946,0.0,2.54496,0.0,0.0,0.0,16.1173,56.0164,9.56,7.17568,964.977,9.66308,1.25939,6.041,70.0292,7.121,4.75227,12.272,564.144,815.780029297,17.08,6.25,5.60159,11.809,4.42664,18.9575,0.0,0.08352,0.0,0.0,31.4,0.0,26.3511,1.80819,29.0147,0,0.50721,0.0,1214.17,5.85092,0.00093,22.2873,0.0,7.19993,0.0,0.0,
2022-09-26 08:30:00,0.29541,1814.92,13.6112,0,4.69,0.0,20.7407,15.7998,0.0,37.5017,167.228,0.0,0.0,2.49798,7.11731,0.0,0.0,0,1373.64,0.0,35.3185,28.3976,6.90806,5.19875,0.0,2.65496,0.0,0.0,0.0,9.06957,56.0749,11.49,6.90637,968.2,9.74365,1.19213,6.436,74.8408,7.298,5.63119,13.124,561.727,799.789978027,13.26,9.75,6.09903,12.678,4.17029,19.3315,0.0,0.12371,0.0,0.0,30.8,0.0,28.5374,1.94553,82.6947,0,0.2948,0.0,1232.51,6.07797,0.0,18.8327,0.0,5.33952,0.0,0.0,
2022-09-26 08:35:00,0.59792,1830.45,19.8612,0,3.62,0.0,23.1504,6.6999,0.0,49.4015,116.456,0.0,0.0,1.89616,4.66714,0.0,0.0,0,1363.41,0.0,41.9287,21.8363,6.90074,5.69924,0.0,2.71496,0.0,0.0,0.0,15.2622,56.0441,15.35,6.27072,961.901,12.5132,1.3886,8.88,67.3654,7.725,6.33433,13.094,568.319,885.5,12.06,9.5,5.69924,12.997,2.11032,21.4611,0.0,0.08352,0.0,0.0,30.4,0.0,29.7899,2.37583,135.956,0,0.0,0.0,1268.67,6.6688,0.00093,24.8325,0.0,17.7203,0.0,0.0,
2022-09-26 08:40:00,1.39948,1817.95,28.992,0,2.9,0.0,25.6809,6.4999,0.0,41.2989,57.1069,0.0,0.0,1.99794,4.56192,0.0,0.0,0,1339.78,0.0,58.0117,21.8263,7.39391,8.10102,0.0,2.19497,0.0,0.0,0.0,22.1645,57.4222,21.44,6.46682,964.885,15.7761,1.86651,7.93,61.1745,7.776,6.327,13.058,567.587,830.409973145,12.98,12.5,5.90066,10.663,1.89059,24.4511,0.0,0.00565,0.0,0.0,31.4,0.0,23.7473,5.5436,102.143,0,0.0,0.0,1251.82,7.34508,0.00093,90.7576,0.0,17.99,0.0,0.0,
2022-09-26 08:45:00,1.59922,1818.58,28.4106,0,2.55,0.0,30.753,8.39987,0.0,77.8977,0.0,0.0,0.0,2.69711,5.4016,0.0,0.0,0,1311.48,0.0,37.6684,26.6201,8.67323,8.5008,0.0,2.38496,0.0,0.0,0.0,17.8104,55.958,22.59,7.40838,962.743,18.6061,2.10193,8.704,68.1077,8.029,6.49546,15.022,550.546,810.219970703,14.95,15.25,6.8986,10.336,1.15816,24.9134,0.0,0.12371,0.0,0.0,30.4,0.0,23.0771,8.07965,68.4331,0,0.0,0.0,1220.89,8.63416,0.00093,103.264,0.0,8.33033,0.0,0.0,
2022-09-26 08:50:00,0.69909,1776.86,40.1619,0,3.41,0.0,37.0703,9.59985,0.0,115.602,0.0,0.0,0.0,2.79889,6.03315,0.0,0.0,0,1269.9,0.0,30.9422,28.7249,10.5531,7.49981,0.0,2.65496,0.0,0.0,0.0,12.5711,55.958,21.22,8.21683,946.556,24.8904,3.06484,10.744,52.0198,8.28,6.71519,25.938,519.49,859.130004883,16.33,15.0,8.40009,7.423,0.0,23.3382,0.0,0.00565,0.0,0.0,28.1,0.0,28.8011,11.8883,71.5776,0,0.0,0.0,1199.08,10.0087,0.00093,141.485,0.0,19.5294,0.0,0.0,
2022-09-26 08:55:00,0.59792,1796.73,24.3616,0,4.33,0.0,42.0508,16.1998,0.0,82.4022,0.0,0.0,0.0,1.79881,5.49683,0.0,0.0,0,1255.84,0.0,28.5374,34.9286,11.3051,6.99931,0.0,3.24495,0.0,0.0,0.0,11.5732,55.6934,17.32,10.8396,959.502,21.7583,3.07369,11.358,42.5755,7.791,9.37148,28.072,561.068,842.75,16.86,15.0,9.30037,9.017,0.0,20.118,0.0,0.12371,0.0,0.0,31.3,0.0,28.9329,14.4518,134.674,0,0.0,0.0,1205.36,12.3232,0.0,53.3486,0.0,9.35942,0.0,0.0,
2022-09-26 09:00:00,0.0,1784.72,22.7818,0,4.08,0.0,37.1508,16.6998,0.0,68.9986,0.0,0.0,0.0,1.69703,5.91821,0.0,0.0,0,1235.7,0.0,28.4581,73.7723,10.8876,7.60052,0.0,7.38489,0.0,0.0,0.0,9.7239,56.4255,16.54,13.3166,962.651,16.7631,2.28247,10.08,59.0425,8.493,13.8759,30.588,565.829,939.119995117,14.25,14.25,8.69917,9.57,0.0,19.8678,0.0,0.12371,0.0,0.0,30.9,0.0,29.4823,11.2108,117.729,0,0.0,0.0,1201.21,11.1537,0.0,52.8725,0.0,17.5896,0.0,0.0,
2022-09-26 09:05:00,0.0,1743.02,16.9221,0,3.41,0.0,31.6429,12.6998,0.0,65.7027,0.0,0.0,0.0,0.49783,7.81363,0.0,0.0,0,1194.85,0.0,24.1428,49.3049,8.21424,4.49989,0.0,8.65487,0.0,0.0,0.0,9.41926,56.2502,22.77,11.7524,952.727,17.8206,1.99042,8.569,34.4895,8.896,20.0674,29.106,594.394,1051.06994629,13.62,13.0,6.40116,5.057,0.0,23.7288,0.0,0.08352,0.0,0.0,29.6,0.0,45.8192,9.37972,99.5029,0,0.0,0.0,1229.9,9.57168,0.0,61.7655,0.0,16.0002,0.0,0.0,
2022-09-26 09:10:00,0.0,1718.68,24.4598,0,5.22,0.0,31.0826,14.6998,0.0,43.7022,0.0,0.0,0.0,0.89609,7.71328,0.0,0.0,0,1156.67,0.0,22.1164,71.2042,7.85534,3.89868,0.0,9.85485,0.0,0.0,0.0,15.9329,55.6626,34.73,8.92006,959.941,30.8322,3.42238,7.689,56.2208,9.048,15.5581,30.964,616.269,1090.7800293,17.09,12.5,6.40116,4.93,0.0,21.7026,0.0,0.04333,0.0,0.0,30.5,0.0,48.0055,13.8201,133.854,0,0.0,0.0,1254.6,8.75868,0.0,52.195,0.0,19.2303,0.0,0.0,
2022-09-26 09:15:00,0.0,1708.74,26.9821,0,6.49,0.0,45.4493,18.9997,0.0,82.203,0.0,0.0,0.0,1.29877,5.70112,0.0,0.0,0,1144.19,0.0,18.3139,64.1495,9.69863,3.49889,0.0,7.07489,0.0,0.0,0.0,17.1674,56.6593,26.21,9.48429,964.025,39.322,4.70567,9.464,46.4922,8.265,11.8422,31.622,605.502,1029.05004883,18.72,9.5,8.10102,5.511,0.0,21.2353,0.0,0.08352,0.0,0.0,30.7,0.0,53.8943,20.2838,93.0343,0,0.0,0.0,1262.1,11.0732,0.0,36.1425,0.0,6.86056,0.0,0.0,
2022-09-26 09:20:00,0.0,1714.53,19.3913,0,6.98,0.0,36.2902,17.9997,0.0,44.2996,0.0,0.0,0.0,0.89609,5.59258,0.0,0.0,0,1148.93,0.0,17.1115,63.2884,14.3423,3.40124,0.0,4.89493,0.0,0.0,0.0,14.2638,56.2194,15.38,9.20269,974.48,42.5045,5.1234,11.348,62.4117,9.186,9.64492,27.936,612.924,1023.73999023,25.59,10.25,12.0989,7.667,0.0,24.9248,0.0,0.14381,0.0,0.0,31.8,0.0,64.9027,22.7833,74.688,0,0.0,0.0,1256.9,10.8827,0.00093,42.472,0.0,17.9205,0.0,0.0,
2022-09-26 09:25:00,0.0,1669.75,15.5202,0,7.57,0.0,37.9419,13.0998,0.0,42.3014,0.0,0.0,0.0,0.99786,5.06598,0.0,0.0,0,1131.45,0.0,16.9589,60.0103,19.5181,3.49889,0.0,4.90493,0.0,0.0,0.0,21.0709,56.7178,15.03,9.53805,950.676,49.4333,5.67211,10.691,63.5751,8.132,8.87831,23.504,584.652,1179.68994141,52.83,9.25,16.3012,13.839,0.0,27.5399,0.0,0.04333,0.0,0.0,30.4,0.0,82.8217,27.0954,112.338,0,0.0,0.0,1253.58,12.2353,0.0,56.1685,0.0,12.8703,0.0,0.0,
2022-09-26 09:30:00,0.0,1667.07,11.7606,0,7.99,0.0,33.3019,13.5998,0.0,45.3983,0.0,0.88197,0.0,0.49783,4.96922,0.0,0.0,0,1097.88,0.0,17.5937,47.0742,24.3375,3.70031,0.0,6.6049,0.0,0.0,0.0,17.4131,56.0441,16.27,9.80429,951.189,94.0476,9.16796,7.42,61.6852,9.953,9.55459,31.006,547.591,1139.39001465,40.51,10.0,20.6989,6.355,0.0,26.1972,0.0,0.08352,0.0,0.0,29.3,0.0,79.5477,42.0279,99.5883,0,0.0,0.0,1259.83,10.8803,0.0,89.3294,0.0,12.4699,0.0,0.0,
2022-09-26 09:35:00,0.0,1651.29,11.4606,0,5.85,0.0,28.7022,13.5998,0.0,55.602,0.0,1.8822,0.0,0.0,6.71104,0.0,0.0,0,1094.93,0.0,15.0485,59.5017,30.7878,4.20081,0.0,6.6949,0.0,0.0,0.0,12.1083,56.3363,15.59,11.2737,931.156,89.566,11.8584,7.441,60.5323,10.614,8.6952,55.146,561.41,1176.77001953,48.94,12.5,22.8992,5.939,0.0,29.5148,0.0,0.08352,0.0,0.0,31.2,0.0,69.5061,77.6608,100.238,0,0.0,0.0,1259.71,9.16152,0.0,89.7444,0.0,15.2104,0.0,0.0,
2022-09-26 09:40:00,0.0,1640.65,11.7102,0,3.85,0.0,27.9515,12.8998,0.0,131.8,0.0,0.81941,0.0,0.0,9.49862,0.0,0.0,0,1115.85,0.0,20.8469,94.0249,30.5412,6.30045,0.0,5.33492,0.0,0.0,0.0,9.55392,56.1025,25.88,11.5287,921.488,95.095,11.2407,8.359,41.2173,7.87,8.53162,48.572,567.904,1052.19995117,46.72,16.25,21.1017,6.198,0.0,29.0435,0.0,0.12371,0.0,0.0,31.6,0.0,59.9698,66.7475,88.5566,0,0.0,0.0,1266.4,8.41444,0.00093,72.7703,1.0591,18.0999,0.0,0.0,
2022-09-26 09:45:00,0.0,1616.85,14.0705,0,2.88,0.0,32.9613,13.4998,0.0,102.597,0.0,0.10529,0.0,0.0,10.4556,0.0,0.0,0,1126.96,0.0,26.981,94.04,25.9098,9.89853,0.0,5.30492,0.0,0.0,0.0,8.52224,55.4288,26.12,13.7016,922.898,74.7013,9.05113,9.918,25.8138,10.445,10.1356,50.26,563.558,982.760009766,29.78,22.25,18.0011,8.675,0.0,25.2311,0.0,0.00565,0.0,0.0,31.6,0.0,62.3319,68.3406,58.8797,0,0.0,0.0,1259.27,9.91592,0.00093,61.8387,0.95363,18.0804,0.0,0.0,
2022-09-26 09:50:00,0.0,1599.98,21.2419,0,2.23,0.0,39.4214,18.6997,0.0,125.298,0.0,0.0,0.0,0.0,14.998,0.0,0.0,0,1145.12,0.0,25.2964,83.5461,17.0132,10.4997,0.0,5.05492,0.0,0.0,0.0,8.83712,57.6283,36.72,11.0659,926.157,71.2772,8.7874,10.703,85.2063,10.572,10.3896,52.262,558.7,964.010009766,24.1,23.0,12.0012,8.73,1.53353,25.8758,0.0,0.12371,0.0,0.0,30.6,0.0,56.0586,76.9833,41.687,0,0.0,0.0,1264.52,12.5087,0.0,59.0127,1.35793,9.69024,0.0,0.0,
2022-09-26 09:55:00,0.0,1585.72,38.9698,0,2.06,0.0,47.2914,27.5996,0.0,59.3992,0.0,0.0,0.0,0.0,11.3065,0.0,0.0,0,1126.1,0.0,26.6148,83.5663,16.1807,8.90059,0.0,4.76493,0.0,0.0,0.0,8.45005,56.7762,34.15,13.2163,920.774,98.9824,13.2267,11.385,63.1118,5.066,10.9096,53.362,560.702,1026.35998535,21.82,24.25,12.401,5.478,1.24971,28.6091,0.0,0.08352,0.0,0.0,31.2,0.0,48.434,154.896,36.4575,0,0.0,0.0,1240.71,15.4971,0.00093,50.7485,1.19094,16.7705,0.0,0.0,
2022-09-26 10:00:00,0.0,1565.11,68.0694,0,1.82,0.0,53.8796,36.6994,0.0,35.5997,0.0,0.0,0.0,0.0,9.35014,0.0,0.0,0,1092.92,0.0,25.51,60.5139,16.2588,7.60052,0.0,4.60493,0.0,0.0,0.0,9.04294,56.6009,0.02,13.2966,893.362,124.472,13.5984,13.139,43.102,8.988,11.3661,54.366,542.269,993.16998291,22.35,32.5,15.5993,6.956,1.91806,26.388,0.0,0.00565,0.0,0.0,29.0,0.0,45.995,126.001,35.2526,0,0.0,0.0,1237.27,16.0684,0.0,53.0861,0.66358,19.7699,0.0,0.0,
2022-09-26 10:05:00,0.0,1556.42,34.65,0,1.87,0.0,70.352,39.3994,0.0,26.0002,0.0,0.0,0.0,0.0,7.35155,0.0,0.0,0,1079.33,0.0,22.0371,61.5864,22.7652,8.29938,0.0,4.68493,0.0,0.0,0.0,9.2759,56.5732,0.05,13.0048,910.666,145.077,15.6127,14.615,67.7655,7.348,14.5522,55.844,527.62,966.58001709,20.14,34.75,16.8994,7.97,0.0,31.448,0.0,0.14381,0.0,0.0,29.3,0.0,36.3708,152.049,85.5232,0,0.0,0.0,1211.88,17.2842,0.0,66.8009,0.0,16.4299,0.0,0.0,
2022-09-26 10:10:00,0.0,1542.31,37.6316,0,0.89,0.0,88.6189,27.2996,0.0,21.0975,0.0,0.0,0.0,0.0,9.34554,0.0,0.0,0,1049.12,0.0,18.967,58.0011,23.378,11.7998,0.0,4.60493,0.0,0.0,0.0,8.62003,56.7762,0.03,16.7071,909.403,114.341,13.7878,15.846,57.9475,3.684,21.4688,48.952,508.675,1091.81005859,18.38,31.25,16.3989,9.049,0.0,35.8739,0.0,0.12371,0.0,0.0,29.7,0.0,37.7002,96.5484,127.505,0,0.0,0.0,1200.72,22.5065,0.0,92.7718,0.0,7.77001,0.0,0.0,
2022-09-26 10:15:00,0.0,1533.37,33.041,0,0.66,0.0,76.4202,25.4996,0.0,25.8972,0.0,0.0,0.0,0.0,11.2072,0.0,0.0,0,1007.86,0.0,21.8784,68.2735,26.6447,8.79988,0.0,4.66493,0.0,0.0,0.0,7.99667,56.8347,26.16,22.0856,913.12,155.198,16.3083,17.079,64.8227,8.312,24.2887,41.306,500.349,1086.75,20.01,28.5,17.3999,13.816,0.0,42.3081,0.0,0.00565,0.0,0.0,30.4,0.0,34.8327,123.017,64.434,0,0.0,0.0,1173.01,30.2019,0.0,155.456,0.0,7.75048,0.0,0.0,
2022-09-26 10:20:00,0.0,1527.1,26.3317,0,0.27,0.0,99.9203,47.8993,0.0,37.3026,0.0,0.0,0.0,0.0,10.3112,0.0,0.0,0,965.823,0.0,22.1164,93.7681,27.4113,11.1986,0.0,4.61493,0.0,0.0,0.0,7.41555,55.838,23.12,27.2968,917.148,199.007,21.645,18.706,57.4368,11.914,26.3127,47.968,497.884,1059.83996582,20.78,35.75,16.8994,9.101,0.0,55.3575,0.0,0.00565,0.0,0.0,30.8,0.0,36.5136,143.342,141.425,0,0.0,0.0,1143.88,30.1067,0.0,159.533,0.0,11.6495,0.0,0.0,
2022-09-26 10:25:00,0.0,1541.33,24.5209,0,0.0,0.0,90.2998,37.2994,0.0,30.2026,0.0,0.0,0.0,0.0,7.32416,0.0,0.0,0,960.623,0.0,32.0043,83.677,32.2673,10.6004,0.0,4.73493,0.0,0.0,0.0,6.37619,57.0,22.99,29.2823,923.099,190.678,21.9831,17.068,55.2521,8.222,19.6744,49.082,513.558,936.520019531,24.75,38.25,20.7996,12.548,0.0,77.5191,0.0,0.14381,0.0,0.0,31.9,0.0,36.9421,149.677,143.527,0,0.0,0.0,1117.81,30.3728,0.00093,151.434,0.0,8.60988,0.0,0.0,
2022-09-26 10:30:00,0.0,1514.09,27.9804,0,0.0,0.0,66.4006,45.3993,0.0,34.1028,0.0,0.0,0.0,0.0,6.23104,0.0,0.0,0,934.939,0.0,36.2585,68.4145,51.4424,8.5008,0.0,4.90493,0.0,0.0,0.0,7.10656,56.3671,20.46,21.8184,923.154,192.421,25.0895,15.845,83.8166,9.354,18.273,50.482,499.568,928.429992676,25.73,46.25,27.4006,14.586,0.0,71.4101,0.0,0.04333,0.0,0.0,30.9,0.0,40.0073,145.493,143.869,0,0.0,0.0,1136.66,21.3053,0.0,142.364,0.0,8.82962,0.0,0.0,
2022-09-26 10:35:00,0.0,1533.67,27.4016,0,0.0,0.0,52.6198,46.3993,0.0,40.7977,0.0,0.0,0.0,0.0,5.03091,0.0,0.0,0,962.063,0.0,33.9574,67.1959,66.9529,10.2007,0.285,4.56493,0.0,0.0,0.0,8.17024,56.484,17.44,20.4493,931.999,182.168,23.9195,17.725,41.2858,9.104,18.002,46.63,518.05,744.609985352,27.65,55.25,38.7991,17.818,0.0,62.2493,0.0,0.00565,0.0,0.0,32.2,0.0,38.667,136.384,136.588,0,0.0,0.0,1165.25,19.7549,0.00093,125.695,0.0,7.1804,0.0,0.0,
2022-09-26 10:40:00,0.0,1554.3,25.8909,0,0.0,0.0,53.0227,30.5995,0.0,43.0018,0.0,0.0,0.0,0.0,5.13382,0.0,0.0,0,1014.29,0.0,26.5354,69.3813,57.319,11.2993,0.53999,4.61493,0.0,0.0,0.0,8.39782,57.333,16.43,18.091,939.03,133.737,15.5437,6.635,32.41,7.872,15.8633,41.12,527.742,642.140014648,27.11,45.75,37.5998,19.377,0.0,50.8676,0.0,0.12371,0.0,0.0,33.5,0.0,49.8073,99.7894,117.815,0,0.0,0.0,1193.76,20.231,0.28576,122.997,0.0,8.20948,0.0,0.0,
2022-09-26 10:45:00,0.0,1494.77,26.2308,0,0.0,0.0,63.3316,22.7997,0.0,45.1991,0.0,0.0,0.0,0.0,5.82502,0.0,12.7438,0,976.345,0.0,22.1042,59.0334,49.9995,10.7988,2.12497,5.21492,0.0,0.0,0.0,7.81082,55.1643,16.43,18.1617,919.803,119.537,14.5896,16.825,29.0461,7.866,15.5947,41.016,493.684,816.880004883,31.13,36.5,28.8991,16.605,0.0,63.9724,0.0,0.00565,0.0,3.5715,30.7,0.0,59.2227,91.5679,122.993,0,0.0,0.0,1198.69,22.4942,0.0,126.921,0.0,12.3502,0.0,0.0,
2022-09-26 10:50:00,0.0,1506.71,34.8013,0,0.0,0.0,73.2012,17.3997,0.0,34.5972,0.0,0.0,0.0,0.0,8.6144,0.0,8.50263,0,943.24,0.0,32.224,75.2678,33.2586,9.59945,1.60498,5.87491,0.0,0.0,0.0,8.17306,56.4563,21.61,21.463,923.136,93.2319,12.0177,16.626,53.2517,9.192,19.3814,55.956,500.764,737.479980469,32.82,41.5255,24.3,17.688,0.0,90.5374,0.0,0.08352,0.0,40.5825,31.9,0.0,46.4015,79.7665,80.2167,0,0.0,0.0,1174.43,30.302,0.00093,122.93,0.0,16.0601,0.0,0.0,
2022-09-26 10:55:00,0.0,1536.89,34.5013,0,0.0,0.0,84.5319,12.9998,0.0,35.7027,0.0,0.0,0.0,0.0,12.8619,0.0,26.2667,0,919.533,0.0,49.7047,74.6283,33.9348,11.1009,1.77497,6.02491,0.0,0.0,0.0,10.6491,56.4255,21.61,20.3663,925.077,116.294,13.4532,18.941,43.2757,9.928,26.6789,42.622,510.945,778.030029297,32.59,29.0,25.0996,16.904,0.0,59.5625,0.0,0.15386,0.0,30.8325,33.1,0.0,46.3355,85.1041,64.9552,0,0.0,0.0,1142.61,21.8253,0.01396,63.3402,0.0,16.0906,0.0,0.0,
2022-09-26 11:00:00,0.0,1517.14,32.7197,0,0.0,0.0,68.2719,12.0998,0.0,54.9016,0.0,0.0,0.0,0.0,10.6353,0.0,31.1989,0,909.865,0.0,51.5908,83.7425,46.2593,9.99924,1.84497,6.6349,0.0,0.0,0.0,14.487,56.5148,20.6,18.8017,919.822,136.527,15.8552,19.927,39.817,11.769,27.2673,47.002,498.445,840.799987793,38.38,21.25,32.5002,15.419,0.0,67.9696,0.0,0.00565,0.0,0.1149,32.0,0.0,36.3269,92.9229,62.4515,0,0.0,0.0,1165.98,16.0,0.01582,75.1812,0.0,19.7504,0.0,0.0,
2022-09-26 11:05:00,0.0,1489.3,32.0905,0,0.0,0.0,72.6812,10.6998,0.0,47.6986,0.0,0.0,0.0,0.0,7.26886,0.0,36.1582,0,879.615,0.0,43.6072,78.9236,50.3975,10.2007,1.92497,6.06491,0.0,0.0,0.0,15.4972,56.6593,21.62,29.9223,920.334,141.139,15.2959,22.86,43.5705,8.423,27.0622,47.112,497.395,792.83001709,43.09,15.25,38.3017,8.368,0.0,61.8324,0.0,0.04333,0.0,0.0,30.9,0.0,35.415,90.2769,65.4252,0,0.0,0.0,1150.23,19.4522,0.00093,89.7627,0.0,19.2596,0.0,0.0,
2022-09-26 11:10:00,0.0,1476.56,31.5807,0,0.0,0.0,75.3619,13.2998,0.0,36.4992,0.0,0.0,0.0,0.0,6.86822,0.0,41.4698,0,862.794,0.0,49.4545,76.8338,47.7876,24.0009,2.28997,4.86493,0.0,0.0,0.0,14.0749,56.5424,29.76,29.8731,914.676,175.391,17.8182,22.694,74.9514,12.333,16.415,55.406,494.636,721.599975586,41.98,12.5,39.0005,14.53,0.0,90.099,0.0,0.12371,0.0,0.0,30.6,0.0,31.284,101.199,78.9007,0,0.63905,0.0,1137.93,20.2261,0.00093,137.334,0.0,18.88,0.0,0.0,
2022-09-26 11:15:00,0.29541,1458.98,29.6903,0,0.0,0.0,57.8018,52.4992,0.0,24.4003,0.0,0.0,0.00855,0.0,5.11053,0.0,46.1988,0,879.176,0.0,50.7301,75.8066,38.8177,13.0999,2.52996,4.73493,0.0,0.0,0.0,13.7349,55.8995,28.71,26.4878,913.413,169.066,17.8164,25.825,55.8996,8.745,18.8833,36.55,497.908,672.460021973,44.3,11.25,25.6001,11.556,0.0,85.6846,0.0,0.15386,0.0,55.276,31.3,0.0,38.7439,106.29,118.866,0,1.12795,0.0,1155.28,19.9551,0.00093,159.802,0.0,19.7797,0.0,0.0,
2022-09-26 11:20:00,0.0,1474.27,28.6814,0,0.0,0.0,65.6608,52.6992,0.0,20.3971,0.0,0.0,0.65492,0.0,8.17946,0.0,51.2258,0,851.319,0.0,33.6339,65.781,33.6394,13.7987,2.52496,4.63493,0.0,0.0,0.0,18.3921,56.1333,21.58,28.161,914.713,162.721,18.2005,25.544,55.8575,8.149,19.3668,42.094,498.714,708.200012207,45.74,12.5,24.0009,7.74,0.0,86.588,0.0,0.00565,0.0,28.9527,32.3,0.0,41.5674,106.976,101.144,0,1.49416,0.0,1140.12,19.2227,0.00093,152.288,0.0,19.7601,0.54444,0.0,
2022-09-26 11:25:00,0.0,1464.26,27.5397,0,0.0,0.0,68.6418,51.4992,0.0,26.8997,0.0,0.0,0.95827,0.0,11.6311,0.0,51.5104,0,838.282,0.0,27.7195,59.2953,26.4323,7.70123,4.03494,4.85493,0.0,0.0,0.0,20.0079,55.838,22.63,26.2615,916.361,136.225,16.4747,26.259,60.627,8.714,20.5313,55.268,499.251,713.880004883,39.79,12.0,21.8006,17.948,0.0,86.801,0.0,0.00565,0.0,-0.08843,31.7,0.0,38.2495,102.289,125.497,0,2.21561,0.0,1162.29,20.3238,3.00555,101.463,0.0,19.8395,0.84779,0.0,
2022-09-26 11:30:00,0.0,1473.56,25.0917,0,0.0,0.0,78.9911,50.4992,0.0,36.6983,0.0,0.0,0.99855,0.0,7.51616,0.0,37.3913,0,826.05,0.0,24.5151,69.054,36.303,4.7013,4.22494,4.87493,0.0,0.0,0.0,15.2044,55.2843,18.6,20.3377,923.045,125.801,14.3099,15.628,70.0502,12.55,25.6877,55.042,497.786,796.039978027,36.94,15.0,26.2989,19.508,1.33211,73.5794,0.0,0.12371,0.0,0.0,32.1,0.0,34.569,100.659,79.2425,0,3.12749,0.0,1143.39,19.6817,0.0,79.881,0.0,19.4696,0.0,0.0,
2022-09-26 11:35:00,0.0,1451.9,25.251,0,0.0,0.0,84.0119,41.3994,0.0,32.702,0.0,0.0,1.24514,0.0,6.87539,0.0,32.581,0,848.56,0.0,27.6524,90.1275,26.7668,2.80003,3.61495,6.2649,0.0,0.0,0.0,14.4584,56.161,17.6,20.5394,909.989,123.596,14.1117,14.727,74.8935,10.31,19.2886,48.354,494.246,812.909973145,39.47,15.0,21.1017,12.952,3.01671,75.6818,0.0,0.04333,0.0,50.0447,30.2,0.0,34.2284,89.929,91.0433,0,4.1181,0.0,1164.66,24.4816,0.00093,83.6774,0.0,19.7797,0.0,0.0,
2022-09-26 11:40:00,0.0,1451.73,32.0613,0,0.0,0.0,87.5203,21.7997,0.0,33.4024,0.0,0.0,0.81849,0.0,6.98189,0.0,51.1039,0,814.917,0.0,34.2687,93.9393,22.2281,2.59861,3.55495,7.13489,0.0,0.0,0.0,16.6625,56.2779,20.61,18.8692,903.653,120.212,14.7454,14.989,68.6183,7.034,12.499,54.606,489.119,972.599975586,33.99,18.25,17.1008,13.798,11.2108,70.5368,0.0,0.08352,0.0,29.0026,29.7,0.0,27.5486,92.4651,90.992,0,5.64889,0.0,1143.0,24.6647,0.0,89.8299,0.0,19.8004,1.39834,0.0,
2022-09-26 11:45:00,0.0,1448.51,40.4301,0,0.0,0.0,82.1698,34.8995,0.0,32.9011,0.0,0.0,1.51736,0.0,6.34854,0.0,63.4208,0,794.8,0.0,36.0937,70.7862,21.6666,2.69932,2.27497,9.85485,0.0,0.02255,0.0,19.7263,55.7795,23.66,23.9165,894.845,129.669,14.8781,13.866,79.1628,7.81,11.8056,54.64,485.652,1007.13000488,37.93,22.0,18.9014,11.252,8.15289,73.6697,0.0,0.13376,0.0,0.15954,29.1,0.0,23.8462,97.5921,89.0352,0,5.40719,0.0,1115.29,24.5206,0.0,135.949,0.0,19.6796,3.90509,0.0,
2022-09-26 11:50:00,0.0,1465.84,39.23,0,0.0,0.0,82.1698,27.8996,0.0,24.5994,0.0,0.0,2.98589,0.0,8.36864,0.0,59.0984,0,776.904,0.0,35.2819,63.1222,28.4587,3.40124,3.15495,6.6849,0.0,0.89458,0.0,20.7268,56.2779,26.7,23.0349,910.813,134.442,14.8657,16.009,76.178,7.335,9.21523,54.83,501.741,816.409973145,38.03,23.5,20.6989,11.225,8.97688,53.1272,0.0,0.00565,0.0,0.0,31.2,0.0,24.9338,98.4344,108.757,0,5.24239,0.0,1088.85,25.2604,0.0,116.411,0.0,19.7003,7.49645,0.0,
2022-09-26 11:55:00,0.0,1471.21,34.9606,0,0.0,0.0,61.2918,44.6993,0.0,28.1014,0.0,0.0,2.73869,0.0,8.05581,0.0,37.6081,0,808.521,0.0,26.4439,72.6594,29.8723,4.20081,3.67994,9.86485,0.0,0.68986,0.0,29.5424,56.0441,27.72,23.5121,913.688,138.461,15.4268,19.072,74.3249,6.259,8.79042,54.862,500.594,710.179992676,32.28,24.5,22.2003,13.202,14.0673,61.3353,0.0,0.08352,0.0,0.0,31.7,0.0,28.5154,99.1577,108.74,0,3.62005,0.0,1058.97,20.5264,0.00093,98.8449,0.0,19.7894,13.995,0.0,
2022-09-26 12:00:00,0.0,1458.15,32.2312,0,0.0,0.0,51.2721,39.5994,0.0,44.4987,0.0,0.0,2.36576,0.0,9.74694,0.0,57.7976,0,787.329,0.0,27.0848,68.6411,34.0691,6.19974,6.01491,6.2549,0.0,0.0,0.0,34.5416,56.6593,28.72,21.0043,918.247,139.377,16.4924,22.447,60.1164,5.933,11.6274,52.718,495.296,795.679992676,22.68,21.0,27.8004,14.133,15.1202,60.8048,0.0,0.13376,0.0,0.0,31.0,0.0,35.1183,100.925,64.622,0,4.54475,0.0,1029.91,15.6069,0.01955,119.481,0.0,19.8102,14.2794,0.0,
2022-09-26 12:05:00,0.0,1472.7,30.2399,0,0.0,0.0,53.6013,50.2992,0.0,57.2019,0.0,0.0,0.68666,0.0,9.8647,0.0,87.5127,0,781.543,0.0,21.7014,78.6416,50.1997,8.59846,5.61491,4.69493,0.0,0.0,0.0,27.4739,56.6593,24.66,22.3253,926.487,124.915,14.0781,24.716,77.394,8.157,13.9345,54.474,501.082,777.570007324,16.28,19.0,41.3016,14.094,16.2738,70.5635,0.0,0.12371,0.0,0.0,31.5,0.0,26.5818,94.9462,57.8286,0,4.67475,0.0,1003.89,16.5298,0.00093,159.246,0.0,19.7894,15.6124,0.0,
2022-09-26 12:10:00,0.0,1482.81,35.2607,0,0.0,0.0,60.2298,52.6992,0.0,47.8977,0.0,0.0,1.61501,0.0,10.1842,0.0,82.6483,0,792.871,0.0,20.9445,78.3898,49.3257,9.40108,4.97492,7.80488,0.0,0.0,0.0,21.6259,55.5765,23.67,19.1683,926.652,112.921,13.4745,24.882,76.5307,8.78,12.3329,53.65,504.793,686.570007324,20.84,21.25,33.4005,17.676,20.3937,49.484,0.0,0.08352,0.0,0.0,32.2,0.0,35.2941,144.294,50.2748,0,5.30465,0.0,977.544,18.4659,0.0363,101.884,0.0,18.7103,14.5113,0.0,
2022-09-26 12:15:00,0.0,1483.35,31.1904,0,0.0,0.0,65.9721,48.3993,0.0,42.5006,0.0,0.0,3.68353,0.0,13.698,0.0,78.2852,0,821.827,0.0,24.741,73.7823,36.2811,9.40108,5.25492,5.66491,0.0,0.0,0.0,19.6188,56.5732,28.72,24.9518,921.946,179.973,21.4733,21.985,76.7465,10.933,12.9824,48.894,505.843,715.400024414,22.83,24.25,28.6,17.364,19.295,48.1432,0.0,0.08352,0.0,0.0,32.5,0.0,32.965,184.962,38.6535,0,5.49874,0.0,951.054,19.6841,0.0,81.8097,0.0,19.7894,14.9764,0.0,
2022-09-26 12:20:00,0.0,1458.69,25.2696,0,0.0,0.0,81.3605,38.6994,0.0,30.0034,0.0,0.0,3.57366,0.0,15.831,0.0,62.2555,0,807.715,0.0,21.0239,77.3323,39.1034,6.19974,5.55492,6.4049,0.0,0.0,0.0,17.5882,56.6901,21.66,19.5051,918.027,217.789,24.9727,23.784,78.5259,9.35,15.978,53.104,498.518,744.020019531,25.15,24.25,26.7994,18.551,15.4955,54.2801,0.0,0.12371,0.0,0.0,30.7,0.0,37.6123,194.081,34.4237,0,4.93111,0.0,927.104,25.4215,0.00093,76.5484,0.0,19.6002,17.5448,0.0,
2022-09-26 12:25:00,0.0,1461.35,26.1803,0,0.0,0.0,85.03,52.6992,0.0,46.902,0.0,0.0,1.36477,0.0,12.8671,0.0,58.8545,0,815.21,0.0,21.7319,94.1458,33.3001,5.40017,4.57993,4.51493,0.0,0.0,0.0,16.5678,56.0441,15.61,18.8273,920.188,201.031,26.0967,25.04,77.1782,8.179,15.5459,53.196,498.323,776.25,26.69,19.0,22.7008,18.523,11.1101,68.7966,0.0,0.12371,0.0,0.0,31.8,0.0,43.4241,191.398,33.0224,0,4.52827,0.0,893.924,30.0114,0.00093,66.8498,0.0,19.3902,14.9703,0.0,
2022-09-26 12:30:00,0.0,1463.47,27.33,0,0.0,0.0,81.4594,37.6994,0.0,56.0002,0.0,0.0,1.42824,0.0,12.6321,0.0,66.5509,0,813.062,0.0,18.9914,69.2857,33.6223,6.49882,4.82993,4.09494,0.0,0.49863,0.0,21.9925,55.8995,13.89,18.5487,916.636,162.701,25.1692,34.346,47.9452,8.705,17.2085,53.32,498.982,766.700012207,24.38,17.0,24.0009,16.487,16.2463,74.1351,0.0,0.04333,0.0,0.0,31.2,0.0,45.0501,189.265,35.1159,0,1.75784,0.0,865.92,29.9553,0.00093,63.0961,0.0,13.2499,14.5748,0.0,
2022-09-26 12:35:00,0.0,1461.45,27.2317,0,0.0,0.0,80.119,50.6992,0.0,45.5013,0.0,0.0,2.70573,0.0,11.1462,0.0,72.1335,0,819.019,0.0,26.3279,67.5585,41.3837,8.59846,6.86489,4.25494,0.0,0.36136,0.0,25.6379,56.484,13.58,20.3991,914.512,153.053,23.9726,31.385,51.3196,7.299,21.0684,54.034,496.931,858.900024414,22.29,17.25,28.8014,18.623,11.284,61.0908,0.0,0.12371,0.0,0.0,31.4,0.0,33.2177,192.79,37.3034,0,3.17144,0.0,842.067,29.9553,0.02513,75.1812,0.0,18.5406,17.4911,0.0,
2022-09-26 12:40:00,0.0,1470.51,32.6321,0,0.0,0.0,75.2996,41.3994,0.0,32.9011,0.0,0.0,3.90326,0.0,6.58944,0.0,76.3069,0,821.68,0.0,29.1966,79.9105,40.6976,10.399,8.23487,5.87491,0.0,0.43833,0.0,31.2187,56.1333,15.59,18.6839,916.855,165.219,18.3988,36.004,54.7415,12.349,23.5831,54.37,498.055,945.229980469,18.64,17.5,29.3996,17.933,11.7693,71.2297,0.0,0.12371,0.0,0.0,31.1,0.0,38.0407,186.802,43.3277,0,3.61089,0.0,863.527,25.7316,0.00093,125.573,0.0,18.4905,15.2413,0.0,
2022-09-26 12:45:00,0.0,1449.73,50.1715,0,0.0,0.0,70.1323,52.6992,0.0,43.9975,0.0,0.0,5.75265,0.0,6.06541,0.0,122.838,0,839.112,0.0,29.9901,82.7757,39.555,10.399,7.51489,9.87485,0.0,0.25425,0.0,37.6607,56.0749,20.63,15.9442,901.804,134.966,15.8587,38.594,58.2475,7.229,20.7437,42.134,489.07,779.700012207,19.35,20.0,28.0995,18.091,6.27604,64.368,0.0,0.00565,0.0,0.0,29.9,0.0,42.677,171.073,46.4808,0,3.16228,0.0,895.34,20.8218,0.0,112.572,0.0,19.7894,22.2129,0.0,
2022-09-26 12:50:00,0.0,1467.14,52.3912,0,0.0,0.0,77.6214,49.8992,0.0,74.4987,0.0,0.0,7.08324,0.0,4.99738,0.0,115.968,0,834.839,0.0,30.0694,70.9625,36.7401,9.19966,5.57492,9.85485,0.0,0.0,0.0,33.7756,56.2779,19.62,14.3872,921.36,130.736,16.0818,39.068,72.1507,11.794,20.5899,46.086,504.256,741.030029297,19.33,20.0,23.7995,18.143,4.08789,52.0525,0.0,0.12371,0.0,0.0,31.7,0.0,36.986,151.884,57.6748,0,2.36759,0.0,899.661,21.0123,0.00093,104.594,0.0,19.5294,14.7787,0.0,
2022-09-26 12:55:00,0.0,1469.87,56.0605,0,0.0,0.0,52.5502,51.9992,0.0,79.6006,0.0,0.0,6.43381,0.0,5.20806,0.0,79.0033,0,850.098,0.0,20.7858,75.7713,28.9543,8.00031,2.20497,9.85485,0.0,0.0,0.0,26.3045,56.0749,19.62,19.7048,915.409,133.405,15.8056,35.842,51.0196,10.559,19.1519,54.234,500.545,824.440002441,20.26,19.75,20.2991,17.623,5.47036,46.7054,0.0,0.12371,0.0,0.0,31.7,0.0,34.6459,165.306,77.5763,0,2.4921,0.0,922.562,29.2815,0.00093,94.7982,0.0,14.6306,9.47219,0.0,
2022-09-26 13:00:00,0.0,1459.03,51.8097,0,0.0,0.0,49.9501,50.4992,0.0,71.6011,0.0,0.0,4.07355,0.0,4.88627,0.0,72.3774,0,891.627,0.0,22.208,77.4381,29.9821,7.3991,0.61999,7.76488,0.0,0.0,0.0,28.0371,56.3948,19.62,28.3658,915.006,151.1,20.3139,24.112,68.6447,11.261,21.2271,54.372,496.687,862.380004883,24.85,29.75,21.6999,16.553,7.30144,46.0071,0.0,0.04333,0.0,0.0,30.6,0.0,32.108,132.419,85.2924,0,3.68231,0.0,949.638,28.7907,0.00093,75.6939,0.0,17.1502,10.4585,0.0,
2022-09-26 13:05:00,0.0,1456.78,59.5811,0,0.0,0.0,53.9419,41.2994,0.0,51.997,0.0,0.0,1.61685,0.0,4.7767,0.0,74.2879,0,891.481,0.0,20.7614,76.577,23.9982,6.00137,0.295,4.97492,0.0,0.0,0.0,37.6074,55.5765,19.62,23.3923,895.468,165.209,14.6905,23.525,75.3936,3.887,25.0407,54.21,486.189,844.309997559,27.49,35.25,17.5006,17.616,12.1263,38.7749,0.0,0.04333,0.0,0.0,29.0,0.0,29.4823,143.699,82.3444,0,5.09041,0.0,981.06,21.2808,0.0,61.9852,0.0,19.5196,12.3079,0.0,
2022-09-26 13:10:00,0.0,1472.36,45.9606,0,0.0,0.12664,53.8027,40.2994,0.0,46.0987,0.0,0.0,0.56825,0.2987,4.13504,0.0,128.014,0,868.995,0.0,23.0198,76.0332,24.0421,5.79995,0.0,4.25494,0.0,0.0,0.0,36.3377,56.161,18.62,22.7881,906.729,182.581,26.063,25.638,67.376,10.303,26.2297,41.18,497.249,782.109985352,26.92,34.0,17.2992,17.733,9.45296,40.8153,0.0,0.12371,0.0,0.0,29.3,0.0,29.1527,185.338,112.782,0,5.73678,0.0,1003.62,16.5396,0.0,55.8816,0.0,19.7894,13.8619,0.0,
2022-09-26 13:15:00,0.0,1467.87,58.5509,0,0.0,2.52339,36.51,43.0993,0.0,54.9016,0.0,0.0,0.17884,0.0,3.72237,0.0,166.265,0,862.403,0.0,17.1298,78.4452,23.7443,6.09903,0.0,7.33489,0.0,0.0,0.0,26.8483,55.7795,17.62,14.1839,898.819,214.365,26.0684,24.247,44.2707,10.247,26.0441,51.386,489.216,674.359985352,25.41,32.75,21.3001,17.651,6.97185,41.2645,0.0,0.08352,0.0,0.0,29.0,0.0,22.1982,182.023,122.95,0,6.00778,0.0,1025.79,13.5048,0.0,48.5756,0.0,19.8004,17.1347,0.0,
2022-09-26 13:20:00,0.0,1476.95,80.8509,0,0.0,3.20265,27.9332,41.5994,0.0,37.0966,0.0,0.0,0.0,0.39605,3.72237,0.0,164.531,0,859.864,0.0,16.7697,77.6043,39.3378,6.80095,0.33499,5.77491,0.0,0.0,0.0,25.3583,57.3053,17.62,14.8833,899.149,146.991,25.4666,22.461,65.5755,8.137,25.59,51.926,492.464,547.479980469,23.36,32.0,30.6996,18.285,16.64,34.1102,0.0,0.08352,0.0,0.0,28.2,0.0,27.3289,185.53,135.281,0,7.91211,0.0,1007.23,9.60098,0.0,47.837,0.0,19.8199,20.5869,0.0,
2022-09-26 13:25:00,0.0,1498.66,81.5598,0,0.0,3.3858,34.2101,35.1995,0.0,32.702,0.0,0.0,0.0,0.69696,3.61651,0.0,128.081,0,856.593,0.0,26.1204,78.7423,51.5987,6.40116,0.275,4.59493,0.0,0.0,0.0,35.7028,56.6316,20.64,13.3309,923.447,139.629,16.9597,17.514,57.1525,5.188,26.1686,52.968,508.016,449.029998779,24.93,30.0,37.4014,16.666,20.5219,25.5763,0.0,0.12371,0.0,0.0,31.6,0.0,30.504,136.933,93.752,0,8.21241,0.0,975.25,10.4237,0.0,53.0556,0.0,19.7894,21.4731,0.0,
2022-09-26 13:30:00,0.0,1482.49,83.2192,0,0.0,3.29475,25.051,49.6992,0.0,23.8991,0.0,0.0,0.0,0.49783,4.04646,0.0,62.5943,0,850.294,0.0,22.9343,41.9279,47.7778,5.10109,0.0,4.50493,0.0,0.0,0.0,44.4518,56.2779,17.62,8.59699,912.461,139.246,15.8109,17.432,64.4595,12.0,25.8293,45.752,491.975,587.190002441,26.66,35.5,36.1013,18.438,16.7041,22.5278,0.0,0.12371,0.0,0.0,28.4,0.0,36.4257,117.881,78.9349,0,6.33738,0.0,950.371,8.09949,0.0,58.3352,0.0,19.7406,23.2847,0.0,
2022-09-26 13:35:00,0.0,1493.04,83.0493,0,0.0,1.89542,22.5022,42.4994,0.0,30.0034,0.0,0.0,0.0,1.39612,4.46618,0.0,39.2747,0,850.221,0.0,21.8174,66.5312,40.7196,5.29946,0.285,5.76491,0.0,0.0,0.0,29.8199,56.4563,15.62,8.26214,900.467,125.781,15.9313,20.98,63.8067,11.337,26.1149,51.194,493.538,773.070007324,32.81,38.75,24.3,12.171,15.2575,32.4273,0.0,0.00565,0.0,0.0,27.7,0.0,33.6022,92.0165,75.3631,0,7.47265,0.0,923.441,5.97055,0.0,70.4631,0.0,19.6698,15.8248,0.0,
2022-09-26 13:40:00,0.0,1495.6,83.0997,0,0.0,1.81693,41.0803,27.7996,0.0,37.0005,0.0,0.0,0.0,1.99794,4.46618,0.0,33.2043,0,848.463,0.0,20.8286,94.1206,33.283,4.49989,0.0,5.07492,0.0,0.0,0.0,22.6734,57.333,14.61,12.7253,909.476,113.233,13.9966,22.554,81.2212,11.237,16.2539,56.07,494.197,818.630004883,37.44,46.0,23.6011,12.773,15.4864,68.2449,0.0,0.12371,0.0,0.0,27.9,0.0,39.0075,97.8668,82.3615,0,6.87938,0.0,895.828,10.4653,0.0,95.8907,0.0,19.5795,11.5804,0.0,
2022-09-26 13:45:00,0.0,1503.0,83.2696,0,0.0,1.82425,49.5106,17.2997,0.0,30.7999,0.0,0.0,0.0,2.69711,4.99482,0.0,29.9523,0,852.882,0.0,21.5183,73.732,36.3006,2.90074,0.275,4.27493,0.0,0.0,0.0,21.2869,55.6626,12.6,14.0826,910.593,131.743,16.6517,26.102,78.8259,4.835,20.7901,55.998,499.153,708.739990234,34.11,37.0,23.5004,17.212,8.5832,89.9895,0.0,0.12371,0.0,0.0,29.2,0.0,41.6663,94.6807,94.2306,0,5.55734,0.0,866.189,15.5972,0.0,78.8129,0.0,19.5294,9.04005,0.0,
2022-09-26 13:50:00,0.0,1526.02,76.6505,0,0.0,3.13462,44.2994,19.7997,0.0,31.6033,0.0,0.0,0.0,3.39628,3.95226,0.0,28.5296,0,870.338,0.0,20.3769,73.732,27.9411,3.00145,1.75497,4.05494,0.0,0.0,0.0,18.7515,56.6316,15.62,13.3228,925.443,118.147,15.3065,30.457,77.7941,4.744,13.7075,38.648,507.723,648.729980469,34.23,42.5,18.8006,13.518,11.1467,46.0338,0.0,0.00565,0.0,0.0,30.7,0.0,44.1382,79.5377,78.7555,0,3.94232,0.0,840.529,13.4487,0.0,92.1004,0.0,19.4903,4.24384,0.0,
2022-09-26 13:55:00,0.0,1512.91,69.2509,0,0.0,1.75413,37.6013,26.3996,0.0,31.5003,0.0,0.0,0.0,5.09995,3.33478,0.0,31.4021,0,854.493,0.0,17.2335,73.7723,22.8849,2.80003,1.50998,3.63494,0.0,0.0,0.0,14.4333,55.9272,13.6,15.9611,920.957,92.829,11.7682,28.695,69.8976,6.975,12.3671,53.182,497.444,839.039978027,35.17,38.0,15.3002,10.217,10.753,63.4125,0.0,0.12371,0.0,0.0,28.7,0.0,46.8959,65.2644,60.5802,0,2.16068,0.0,862.453,11.349,0.0,100.957,0.0,19.2096,6.48875,0.0,
2022-09-26 14:00:00,0.0,1540.21,56.4295,0,0.0,0.53796,40.791,46.2993,0.0,28.3005,0.0,0.0,0.0,4.99817,3.03104,0.0,26.0364,0,873.024,0.0,19.9618,73.6917,20.192,2.50095,1.84497,3.33495,0.0,0.0,0.0,12.3182,56.2779,11.58,14.7318,930.186,76.6349,10.2902,23.208,61.1429,5.602,12.04,41.13,511.214,913.859985352,48.07,49.0,14.0001,10.961,10.4234,62.3854,0.0,0.14381,0.0,0.0,31.6,0.0,48.1044,51.0552,61.9046,0,3.94965,0.0,839.21,11.4858,0.0,125.878,0.0,18.93,5.25948,0.0,
2022-09-26 14:05:00,0.0,1530.57,45.1694,0,0.0,0.0,63.87,27.0996,0.0,28.1975,0.0,0.0,0.0,6.49828,2.92224,0.0,30.1962,0,873.072,0.0,25.5772,73.6867,17.897,2.29954,3.03495,3.32495,0.0,0.00034,0.0,12.4109,56.3087,11.58,17.6292,919.346,57.5706,7.75192,16.341,63.8172,6.547,11.1489,26.17,502.571,1039.5300293,52.88,56.5,12.8008,7.978,11.8151,61.3422,0.0,0.12371,0.0,0.0,29.9,0.0,53.6745,38.5763,65.5448,0,1.32204,0.0,864.553,21.8839,0.0,159.71,0.0,18.67,10.8931,0.0,
2022-09-26 14:10:00,0.0,1556.66,47.2297,0,0.0,0.0,51.6493,21.8997,0.0,21.7979,0.0,1.4229,0.0,5.29908,4.3456,0.0,30.9956,0,877.369,0.0,22.0127,73.6967,16.7691,2.69932,2.86996,3.55495,0.0,0.0,0.0,14.9509,56.5148,12.6,19.6803,929.417,47.2378,5.80841,19.507,58.795,3.702,10.8705,23.272,513.484,1013.61999512,46.26,77.75,12.0012,11.02,13.2799,44.7458,0.0,0.00565,0.0,0.0,31.5,0.0,53.8173,32.7993,60.5118,0,1.04005,0.0,888.577,15.5288,0.0121,76.1761,0.0,18.2598,11.9271,0.0,
2022-09-26 14:15:00,0.0,1534.94,48.6316,0,0.0,0.0,43.4095,49.2993,0.0,23.5969,0.0,0.2533,0.29847,6.0956,4.90368,0.0,35.6162,0,883.644,0.0,26.4378,73.6413,16.3906,2.10117,2.04497,3.87494,0.0,0.0,0.0,21.9566,56.2779,15.61,15.0518,917.551,47.7414,4.66142,21.959,44.2496,4.108,10.9975,21.176,499.886,1140.17004395,44.85,77.75,11.9005,10.059,10.0847,39.7216,0.0,0.12371,0.0,0.0,30.4,0.0,58.97,25.9144,69.4926,0,1.51797,0.0,918.412,13.4682,0.0,89.1951,0.0,17.7801,8.58045,0.0,
2022-09-26 14:20:00,0.0,1544.7,34.0606,0,0.0,0.0,29.5811,52.1992,0.0,17.1012,0.0,0.08469,0.42786,4.59991,5.98195,0.0,37.2558,0,902.077,0.0,27.512,73.6816,14.9404,2.19882,1.18998,3.76494,0.0,0.51847,0.0,27.5251,56.6009,15.61,10.5805,913.248,42.1016,3.79409,21.845,55.6469,5.096,11.1269,55.984,495.076,1191.23999023,58.24,36.75,10.4997,5.679,8.63813,38.44,0.0,0.00565,0.0,0.0,28.8,0.0,61.3541,20.5127,71.9451,0,0.91554,0.0,946.709,12.6674,0.0,78.7579,0.0,17.1001,5.82467,0.0,
2022-09-26 14:25:00,0.0,1559.25,29.6797,0,0.0,0.0,23.9304,47.8993,0.0,10.5985,0.0,0.0,0.01953,4.89639,11.8989,0.0,29.2071,0,891.188,0.0,28.7449,64.1293,13.8174,2.29954,1.95997,3.32495,0.0,0.67716,0.0,21.93,57.2161,19.65,11.2732,905.979,37.751,4.15695,25.212,36.2899,4.362,14.9282,55.402,496.492,1021.22998047,92.0,61.0,10.3014,5.062,4.08789,51.0795,0.0,0.08352,0.0,0.0,28.6,0.0,67.3198,23.2959,56.3076,0,0.45228,0.0,969.561,7.29381,0.0,75.0897,0.0,12.9899,4.39765,0.0,
2022-09-26 14:30:00,0.0,1570.46,39.3415,0,0.3,0.0,22.2422,52.1992,0.0,12.8988,0.0,0.0,0.43641,2.49798,12.9408,0.0,23.3941,0,870.729,0.0,21.622,73.173,14.7134,3.09911,2.59996,3.08495,0.0,0.0,0.0,26.0915,56.3087,29.73,9.6169,901.675,38.4962,4.27555,31.34,35.7582,5.716,14.6304,54.346,493.88,1047.81994629,43.82,65.25,10.7011,5.563,4.45411,42.596,0.0,0.08352,0.0,0.0,28.3,0.0,65.8036,17.8027,54.0176,0,0.28016,0.0,975.518,5.81918,0.0,62.8214,0.0,17.99,5.63546,0.0,
2022-09-26 14:35:00,0.0,1578.49,32.5711,0,0.2,0.0,23.0002,52.5992,0.0,24.7986,0.0,0.0,0.23804,2.89624,12.2004,0.0,20.657,0,854.224,0.0,13.4859,93.7883,14.7817,3.00145,1.28498,2.85496,0.0,0.0,0.0,29.0314,55.7519,23.69,9.10336,917.386,33.8535,4.27201,22.573,66.9337,4.967,18.0703,51.558,497.932,1043.39001465,45.26,66.0,10.7011,6.393,6.07462,33.0077,0.0,0.08352,0.0,0.0,29.3,0.0,68.8469,18.407,53.6245,0,0.0,0.0,949.077,5.50912,0.0,80.7416,0.0,17.1905,5.36507,0.0,
2022-09-26 14:40:00,0.0,1605.18,23.6022,0,0.16,0.0,19.5907,51.7992,0.0,32.599,0.0,0.0,0.24903,4.39635,12.9244,0.0,19.0039,0,883.595,0.0,10.6477,81.8895,13.3095,3.09911,0.64999,2.52496,0.0,0.0,0.0,26.0966,56.5424,29.88,13.1988,926.524,26.5319,3.38521,19.078,67.0969,4.072,26.1662,31.576,515.926,1074.34997559,28.62,44.5,9.80087,9.294,3.63928,29.5511,0.0,0.08352,0.0,0.0,31.8,0.0,56.9046,17.7203,48.7367,0,0.0,0.0,968.706,4.57404,0.00093,140.996,0.0,16.69,2.17227,0.0,
2022-09-26 14:45:00,0.0,1591.77,20.671,0,0.63,0.0,15.2804,50.1992,0.0,25.602,0.0,0.0,0.38697,5.29908,9.87597,0.0,15.8196,0,894.582,0.0,10.6966,81.1039,12.5209,3.00145,0.0,2.22497,0.0,0.0,0.0,22.0508,56.7178,25.77,8.76954,928.391,22.1611,2.67012,15.968,70.2661,6.73,24.9528,43.032,506.453,1010.83001709,29.88,36.0,9.09896,6.286,4.0238,32.9566,0.0,0.04333,0.0,0.0,30.1,0.0,64.2106,16.2646,43.9258,0,0.28016,0.0,999.078,3.51446,0.0,138.738,0.0,15.0798,0.2179,0.0,
2022-09-26 14:50:00,0.0,1622.41,21.0507,0,0.0,0.0,14.9801,51.7992,0.0,26.5015,0.0,0.0,0.13855,5.89647,8.2985,0.0,13.7465,0,936.281,0.0,11.722,81.6477,12.123,2.90074,0.53499,2.05497,0.0,0.0,0.0,13.6812,56.5732,14.4,5.98682,948.314,17.4781,2.15857,16.227,30.6675,4.949,16.188,53.498,524.886,916.210021973,34.78,36.5,9.30037,7.461,3.20897,24.2415,0.0,0.14381,0.0,0.0,32.1,0.0,63.068,15.8617,40.8325,0,1.89517,0.0,1024.64,3.99542,0.38442,143.133,0.0,14.6196,0.0,0.0,
2022-09-26 14:55:00,1.39895,1578.03,24.2209,0,0.33,0.0,16.3204,49.3993,0.0,31.8025,0.0,0.0,0.44862,3.79896,6.94221,0.0,14.424,0,932.79,0.0,20.5844,77.3626,12.8774,2.19882,0.60499,2.06497,0.0,0.0,0.0,17.1438,55.2227,9.49,5.98912,923.667,15.2222,1.76916,16.372,20.9758,5.431,16.1294,50.728,502.742,957.570007324,47.2,35.0,10.3014,6.117,3.88647,16.4029,0.0,0.00565,0.0,0.0,30.1,0.0,66.5287,16.4752,36.6198,0,4.66377,0.0,1053.99,3.96124,0.0,90.4829,0.0,12.8398,0.0,0.0,
2022-09-26 15:00:00,2.89799,1590.89,38.76,0,0.0,0.0,21.9309,47.3993,0.0,25.2998,0.0,0.0,0.0,3.59983,7.73427,0.0,14.6679,0,943.41,0.0,22.8489,93.7228,12.892,2.00046,0.285,2.25497,0.0,0.0,0.0,20.2834,56.0749,10.5,5.6576,928.758,14.8899,1.69482,13.64,22.9342,4.87,16.5273,39.78,506.673,910.349975586,32.06,34.25,10.2007,5.977,3.87732,20.6641,0.0,0.00565,0.0,0.0,31.6,0.0,67.155,15.7794,36.2182,0,2.87846,0.0,1076.99,5.02571,0.0,110.661,0.0,9.17997,0.03235,0.0,
2022-09-26 15:05:00,5.39612,1587.6,32.8711,0,0.0,0.0,25.7322,44.8993,0.0,32.7981,0.0,0.0,0.0,1.99794,11.7827,0.0,18.8413,0,961.16,0.0,16.5377,86.079,11.288,2.40024,0.0,2.44496,0.0,0.0,0.0,30.5633,55.7519,9.49,5.38214,924.253,17.0652,1.89129,11.682,24.0397,3.463,20.0211,46.958,522.982,899.5,20.27,28.25,9.19966,7.947,1.57015,23.2958,0.0,0.14381,0.0,0.0,30.3,0.0,74.3621,16.4752,40.8411,0,2.28153,0.0,1107.8,6.23911,0.0,75.816,0.0,3.70983,0.0,0.0,
2022-09-26 15:10:00,9.19562,1620.78,25.9201,0,0.0,0.0,29.691,47.6993,0.0,49.0993,0.0,0.0,0.0,3.69718,8.91238,0.0,28.0147,0,986.209,0.0,22.2629,83.3497,11.6347,4.60059,0.0,2.55496,0.0,0.0,0.0,20.438,56.0164,6.47,5.38214,937.455,20.9224,2.42408,11.635,19.186,5.549,8.89052,49.114,565.536,869.700012207,14.93,28.25,9.90158,5.525,1.89975,22.7935,0.0,0.14381,0.0,0.0,32.3,0.0,79.4818,21.4923,38.7304,0,0.88441,0.0,1082.48,6.94957,0.00093,66.923,0.0,6.26972,0.0,0.0,
2022-09-26 15:15:00,9.99595,1580.37,28.4398,0,0.0,0.0,48.8698,48.4993,0.0,83.8029,0.0,0.0,0.0,6.0956,6.85338,0.0,36.4292,0,992.288,0.0,23.0442,88.2845,13.3339,6.40116,0.0,2.94496,0.0,0.0,0.0,14.658,57.5084,5.45,5.94586,917.203,24.7393,2.97456,14.787,16.2958,8.823,8.15808,52.216,562.924,920.309997559,16.67,28.25,11.5007,4.743,2.10117,20.3222,0.0,0.08352,0.0,0.0,30.7,0.0,77.2405,27.2145,39.9182,0,1.88602,0.0,1100.84,14.1884,0.0,46.2196,0.0,6.92038,0.0,0.0,
2022-09-26 15:20:00,14.2941,1576.86,29.5204,0,0.0,0.32445,35.1,19.2997,0.0,111.297,0.0,0.0,0.0,8.8967,7.91808,0.0,39.1257,0,1010.79,0.0,19.7848,87.2522,16.4175,4.29847,0.0,3.20495,0.0,0.0,0.0,12.3249,56.1025,7.46,7.14368,913.706,37.0359,4.28794,27.649,15.6115,7.32,7.77234,55.55,558.578,962.530029297,16.34,27.75,14.0001,7.674,3.27306,18.2818,0.0,0.08352,0.0,0.0,30.7,0.0,81.8769,29.0913,40.9265,0,2.69169,0.0,1133.87,8.80507,0.0,50.1686,0.0,6.58956,0.0,0.0,
2022-09-26 15:25:00,14.4987,1578.22,31.5701,0,0.0,0.0,16.13,44.2993,0.0,130.097,0.0,0.0,0.0,10.2995,6.89664,0.0,44.0443,0,1023.0,0.0,20.3403,88.2694,18.024,3.5996,0.0,3.26495,0.0,0.0,0.0,14.506,55.1951,8.47,5.99987,912.845,44.136,4.67204,32.236,17.6646,5.262,7.62585,49.776,554.232,937.090026855,14.51,28.75,14.1009,3.244,3.44701,18.3102,0.0,0.08352,0.0,0.0,29.5,0.0,76.6253,25.3925,42.7979,0,2.39506,0.0,1158.36,5.26009,0.0,48.7831,0.0,7.10959,0.0,0.0,
2022-09-26 15:30:00,13.2983,1604.32,28.7504,0,0.03,0.0,14.7018,42.7994,0.0,87.6001,0.0,0.0,0.0,7.39658,4.54093,0.0,69.6945,0,1057.57,0.0,18.3017,93.884,16.2124,1.89975,0.0,4.98492,0.0,0.0,0.0,13.8952,55.7519,9.5,5.30483,927.824,49.7354,5.39599,29.144,19.3071,2.331,6.53941,27.702,575.79,1003.65002441,13.7,23.5,12.9992,2.743,4.58228,19.659,0.0,0.00565,0.0,0.0,32.1,0.0,80.0421,27.9103,41.3281,0,2.80156,0.0,1181.6,4.76692,0.01769,48.8685,0.0,13.8005,1.51064,0.0,
2022-09-26 15:35:00,9.19607,1618.04,26.1803,0,0.0,0.0,17.9611,43.2993,0.0,48.5981,0.0,0.0,0.0,2.29885,3.29306,0.0,71.5102,0,1098.95,0.0,19.6994,91.8748,17.9507,1.49996,0.0,6.92489,0.0,0.0,0.0,9.5273,56.5424,12.5,4.94874,931.925,72.3749,6.08277,26.756,24.4714,1.98,6.97398,37.236,566.61,1012.71002197,16.04,15.75,14.699,2.865,4.01465,20.0178,0.0,0.14381,0.0,0.0,32.1,0.0,78.7018,26.0334,40.0635,0,0.46693,0.0,1212.27,4.53986,0.00093,45.3223,0.0,7.56005,1.9556,0.0,
2022-09-26 15:40:00,12.2962,1664.87,31.2621,0,0.24,0.0,15.8517,35.5995,0.0,57.0989,0.0,0.0,0.0,2.3962,3.17581,0.0,55.616,0,1141.75,0.0,15.3597,86.2048,22.3819,2.19882,0.34499,2.55496,0.0,0.0,0.0,17.7121,55.2843,22.71,5.18912,920.865,55.3751,5.59777,25.587,41.2489,1.729,13.2509,49.644,566.683,947.190002441,18.08,13.5,15.8007,2.176,4.7013,15.8697,0.0,0.08352,0.0,0.0,31.5,0.0,84.195,22.7008,48.5658,0,0.0,0.0,1236.51,3.99298,0.00093,51.3344,0.0,4.59975,5.55856,0.0,
2022-09-26 15:45:00,11.8959,1692.51,56.0711,0,0.41,0.0,20.0302,10.8998,0.0,16.2978,0.0,0.0,0.0,4.299,2.8439,0.0,119.274,0,1181.06,0.0,15.9945,29.3745,13.019,2.19882,0.97999,2.72496,0.0,0.0,0.0,20.0653,56.6009,14.59,4.82202,931.504,44.5388,5.22252,22.172,25.7296,1.629,20.6119,38.47,598.349,944.280029297,21.55,17.0,8.79988,1.716,7.42046,9.67282,0.0,0.12371,0.0,0.0,32.5,0.0,82.7008,24.2573,43.0542,0,0.60975,0.0,1257.19,4.90852,0.00093,59.4766,0.0,4.69008,3.99908,0.0,
2022-09-26 15:50:00,15.3972,1675.39,77.3302,0,0.72,0.0,24.7215,37.9994,0.0,24.4003,0.0,0.0,0.0,2.29885,2.40922,0.0,58.6512,0,1205.74,0.0,13.7728,76.7382,8.8539,1.89975,3.67994,3.00495,0.75221,0.52958,0.0,10.7843,56.484,11.57,5.03987,891.165,35.052,4.85435,17.437,44.1759,1.328,25.7658,27.716,605.6,1001.40997314,21.91,18.0,6.49882,1.769,2.71458,10.1422,0.0,0.00565,0.0,0.0,29.3,0.0,100.894,25.4932,40.0293,0,1.15724,0.0,1271.52,6.06577,0.0,56.4675,0.0,4.3202,10.1448,0.0,
2022-09-26 15:55:00,22.2955,1717.7,82.4306,0,0.5,0.0,11.5633,21.9997,0.0,20.8022,0.0,0.0,0.0,2.29885,3.56237,0.0,62.9601,0,1256.33,0.0,11.7952,45.3772,8.21424,1.29854,6.5749,6.01491,4.48786,1.58569,0.0,12.6167,55.635,11.59,5.0048,908.579,29.7143,4.01004,11.84,41.9385,1.177,26.2614,46.09,583.139,1039.02001953,22.15,18.25,6.30045,1.498,0.0,13.418,0.0,0.12371,0.0,0.0,31.3,0.0,108.871,18.5992,54.8891,0,0.76905,0.0,1263.37,3.83429,0.0,42.6551,0.0,11.6495,8.17456,0.0,
2022-09-26 16:00:00,22.3974,1732.25,51.5203,0,0.16,0.0,8.09155,30.5995,0.0,18.5019,0.0,0.23499,0.14832,1.99794,3.2343,0.0,41.4156,0,1286.97,0.0,7.77905,85.7517,9.08583,1.10018,8.50487,5.69491,7.83313,2.45533,0.0,7.1232,55.6626,7.56,4.0585,931.175,34.7599,3.91446,10.928,42.6176,1.277,22.6896,53.714,599.179,1050.4699707,20.58,15.25,7.30144,1.065,0.0,13.2922,0.0,0.00565,0.0,0.0,32.0,0.0,110.98,16.6857,59.3411,0,0.0,0.0,1258.41,2.52079,6.05299,41.3977,0.0,11.6703,9.97024,0.0,
2022-09-26 16:05:00,24.1951,1767.19,29.77,0,0.0,0.0,8.45045,21.8997,0.0,18.9002,0.0,10.4234,1.01869,2.19707,1.70726,0.0,46.2123,0,1313.56,0.0,7.45556,37.8693,12.8041,0.801099,10.3548,2.55496,22.452,1.97687,0.0,4.42752,57.4807,6.54,3.01197,952.91,51.7999,3.52328,10.616,41.3753,1.628,12.8383,51.698,636.728,852.630004883,21.59,11.0,10.7988,1.743,0.0,10.2218,82.0127,0.12371,0.0,0.0,31.6,0.0,112.639,20.5035,52.3256,0,0.0,0.0,1236.81,2.63798,0.02699,49.0394,0.0,9.74029,4.77119,0.0,
2022-09-26 16:10:00,22.4971,1762.06,16.7814,0,0.76,0.0,7.04051,35.7994,0.0,19.6006,0.0,16.4584,5.2845,1.79881,1.60416,0.0,35.6704,0,1315.61,0.0,8.5481,93.7782,14.9917,0.801099,13.0748,2.57496,19.4114,4.36442,0.0,5.24006,56.0164,4.51,2.76531,949.687,75.3458,7.17665,9.074,8.29927,1.378,15.3506,12.61,648.862,913.760009766,34.45,10.5,12.0012,2.46,0.0,8.1776,80.2518,0.12371,0.0,0.0,30.4,0.0,119.132,45.6718,43.0713,0,0.0,0.0,1204.8,1.67117,0.0,106.169,0.0,5.99994,1.66873,0.0,
2022-09-26 16:15:00,25.9943,1783.43,14.2006,0,2.94,0.0,5.62325,32.4995,0.0,19.6967,0.0,19.617,3.31365,0.2987,1.39424,0.0,39.0986,0,1339.1,0.0,15.1827,93.7732,14.8135,0.898756,15.9748,4.82493,16.1233,4.18827,0.0,4.8128,55.9856,3.51,2.54362,952.58,48.9801,9.53082,8.405,6.0198,0.977001,11.4296,9.106,662.681,771.909973145,71.55,11.0,11.0002,2.66,0.0,7.15638,157.916,0.12371,0.0,0.0,30.6,0.0,120.692,79.675,55.9658,0,0.0,0.0,1197.45,1.06325,0.00093,142.864,0.0,3.07993,1.50515,0.0,
2022-09-26 16:20:00,19.6973,1778.62,13.6803,0,2.87,0.0,4.52094,31.2995,0.0,22.2992,0.0,15.7488,3.66278,0.69696,1.80576,0.0,55.0469,0,1345.83,0.0,14.1451,89.201,12.7748,0.999466,19.6147,3.23495,7.85852,2.46882,0.0,3.07366,55.6626,3.51,2.21235,931.339,102.145,12.0673,7.9,7.18322,0.927001,13.8906,28.006,664.073,793.809997559,61.98,20.5,12.8008,1.495,0.0,6.82353,157.867,0.04333,0.0,0.0,29.3,0.0,124.911,183.928,73.2695,0,0.0,0.0,1201.06,0.68238,0.0,124.932,0.0,2.49031,0.7483,0.0,
2022-09-26 16:25:00,15.6964,1821.37,14.5511,0,3.43,0.0,3.24285,29.4995,0.0,19.6006,0.0,9.77188,8.83253,0.39605,1.39891,0.0,44.0985,0,1387.83,0.0,15.3841,80.4795,57.3288,1.20089,18.5847,1.52498,3.32305,3.467,0.0,4.79949,56.161,4.52,1.73478,965.654,108.751,13.6904,7.195,8.66251,1.579,15.5435,30.84,700.987,642.659973145,32.32,37.5,47.6005,1.163,0.0,4.1149,160.451,0.08352,0.0,0.0,32.2,0.0,108.959,131.348,70.5693,0,1.2488,0.0,1202.09,0.93141,0.00093,93.37,0.0,3.66955,0.0,0.0,
2022-09-26 16:30:00,12.9962,1812.33,14.5113,0,3.33,0.0,1.92081,29.4995,0.0,20.198,0.0,9.42245,11.7147,0.0,2.34227,0.0,47.1744,0,1394.71,0.0,19.8459,79.6587,55.4659,0.700389,16.8947,1.66497,2.52958,2.77589,0.0,13.1231,55.6626,4.52,1.5033,966.881,84.8931,11.1256,8.767,9.73117,1.78,20.314,10.576,695.201,686.049987793,25.82,46.0,26.5003,1.817,0.0,3.46815,162.361,0.12371,0.0,0.0,31.3,0.0,107.794,128.208,55.2651,0,4.40192,0.0,1223.89,0.60426,0.00093,41.0437,0.0,3.01035,0.0,0.0,
2022-09-26 16:35:00,8.59517,1840.09,14.3122,0,3.85,0.0,1.50332,23.6996,0.0,18.7972,0.0,9.81155,11.8648,0.0,2.54285,0.0,35.6433,0,1433.41,0.0,27.0604,59.6478,15.5752,0.700389,15.2548,1.73497,3.90069,2.73463,0.0,6.84774,56.1025,4.52,1.04307,1010.99,72.3649,8.68119,7.921,16.2379,1.68,17.6211,18.876,715.465,615.979980469,44.23,14.25,9.99924,2.309,0.0,3.51935,162.592,0.13376,0.0,156.446,32.8,0.0,110.903,158.531,44.8402,0,8.13001,0.0,1211.27,0.44068,0.00093,20.914,0.0,2.27058,0.0,0.0,
2022-09-26 16:40:00,4.39528,1859.5,30.2399,0,5.4,0.0,1.68276,9.19986,0.0,22.9995,0.0,11.1131,9.63638,0.0,1.9145,0.0,27.2423,0,1466.25,0.0,26.9932,65.5393,10.8534,0.898756,17.3847,1.90497,2.45341,2.46009,0.0,11.3377,55.635,3.51,0.82598,1068.16,65.295,7.56252,6.781,12.9056,1.278,10.8485,13.126,724.425,571.690002441,65.75,9.75,9.09896,2.226,0.0,2.98397,163.578,0.08352,0.0,165.518,33.7,0.0,112.266,171.641,28.8353,0,8.01831,0.0,1226.23,0.47242,0.00093,19.7421,2.0347,1.87017,0.0,0.0,
2022-09-26 16:45:00,0.49935,1872.56,43.1595,0,3.79,0.0,1.98306,15.0998,0.0,23.1987,0.0,11.3161,9.69619,0.0,1.748,0.0,22.9198,0,1513.76,0.0,48.1239,15.3356,12.875,0.801099,17.8847,1.37498,3.05327,3.30355,0.0,12.566,56.2502,3.51,0.6904,1066.31,76.0508,9.44939,5.312,7.36221,1.027,9.44961,9.178,779.382,591.340026855,60.52,9.5,9.80087,1.707,0.0,2.91518,162.952,0.12371,0.0,166.26,34.0,0.0,112.09,160.948,25.648,0,7.89014,0.0,1251.5,0.56031,0.13683,17.85,3.0894,2.71004,0.0,0.0,
2022-09-26 16:50:00,0.49935,1870.12,36.0704,0,4.11,0.0,1.92081,22.8997,0.0,23.5008,0.0,12.488,8.03296,0.0,1.18413,0.0,27.2829,0,1539.98,0.0,31.986,12.6768,10.1698,1.29854,19.4147,0.91499,2.03445,2.63465,0.0,12.139,55.7211,2.51,0.90051,1048.81,62.6262,5.81195,3.927,3.15072,0.827001,4.37385,6.046,810.877,444.640014648,24.87,9.0,6.8986,1.5,0.0,2.61299,160.66,0.00565,0.0,283.813,32.3,0.0,109.332,103.818,18.923,0,9.05104,0.0,1263.76,0.56764,0.00093,15.1339,2.63236,2.78939,0.0,0.0,
2022-09-26 16:55:00,0.49935,1871.71,35.2208,0,5.9,0.0,2.34195,20.8997,0.0,30.4017,0.0,13.0373,10.6832,0.0,0.76928,0.0,23.0282,0,1577.11,0.0,35.8251,12.5509,5.82162,2.19882,18.9647,0.69499,3.33574,2.43946,0.0,8.6615,55.958,2.51,0.79533,1035.4,61.1257,5.97833,2.993,3.71927,0.627001,5.17464,6.188,830.579,525.950012207,13.76,17.0,4.30152,1.341,0.0,1.7637,158.951,0.12371,0.0,299.092,30.9,0.0,101.587,140.925,18.2394,0,11.285,0.0,1260.51,0.3357,8.40233,14.8836,1.80618,1.66021,0.0,0.0,
2022-09-26 17:00:00,0.49935,1887.06,31.0099,0,6.97,0.0,2.68254,18.5997,0.0,30.0034,0.0,12.8573,7.68261,0.0,0.46091,0.0,22.0933,0,1610.02,0.0,57.792,8.67865,4.83284,3.49889,21.2447,0.58499,6.74131,2.09509,0.0,7.5904,55.4012,1.75,0.67792,1040.36,58.8496,7.58376,2.379,4.37732,0.677001,7.61852,4.776,852.674,569.359985352,14.16,24.25,3.89868,0.968002,0.0,1.78305,158.449,0.12371,0.0,301.799,31.3,0.0,98.2028,145.869,19.017,0,7.77295,0.0,1257.22,0.78492,9.34989,16.1532,0.0,1.72002,0.0,0.0,
2022-09-26 17:05:00,0.0,1884.38,17.3204,0,8.57,0.0,2.47013,10.9998,0.0,31.6995,0.0,11.4031,8.57374,0.0,0.35506,0.0,22.0933,0,1624.77,0.0,48.4779,5.89403,4.64729,7.70123,19.0447,0.58499,9.28676,1.58331,0.0,8.71731,56.5148,1.75,0.67792,1075.72,52.2632,6.7837,1.955,2.73484,0.627001,3.67803,5.102,896.254,498.119995117,8.96,21.25,3.5996,0.971002,0.0,2.55454,160.446,0.00565,0.0,346.713,32.5,0.0,90.1717,138.81,19.3246,0,8.07324,0.0,1258.66,0.0,0.00093,17.8683,0.0,1.51006,0.0,0.0,
2022-09-26 17:10:00,0.0,1888.7,18.0,0,7.26,0.0,2.05264,15.9998,0.0,16.4008,0.0,10.1122,9.68338,0.0,0.5575,0.0,20.0201,0,1614.51,0.0,16.318,5.44083,4.3592,3.99939,17.6147,0.66499,8.08704,3.36623,0.0,10.5472,56.3671,1.5,1.38336,1105.17,44.9114,5.35882,1.798,2.00309,0.476001,3.10918,3.964,917.739,530.099975586,6.5,16.75,3.09911,0.857002,0.0,4.00133,198.561,0.00565,0.0,357.746,32.3,0.0,86.4692,124.939,17.2653,0,10.4756,0.0,1258.97,0.0,0.00093,13.1441,0.0,0.99002,0.0,0.0,
2022-09-26 17:15:00,0.0,1904.2,14.5113,0,7.13,0.0,1.51064,14.5998,0.0,14.6017,0.0,10.0877,9.96292,0.0,0.65862,0.0,19.7491,0,1647.84,0.0,13.3638,6.12566,3.40215,10.2007,15.5648,0.72499,4.9449,5.00554,0.0,22.4553,55.312,1.5,1.07238,1115.53,32.5443,3.80472,2.1,1.22396,0.476001,2.26688,5.322,941.03,643.059997559,4.97,6.25,2.59861,0.0,0.0,2.74314,201.871,0.14381,0.0,365.543,33.4,0.0,82.7228,72.9824,12.5057,0,10.3072,0.0,1259.51,0.0,0.00093,11.4107,2.44779,0.72024,0.0,0.0,
2022-09-26 17:20:00,0.0,1897.59,5.66194,0,6.88,0.0,0.92103,12.9998,0.0,11.2989,0.0,9.74136,7.74548,0.0,0.55747,0.0,17.283,0,1667.71,0.0,18.8754,13.9558,2.63066,11.2993,14.2948,0.75499,3.14214,5.76013,0.0,34.7996,56.0749,1.5,0.69629,1107.03,30.5805,2.60816,2.785,1.67144,0.426001,1.40505,3.734,977.017,762.049987793,4.97,4.0,2.10117,0.0,0.0,1.78186,201.102,0.08352,0.0,350.618,31.6,0.0,77.1746,40.0687,7.9939,0,11.1238,0.0,1255.39,0.0,0.0,8.93263,3.70465,0.43947,0.0,0.0,
2022-09-26 17:25:00,0.0,1907.45,2.57144,0,5.76,0.0,1.04189,11.7998,0.0,11.6011,0.0,12.4575,6.51621,0.0,0.65878,0.0,14.8169,0,1698.96,0.0,32.932,5.69764,1.82986,6.00137,13.4048,0.73499,0.0,4.73735,0.0,30.0708,56.3087,1.5,0.69629,1101.87,23.8631,2.79225,2.696,0.56592,0.426001,1.23659,1.63,1012.39,778.91998291,5.13,2.25,1.60067,0.0,0.0,1.5757,201.062,0.08352,0.0,348.368,31.6,0.0,89.8421,65.2644,4.25116,0,13.138,0.0,1239.54,0.0,16.8186,6.69871,4.60993,0.41993,0.0,0.0,
2022-09-26 17:30:00,0.0,1931.84,2.02184,0,4.44,0.0,1.31289,4.09994,0.0,6.80133,0.0,11.2673,5.01411,0.0,0.97277,0.0,12.4321,0,1701.16,0.0,9.41482,3.88487,0.93629,6.19974,12.1048,0.49499,0.0,3.34481,0.0,19.3464,55.5765,1.5,0.59459,1099.27,21.285,3.28078,3.285,0.38167,0.326001,1.06569,4.054,1044.77,742.059997559,3.93,1.0,0.89876,0.0,0.0,1.4177,200.31,0.12371,22.82,353.301,31.3,0.0,72.7581,37.9355,3.05486,0,16.5878,0.0,1237.93,0.0,9.05762,4.37934,5.27791,0.36012,0.0,0.0,
2022-09-26 17:35:00,0.0,1946.34,1.55189,0,2.65,0.0,1.88052,8.69987,6.42393,4.59716,0.0,8.92348,2.91325,0.0,2.24282,0.0,11.8224,0,1703.16,0.0,7.56542,3.0238,0.27955,1.29854,11.2848,0.265,0.0,2.37122,0.0,14.4947,56.7762,0.5,0.59459,1113.1,15.464,2.14441,2.795,0.71332,0.225001,0.88991,2.028,1084.64,659.400024414,2.48,0.75,0.49897,0.0,0.0,1.19202,201.985,0.00565,259.18,361.817,32.7,0.0,88.6336,13.2525,2.26871,0,15.7089,0.0,1240.22,0.59937,26.4803,3.34783,5.68222,0.2002,1.12856,0.0,
2022-09-26 17:40:00,0.29961,1944.9,1.11115,0,1.73,0.0,2.81071,7.59988,19.4651,4.89929,0.0,7.04662,1.9147,0.0,2.23053,0.0,12.527,0,1696.64,0.0,6.3508,2.34401,0.27955,2.29954,10.2248,0.0,0.0,1.961,0.0,4.43341,56.1917,0.5,0.59459,1094.75,9.23003,1.18859,1.985,0.0,0.175001,0.74342,1.964,1113.03,756.200012207,1.79,0.75,0.40131,0.0,0.0,1.52639,240.143,0.31462,249.45,347.297,31.0,0.0,78.1524,7.54864,0.0,0,13.0465,0.0,1242.84,0.81666,15.0427,2.80461,7.95862,0.11963,1.20912,0.0,
2022-09-26 17:45:00,0.29541,1966.27,0.73147,0,0.89,0.0,3.93133,6.19991,18.9417,4.80316,0.0,5.13161,0.22889,0.0,0.82902,0.0,9.13948,0,1701.28,0.0,13.0465,1.35706,0.0,0.300603,9.46486,0.0,0.0,1.67138,0.0,2.26061,55.3704,0.05,0.59459,1103.99,5.48363,0.68766,1.249,0.0,0.125001,0.65064,0.738,1117.99,767.299987793,1.55,0.5,0.3006,0.0,0.0,2.13533,242.491,0.29452,255.08,353.627,32.3,0.0,65.6937,3.15404,0.0,0,12.1749,0.0,1237.44,1.22438,6.89816,1.80362,8.32776,0.0,0.0,0.0,
2022-09-26 17:50:00,0.89776,1984.19,0.40224,0,0.36,0.0,4.44038,5.09992,18.6097,2.39986,0.0,4.53345,0.0,0.0,0.42226,0.0,4.35633,0,1702.89,0.0,11.1727,0.5967,0.0,0.199893,7.87488,0.0,0.0,2.61006,0.0,1.49792,55.6934,0.05,0.5977,1105.92,3.4493,0.38145,0.0,0.0,0.0,0.5066,0.542,1163.62,845.520019531,0.81,0.0,0.19989,0.0,0.0,2.70613,242.247,0.35481,255.56,357.269,32.1,0.0,68.737,1.2314,0.0,0,10.8528,0.0,1241.71,1.30739,23.284,0.69276,9.6022,0.0,0.0,0.0,
2022-09-26 17:55:00,1.29641,1974.83,0.0,0,0.0,0.0,4.14008,3.99994,17.5628,1.30121,0.0,5.84421,0.73915,0.0,0.42226,0.0,2.18833,0,1698.94,0.0,5.05684,0.0,0.0,0.199893,7.88488,0.0,0.0,3.39638,0.0,1.0457,56.3087,0.05,0.49438,1103.5,2.42206,0.26285,0.0,0.0,0.0,0.18921,0.288,1195.55,877.450012207,0.43,0.0,0.09918,0.0,0.0,2.187,242.352,0.43519,253.16,353.341,32.1,0.0,64.8148,0.0,0.0,0,11.6768,0.0,1238.15,0.91676,17.1444,0.0,9.96255,0.0,2.00809,0.0,
2022-09-26 18:00:00,1.6968,1999.62,0.0,0,0.0,0.0,2.44083,3.09995,15.1409,0.99908,0.0,5.10109,0.55848,0.0,0.42226,0.0,1.26693,0,1700.77,0.0,3.20745,0.0,0.0,0.099184,7.69488,0.0,0.0,4.14145,0.0,0.68528,55.5181,0.05,0.38762,1109.41,0.99199,0.0,0.0,0.0,0.0,0.0,0.0,1236.52,811.989990234,0.2,0.0,0.00153,0.0,2.79698,1.48903,242.796,0.4151,259.44,360.676,32.9,0.0,55.1247,0.0,0.0,0,12.5704,0.0,1234.24,0.86793,30.7937,0.0,9.89224,0.0,5.94064,0.0,
2022-09-26 18:05:00,2.6978,2003.45,0.0,0,0.0,0.0,0.63172,2.29996,6.68565,0.0,0.0,4.25345,0.43885,0.0,0.11845,0.0,1.63278,0,1700.4,0.0,0.60121,0.0,0.0,0.099184,6.4749,0.0,0.0,2.5323,0.0,0.34893,55.9272,0.05,0.28659,1114.34,0.0,0.0,0.0,0.0,0.0,0.0,0.0,1279.85,900.299987793,0.0,0.0,0.00153,0.0,3.61181,0.0,242.206,0.43519,254.81,356.893,32.2,0.0,54.7622,0.0,0.0,0,8.56031,0.0,1242.08,0.24781,24.3078,0.0,8.87269,0.0,5.52499,0.0,
2022-09-26 18:10:00,2.89486,2000.59,0.0,0,0.0,0.0,0.0,1.59998,0.0,0.0,0.0,5.53597,0.35828,0.0,0.01702,0.0,0.0,0,1702.21,0.0,0.0,0.0,0.0,0.001526,6.8649,0.0,0.0,2.78541,0.0,0.0,56.2779,0.05,0.06277,1114.58,0.0,0.0,0.0,0.0,0.0,0.0,0.0,1312.15,904.520019531,0.0,0.0,0.00153,0.0,4.65553,0.0,243.045,0.47538,260.63,362.756,33.1,0.0,51.7958,0.0,0.0,0,5.28634,0.0,1241.44,0.0,48.9927,0.0,6.55235,0.0,1.92508,0.0,
2022-09-26 18:15:00,2.59701,1997.1,0.0,0,0.0,0.0,0.0,1.09998,0.0,0.0,0.0,4.93858,0.52918,0.0,0.01702,0.0,0.0,0,1698.94,0.0,0.0,0.0,0.0,0.001526,6.2499,0.0,0.71412,3.63601,0.0,0.0,55.8995,0.05,0.0,1112.56,0.0,0.0,0.0,0.0,0.0,0.0,0.0,1325.07,860.880004883,0.0,0.0,0.00153,0.0,12.6299,0.0,241.833,79.7673,252.83,353.404,31.8,0.0,51.8727,0.0,0.0,0,4.2536,0.0,1240.96,0.0,50.0054,0.0,4.97029,0.0,2.52201,0.0,
2022-09-26 18:20:00,3.09552,2000.08,0.0,0,0.0,0.0,0.0,0.0,0.0,0.0,0.0,5.2285,0.56825,0.0,0.01702,0.0,0.0,0,1698.92,0.0,0.0,0.0,0.0,0.001526,8.07988,0.0,1.77102,3.72647,0.0,0.0,55.3427,0.05,0.0,1112.14,0.0,0.0,0.0,0.0,0.0,0.0,0.0,1340.4,859.989990234,0.0,0.0,0.00153,0.0,11.0826,0.0,241.62,77.6673,305.21,359.447,32.2,0.0,47.0387,0.0,0.0,0,5.44381,0.0,1236.49,0.0,49.9942,0.0,3.78375,0.0,11.1861,0.0,
2022-09-26 18:25:00,3.59708,1993.0,0.0,0,0.0,0.0,0.0,0.0,0.0,0.0,0.0,4.69596,1.43679,0.0,0.01702,0.0,0.0,0,1699.77,0.0,0.0,0.0,0.0,0.001526,8.31987,0.0,1.71389,3.71298,0.0,0.0,56.3671,0.05,0.0,1100.92,0.0,0.0,0.0,0.0,0.0,0.0,0.0,1354.29,775.900024414,0.0,0.0,0.00153,0.0,10.4692,0.0,240.669,77.2654,374.0,354.886,32.2,0.0,49.8842,0.0,0.0,0,5.16915,0.0,1242.93,0.0,49.9998,0.0,3.76617,0.0,11.4998,0.0,
2022-09-26 18:30:00,3.19669,1994.12,0.0,0,3.03,0.0,0.0,0.0,0.0,0.0,0.0,2.5658,2.63798,0.0,0.01702,0.0,0.0,0,1698.06,0.0,0.0,0.0,0.0,0.001526,9.28486,0.0,2.01224,1.97369,0.0,0.0,55.2535,0.0,0.0,1109.09,0.0,0.0,0.0,0.0,0.0,0.0,0.0,1367.5,648.66998291,0.0,0.0,0.00153,0.0,2.86107,0.0,240.465,77.7778,426.99,352.977,31.6,0.0,50.7192,0.0,0.0,0,4.9604,0.0,1243.03,0.0,50.0017,0.0,3.95074,0.0,11.7855,0.0,
2022-09-26 18:35:00,3.39643,1994.78,0.0,0,6.81,0.0,0.0,0.0,5.89657,0.0,0.0,1.39544,3.83429,0.0,0.01702,0.0,0.0,0,1698.28,0.0,0.0,0.0,0.0,0.001526,9.74485,0.0,0.05713,1.30956,0.0,0.0,56.161,0.0,0.0,1107.4,0.0,0.0,0.0,0.0,0.0,0.0,0.0,1378.81,639.179992676,0.0,0.0,0.00153,0.0,0.0,0.0,239.962,77.1574,471.83,354.93,31.5,0.0,43.5999,0.0,0.0,0,5.72946,0.0,1249.55,0.0,49.9998,0.0,4.67146,0.0,7.07652,0.0,
2022-09-26 18:40:00,6.49477,1995.29,0.0,0,5.51,0.0,0.0,0.0,6.35752,0.0,0.0,0.0,2.52628,0.0,0.01702,0.0,0.0,0,1697.55,0.0,0.0,0.0,0.0,0.001526,8.32487,0.0,0.0,0.38755,0.0,0.0,56.1025,0.0,0.0,1103.85,0.0,0.0,0.0,0.0,0.0,0.0,0.0,1394.63,573.380004883,0.0,0.0,0.00153,0.0,3.93225,0.0,239.66,77.2277,540.58,354.297,31.8,0.0,44.5887,0.0,0.0,0,5.48043,0.0,1261.51,0.0,23.0215,0.0,4.65388,0.0,1.71633,0.0,
2022-09-26 18:45:00,6.09575,1994.05,0.0,0,4.31,0.0,0.0,0.0,0.0,0.0,0.0,0.15412,2.90776,0.0,0.0,0.0,0.0,0,1699.01,0.0,0.0,0.0,0.0,0.001526,8.18488,0.0,0.0,0.0,0.0,0.0,55.9856,0.0,0.0,1092.48,0.0,0.0,0.0,0.0,0.0,0.0,0.0,1402.56,479.670013428,0.0,0.0,0.00153,0.0,5.35134,0.0,239.86,76.557,590.87,354.732,31.8,0.0,45.3468,0.0,0.0,0,5.64157,0.0,1252.19,0.0,36.6912,0.0,5.09334,0.0,3.32219,0.0,
2022-09-26 18:50:00,7.69597,1995.32,0.0,0,3.41,0.0,0.0,0.0,0.0,0.0,0.0,0.0,2.75578,0.0,0.0,0.0,0.0,0,1699.65,0.0,0.0,0.0,0.0,0.001526,7.36489,0.0,0.0,0.0,0.0,0.0,55.9856,0.0,0.0,1092.59,0.0,0.0,0.0,0.0,0.0,0.0,0.0,1397.29,491.890014648,0.0,0.0,0.00153,0.0,4.75624,0.0,239.807,76.6675,675.84,355.244,31.8,0.0,47.2035,0.0,0.0,0,6.14328,0.0,1250.87,0.0,21.7817,0.0,4.57478,0.0,3.62799,0.0,
2022-09-26 18:55:00,8.79508,1977.28,0.0,0,1.95,1.32606,0.0,0.0,0.0,0.0,0.0,0.0,1.72732,0.0,0.0,0.0,0.0,0,1692.91,0.0,0.0,0.0,0.0,0.001526,6.8649,0.0,0.0,0.0,0.0,0.0,56.3363,0.0,0.0,1099.11,0.0,0.0,0.0,0.0,0.0,0.0,0.0,1369.5,486.790008545,0.0,0.0,0.00153,0.0,11.2016,0.0,238.777,77.2679,651.75,350.245,31.1,0.0,51.3344,0.0,0.0,0,6.29709,0.0,1251.01,0.0,9.72593,0.0,4.40778,0.0,6.60655,0.0,
2022-09-26 19:00:00,11.295,1996.22,0.0,0,0.64,2.31512,0.0,0.0,0.0,0.0,0.0,0.0,2.18753,0.0,0.0,0.0,0.0,0,1699.87,0.0,0.0,0.0,0.0,0.001526,6.6599,0.0,0.0,0.0,0.0,0.0,56.5732,0.0,0.0,1103.35,0.0,0.0,0.0,0.0,0.0,0.0,0.0,1378.15,654.520019531,0.0,0.0,0.00153,0.0,18.8647,0.0,238.867,77.1674,512.56,351.741,31.5,0.0,52.5759,0.0,0.0,0,5.75509,0.0,1250.55,0.0,4.95279,0.0,3.36187,0.0,7.06493,0.0,
2022-09-26 19:05:00,12.8978,1982.82,0.0,0,0.0,2.06183,0.0,0.0,0.0,0.0,0.0,0.0,3.14702,0.0,0.0,0.0,0.0,0,1697.65,0.0,0.0,0.0,0.0,0.001526,6.8699,0.0,0.0,0.0,0.0,0.0,56.2194,0.0,0.0,1094.42,0.0,0.0,0.0,0.0,0.0,0.0,0.0,1368.94,623.460021973,0.0,0.0,0.00153,0.0,17.7569,0.0,239.114,76.9589,432.77,346.907,31.1,0.0,56.4321,0.0,0.0,0,5.19844,0.0,1250.28,0.0,3.63291,0.0,3.15093,0.0,10.8559,0.0,
2022-09-26 19:10:00,13.1987,1966.39,0.0,0,0.0,0.79857,0.0,0.0,0.0,0.0,0.0,0.0,3.49554,0.0,0.0,0.0,0.0,0,1691.32,0.0,0.0,0.0,0.0,0.001526,7.07989,0.0,0.0,0.0,0.0,0.0,55.8995,0.0,0.0,1092.92,0.0,0.0,0.0,0.0,0.0,0.0,0.0,1363.62,684.619995117,0.0,0.0,0.00153,0.0,9.87411,0.0,237.635,76.7379,300.97,344.292,30.4,0.0,59.783,0.0,0.0,0,6.0444,0.0,1250.58,0.0,5.18921,0.0,3.70465,0.0,15.8419,0.0,
2022-09-26 19:15:00,15.3932,1984.75,0.0,0,0.0,0.25747,0.0,0.0,0.0,0.0,0.0,0.0,4.48493,0.0,0.0,1.0,0.0,0,1698.04,0.0,0.0,0.0,0.0,0.001526,6.7299,0.0,0.0,0.0,0.0,0.0,55.635,0.0,0.0,1103.45,0.0,0.0,0.0,0.0,0.0,0.0,0.0,1369.8,680.5,0.0,0.0,0.00153,0.0,0.0,0.0,238.276,76.7077,242.79,346.292,31.1,0.0,62.8812,0.0,0.0,0,2.74846,0.0,1255.17,0.0,4.89694,0.0,4.53083,0.0,6.59617,0.0,
2022-09-26 19:20:00,17.3964,2003.18,0.0,0,0.0,0.04814,0.0,0.0,0.0,0.0,0.0,0.40818,3.14336,0.0,0.0,1.0,0.0,0,1698.21,0.0,0.0,0.0,0.0,0.001526,5.93991,0.0,0.0,0.0,0.0,0.0,55.3704,0.0,0.0,1113.74,0.0,0.0,0.0,0.0,0.0,0.0,0.0,1377.34,636.789978027,0.0,0.0,0.00153,0.0,0.0,0.0,241.064,76.5193,255.06,361.549,31.9,0.0,62.3209,0.0,0.0,0,2.83085,0.0,1247.79,0.0,12.6263,0.0,3.8277,0.0,1.81582,0.0,
2022-09-26 19:25:00,16.9963,1988.46,0.0,0,0.0,1.29152,0.0,0.0,0.0,0.0,0.0,0.0,1.12612,0.0,0.0,1.0,0.0,0,1696.33,0.0,0.0,0.0,0.0,0.001526,5.65491,0.0,0.0,0.0,0.0,0.0,55.9856,0.0,0.0,1100.79,0.0,0.0,0.0,0.0,0.0,0.0,0.0,1357.91,661.75,0.0,0.0,0.00153,0.0,0.0,0.0,240.603,77.2177,248.42,345.992,31.0,0.0,53.1582,0.0,0.0,0,5.07393,0.0,1248.11,0.0,0.00093,0.0,2.83452,0.0,1.8085,0.0,
2022-09-26 19:30:00,14.0974,1985.77,0.0,0,0.0,2.12358,0.0,0.0,0.0,0.0,0.0,0.0,1.7847,0.0,0.0,1.0,0.0,0,1696.82,0.0,0.0,0.0,0.0,0.001526,6.4299,0.0,0.0,0.0,0.0,0.0,55.635,0.0,0.0,1093.67,0.0,0.0,0.0,0.0,0.0,0.0,0.0,1353.54,585.270019531,0.0,0.0,0.00153,0.0,0.0,0.0,240.365,77.1775,249.87,347.942,31.3,0.0,54.0371,0.0,0.0,0,8.91188,0.0,1248.55,0.0,2.63882,0.0,2.73783,0.0,2.72465,0.0,
2022-09-26 19:35:00,15.1942,1997.47,0.0,0,0.0,2.42292,0.0,0.0,0.0,0.0,0.0,0.0,2.9163,0.0,0.0,1.0,0.0,0,1700.48,0.0,0.0,0.0,0.0,0.001526,6.20491,0.0,0.0,0.0,0.0,0.0,56.0749,0.0,0.0,1098.65,0.0,0.0,0.0,0.0,0.0,0.0,0.0,1368.65,562.16998291,0.0,0.0,0.00153,0.0,0.0,0.0,240.668,76.9564,250.75,353.195,31.1,0.0,56.0256,0.0,0.0,0,10.7466,0.0,1254.02,0.0,0.03072,0.0,2.13138,0.0,0.0,0.0,
2022-09-26 19:40:00,12.1942,1980.6,0.0,0,0.0,2.31093,0.0,0.0,0.0,0.0,0.0,0.0,3.28496,0.0,0.0,1.0,0.0,0,1694.54,0.0,0.0,0.0,0.0,0.001526,5.59491,0.0,0.0,0.28598,0.0,0.0,56.0749,0.0,0.0,1100.99,0.0,0.0,0.0,0.0,0.0,0.0,0.0,1375.24,603.609985352,0.0,0.0,0.00153,0.0,0.0,0.0,240.37,77.8858,246.56,343.763,30.8,0.0,55.8169,0.0,0.0,0,7.69238,0.0,1253.14,0.0,0.0,0.0,1.66555,0.0,0.0,0.0,
2022-09-26 19:45:00,10.8962,1994.39,0.0,0,0.0,3.3701,0.0,0.0,0.0,0.0,0.0,0.0,3.70428,0.0,0.0,1.0,0.0,0,1698.11,0.0,0.0,0.0,0.0,0.001526,4.91493,0.0,0.0,0.23124,0.0,0.0,56.3087,0.0,0.0,1104.47,0.0,0.0,0.0,0.0,0.0,0.0,0.0,1388.2,506.070007324,0.0,0.0,0.00153,0.0,0.0,0.0,241.316,0.44524,253.12,350.829,31.9,0.0,48.401,0.0,0.0,0,5.11421,0.0,1251.09,0.0,0.0,0.0,1.63919,0.0,0.0,0.0,
2022-09-26 19:50:00,11.0969,1994.07,0.0,0,0.0,4.47324,0.0,0.0,0.0,0.0,0.0,0.0,4.09491,0.0,0.0,1.0,0.0,0,1697.96,0.0,0.0,0.0,0.0,0.001526,5.36992,0.0,0.0,0.14157,0.0,0.0,56.8347,0.0,0.0,1101.85,0.0,0.0,0.0,0.0,0.0,0.0,0.0,1363.28,570.799987793,0.0,0.0,0.00153,0.0,0.0,0.0,199.294,0.32467,251.42,350.388,32.0,0.0,49.1591,0.0,0.0,0,6.24582,0.0,1251.45,0.0,0.00093,0.0,0.88331,0.0,0.0,0.0,
2022-09-26 19:55:00,11.9981,1996.59,0.0,0,0.0,4.58209,0.0,0.0,0.0,0.0,0.0,0.0,2.59648,0.0,0.0,1.0,0.0,0,1698.74,0.0,0.0,0.0,0.0,0.001526,4.37493,0.0,0.46656,0.1265,0.0,0.0,56.7486,0.0,0.0,1105.09,0.0,0.0,0.0,0.0,0.0,0.0,0.0,1342.43,571.849975586,0.0,0.0,0.00153,0.0,1.48775,0.0,201.595,0.33472,250.83,349.327,31.7,0.0,49.6205,0.0,0.0,0,7.91577,0.0,1247.38,0.0,0.02885,0.0,0.0,0.0,0.0,0.0,
2022-09-26 20:00:00,13.5974,1998.64,0.0,0,0.0,3.21102,0.0,0.0,0.0,0.0,0.0,0.0,3.44366,0.0,0.0,1.0,0.0,0,1699.13,0.0,0.0,0.0,0.0,0.001526,4.47493,0.0,0.73317,0.35264,0.0,0.0,55.9272,0.0,0.0,1106.63,0.0,0.0,0.0,0.0,0.0,0.0,0.0,1331.98,552.059997559,0.0,0.0,0.00153,0.0,4.85695,0.0,200.49,0.2041,249.16,351.219,31.1,0.0,52.5209,0.0,0.0,0,7.57153,0.0,1253.82,0.0,0.00093,0.0,0.0,0.0,1.26223,0.0,
2022-09-26 20:05:00,14.7981,2013.78,0.0,0,0.0,3.26963,0.0,0.0,0.0,0.0,0.0,0.0,5.33455,0.0,0.0,1.0,0.0,0,1699.38,0.0,0.0,0.0,0.0,0.001526,4.78493,0.0,0.75856,0.60893,0.0,0.0,55.9272,0.0,0.0,1110.26,0.0,0.0,0.0,0.0,0.0,0.0,0.0,1313.77,503.760009766,0.0,0.0,0.00153,0.0,0.0,0.0,160.874,0.21414,254.05,353.387,31.7,0.0,55.6191,0.0,0.0,0,5.48775,0.0,1263.22,0.0,0.00093,0.0,0.0,0.0,2.25406,0.0,
2022-09-26 20:10:00,17.1964,2023.93,0.0,0,0.0,4.31206,0.0,0.0,0.0,0.0,0.0,0.0,5.96567,0.0,0.0,1.0,0.0,0,1698.72,0.0,0.0,0.0,0.0,0.001526,5.50492,0.0,1.12355,0.58116,0.0,0.0,55.312,0.0,0.0,1104.91,0.0,0.0,0.0,0.0,0.0,0.0,0.0,1283.83,493.839996338,0.0,0.0,0.00153,0.0,0.0,0.0,160.567,0.17395,251.51,353.116,31.2,0.0,71.3298,0.0,0.0,0,5.44747,0.0,1255.73,0.0,0.0,0.0,0.0,0.0,0.0,0.0,
2022-09-26 20:15:00,16.9976,2030.79,0.0,0,0.0,5.79197,0.0,0.0,0.0,0.0,0.0,0.0,7.08507,0.0,0.0,1.0,0.0,0,1696.74,0.0,0.0,0.0,0.0,0.001526,6.2649,0.0,0.66969,1.00566,0.0,0.0,55.9272,0.0,0.0,1099.16,0.0,0.0,0.0,0.0,0.0,0.0,0.0,1248.53,461.720001221,0.0,0.0,0.00153,0.0,0.0,0.0,160.265,0.184,249.0,346.751,31.0,0.0,85.5463,0.0,0.0,0,4.79561,0.0,1250.26,0.0,0.0,0.0,0.0,0.0,0.08728,0.0,
2022-09-26 20:20:00,18.6973,2036.16,0.0,0,0.1,6.81138,0.0,0.0,0.0,0.0,0.0,0.0,6.68284,0.0,0.0,1.0,0.0,0,1677.04,0.0,0.0,0.0,0.0,0.001526,6.4549,0.0,0.66969,0.64146,0.0,0.0,56.6593,0.0,0.0,1110.5,0.0,0.0,0.0,0.0,0.0,0.0,0.0,1224.63,518.099975586,0.0,0.0,0.00153,0.0,0.0,0.0,119.686,0.184,250.07,349.619,31.3,0.0,99.0597,0.0,0.0,0,4.86519,0.0,1255.65,0.0,0.0,0.0,0.0,0.0,0.0,0.0,
2022-09-26 20:25:00,20.1954,2035.04,0.0,0,0.59,7.78055,0.0,0.0,0.0,0.0,0.0,0.0,8.75502,0.0,0.0,1.0,0.0,0,1655.29,0.0,0.0,0.0,0.0,0.001526,5.95491,0.0,1.93606,0.38993,0.0,0.0,56.161,0.0,0.0,1103.87,0.0,0.0,0.0,0.0,0.0,0.0,0.0,1198.58,492.540008545,0.0,0.0,0.00153,0.0,0.0,0.0,80.7431,0.19405,252.75,348.816,31.5,0.0,109.244,0.0,0.0,0,7.24559,0.0,1254.77,0.0,0.0,0.0,0.0,0.0,0.0,0.0,
2022-09-26 20:30:00,21.9961,2048.76,0.0,0,2.0,9.28139,0.0,0.0,0.0,0.0,0.0,0.0,10.1741,0.0,0.0,1.0,0.0,0,1635.36,0.0,0.0,0.0,0.0,0.001526,6.4649,0.0,1.80276,0.04556,0.0,0.0,55.7795,0.0,0.0,1111.98,0.0,0.0,0.0,0.0,0.0,0.0,0.0,1182.59,502.660003662,0.0,0.0,0.00153,0.0,0.0,0.0,81.2314,0.184,255.26,359.43,32.4,0.0,111.76,0.0,0.0,0,7.06615,0.0,1249.99,0.0,0.0,0.0,0.0,0.0,0.0,0.0,
2022-09-26 20:35:00,23.8986,2057.8,0.0,0,7.67,9.93029,0.0,0.0,0.0,0.0,0.0,0.78737,10.4036,0.0,0.0,1.0,0.0,0,1620.47,0.0,0.0,0.0,0.0,0.001526,6.8449,0.0,1.83767,0.05032,0.0,0.0,56.1025,0.0,0.0,1113.19,0.0,0.0,0.0,0.0,0.0,0.0,0.0,1224.87,529.630004883,0.0,0.0,0.00153,0.0,0.0,0.0,33.431,0.2041,255.91,358.003,32.2,0.0,114.737,0.0,0.0,0,7.25658,0.0,1254.19,0.0,0.0,0.0,0.0,0.0,0.0,0.0,
2022-09-26 20:40:00,24.1951,2042.9,0.0,0,11.37,10.2003,0.0,0.0,0.0,0.0,0.0,1.17571,9.77249,0.0,0.0,1.0,0.0,0,1595.47,0.0,0.0,0.0,0.0,0.001526,6.3849,0.0,1.6155,0.25821,0.0,0.0,56.2194,0.0,0.0,1105.73,0.0,0.0,0.0,0.0,0.0,0.0,0.0,1254.49,496.470001221,0.0,0.0,0.00153,0.0,0.0,0.0,0.0,0.1639,252.09,346.739,31.7,0.0,118.495,0.0,0.0,0,7.10643,0.0,1250.92,0.0,0.01769,0.0,0.0,0.0,0.0,0.0,
2022-09-26 20:45:00,23.0951,2032.65,0.0,0,18.52,10.8618,0.0,0.0,0.0,0.0,0.0,1.06508,9.76272,0.0,0.0,1.0,0.0,0,1572.94,0.0,0.0,0.0,0.0,0.001526,6.3049,0.0,3.91974,0.59147,0.0,0.0,56.2502,0.0,0.0,1105.4,0.0,0.0,0.0,0.0,0.0,0.0,0.0,1281.46,449.010009766,0.0,0.0,0.00153,0.0,0.0,0.0,0.0,0.22419,250.18,346.641,31.2,0.0,124.504,0.0,0.0,0,7.69238,0.0,1247.82,0.0,0.00093,0.0,0.0,0.0,0.0,0.0,
2022-09-26 20:50:00,21.5965,2022.64,0.0,0,23.06,12.3312,0.0,0.0,0.0,0.0,0.0,0.67369,8.65431,0.0,0.0,1.0,0.0,0,1559.9,0.0,0.0,0.0,0.0,0.001526,6.93489,0.0,4.45612,0.31772,0.0,0.0,56.3363,0.0,0.0,1107.35,0.0,0.0,0.0,0.0,0.0,0.0,0.0,1302.61,364.019989014,0.0,0.0,0.00153,0.0,0.0,0.0,0.0,0.184,249.34,346.941,31.1,0.0,133.964,0.0,0.0,0,8.39918,0.0,1249.26,0.0,0.00093,0.0,0.0,0.0,0.0,0.0,
2022-09-26 20:55:00,20.698,2010.53,0.0,0,26.66,13.4804,0.0,0.0,0.0,0.0,0.0,1.81048,8.96193,0.0,0.0,1.0,0.0,0,1558.07,0.0,0.0,0.0,0.0,0.001526,7.46489,0.0,4.12604,0.32645,0.0,0.0,56.1333,0.0,0.0,1100.52,0.0,0.0,0.0,0.0,0.0,0.0,0.0,1264.4,326.019989014,0.0,0.0,0.00153,0.0,0.0,0.0,0.0,0.17395,247.38,344.732,31.0,0.0,135.117,0.0,0.0,0,9.33669,0.0,1253.6,0.0,0.0,0.0,0.0,0.0,0.0,0.0,
2022-09-26 21:00:00,24.097,2008.21,0.0,0,29.71,15.7411,0.0,0.0,0.0,0.0,0.0,1.35042,9.98367,0.0,0.0,1.0,0.0,0,1558.8,0.0,0.0,0.0,0.0,0.001526,7.81488,0.0,6.76988,0.34549,0.0,0.0,55.958,0.0,0.0,1109.21,0.0,0.0,0.0,0.0,0.0,0.0,0.0,1230.71,378.390014648,0.0,0.0,0.00153,0.0,0.0,0.0,0.0,0.184,252.78,354.335,31.7,0.0,131.569,0.0,0.0,0,8.69215,0.0,1227.38,0.0,0.0,0.0,0.95363,0.0,0.0,0.0,
2022-09-26 21:05:00,26.4962,2005.87,0.0,0,31.72,18.3032,0.0,0.0,0.0,0.0,0.0,1.61746,11.7037,0.49783,0.0,1.0,0.0,0,1561.8,0.0,0.0,0.0,0.0,0.001526,8.43487,0.0,5.81454,0.35184,0.0,0.0,56.0441,0.0,0.0,1108.54,0.0,0.0,0.0,0.0,0.0,0.0,0.0,1206.27,430.390014648,0.0,0.0,0.00153,0.0,0.0,0.0,0.0,0.2041,254.82,355.529,32.0,0.0,133.7,0.0,0.0,0,7.24193,0.0,1246.5,0.0,0.0,0.0,1.53371,0.0,0.0,0.0,
2022-09-26 21:10:00,27.1955,1980.16,0.0,0,32.07,18.7302,0.0,0.0,0.0,0.0,0.0,1.60372,12.983,0.49783,0.0,1.0,0.0,0,1558.17,0.0,0.0,0.0,0.0,0.001526,8.72487,0.0,5.3702,1.13103,0.0,0.0,55.6042,0.0,0.0,1101.03,0.0,0.0,0.0,0.0,0.0,0.0,0.0,1175.53,453.480010986,0.0,0.0,0.00153,0.0,0.0,0.0,0.0,0.184,249.86,349.723,31.1,0.0,137.051,0.0,0.0,0,6.38498,0.0,1265.08,0.0,0.0,0.0,2.06986,0.0,0.0,0.0,
2022-09-26 21:15:00,28.1942,1958.82,0.0,0,33.18,17.692,0.0,0.0,0.0,0.0,0.0,0.0,12.1041,0.0,0.0,1.0,0.0,0,1558.14,0.0,0.0,0.0,0.0,0.001526,9.51486,0.0,6.76988,1.71423,0.0,0.0,55.4873,0.0,0.0,1106.58,0.0,0.0,0.0,0.0,0.0,0.0,0.0,1140.96,357.029998779,0.0,0.0,0.00153,0.0,0.0,0.0,0.0,0.184,249.1,345.857,31.0,0.0,140.369,0.0,0.0,0,5.96017,0.0,1261.9,0.0,0.0,0.0,1.47219,0.0,0.0,0.0,
2022-09-26 21:20:00,27.2963,1948.05,0.0,0,33.54,17.0829,0.0,0.0,0.0,0.0,0.0,0.0,10.8333,0.0,0.0,1.0,0.0,0,1546.32,0.0,0.0,0.0,0.0,0.001526,10.1098,0.0,5.46542,1.25957,0.0,0.0,56.0441,0.0,0.0,1107.4,0.0,0.0,0.0,0.0,0.0,0.0,0.0,1107.32,390.420013428,0.0,0.0,0.00153,0.0,0.0,0.0,0.0,0.184,248.93,349.666,31.3,0.0,144.445,0.0,0.0,0,6.8867,0.0,1231.7,0.0,0.0,0.0,1.07668,0.0,0.0,0.0,
2022-09-26 21:25:00,29.7962,1954.55,0.0,0,38.25,15.9818,0.0,0.0,0.0,0.0,0.0,0.0,10.8223,0.0,0.0,1.0,0.0,0,1561.19,0.0,0.0,0.0,0.0,0.001526,9.87985,0.0,6.13828,1.74597,0.0,0.0,54.4906,0.0,0.0,1109.93,0.0,0.0,0.0,0.0,0.0,0.0,0.0,1080.95,475.339996338,0.0,0.0,0.00153,0.0,0.0,0.0,0.0,0.184,257.06,355.699,32.4,0.0,147.664,0.0,0.0,0,6.30076,0.0,1206.26,0.0,0.00093,0.0,1.18215,0.0,0.0,0.0,
2022-09-26 21:30:00,30.0977,1946.1,0.0,0,39.06,18.8726,0.0,0.0,0.0,0.0,0.0,2.76417,11.855,0.0,0.0,1.0,0.0,0,1556.85,0.0,0.0,0.0,0.0,0.001526,10.5698,0.0,8.84559,1.59838,0.0,0.0,55.7211,0.0,0.0,1110.5,0.0,0.0,0.0,0.0,0.0,0.0,0.0,1053.02,456.850006104,0.0,0.0,0.00153,0.0,0.0,0.0,0.0,0.184,255.68,358.572,32.0,0.0,146.708,0.0,0.0,0,5.38521,0.0,1196.94,0.0,0.00093,0.0,1.47219,0.0,0.0,0.0,
2022-09-26 21:35:00,27.594,1958.14,0.0,0,40.54,23.2621,0.0,0.0,0.0,0.0,0.0,3.093,13.6837,0.0,0.0,1.0,0.0,0,1561.95,0.0,0.0,0.0,0.0,0.001526,11.7098,0.0,11.4609,1.16197,0.0,0.0,55.3427,0.0,0.0,1111.19,0.0,0.0,0.0,0.0,0.0,0.0,0.0,1033.27,405.809997559,0.0,0.0,0.00153,0.0,0.0,0.0,0.0,0.17395,258.42,363.391,32.3,0.0,150.334,0.0,0.0,0,6.57176,0.0,1227.14,0.0,0.00093,0.0,1.58645,0.0,0.0,0.0,
2022-09-26 21:40:00,28.7963,1923.25,0.0,0,42.26,22.1129,0.0,0.0,0.0,0.0,0.0,2.74434,14.0743,0.0,0.0,1.0,0.0,0,1548.47,0.0,0.0,0.0,0.0,0.001526,12.3298,0.0,8.98842,1.53808,0.0,0.0,56.3363,0.0,0.0,1103.15,0.0,0.0,0.0,0.0,0.0,0.0,0.0,1000.06,411.529998779,0.0,0.0,0.00153,0.0,0.0,0.0,0.0,0.19405,249.3,345.927,30.9,0.0,151.136,0.0,0.0,0,7.18334,0.0,1257.63,0.0,0.01024,0.0,1.84134,0.0,0.0,0.0,
2022-09-26 21:45:00,33.3963,1910.01,0.0,0,43.09,18.3409,0.0,0.0,0.0,0.0,0.0,4.9897,15.9054,0.0,0.0,1.0,0.0,0,1530.48,0.0,0.0,0.0,0.0,0.001526,14.4548,0.0,8.34095,2.38233,0.0,0.0,55.5457,0.0,0.0,1105.7,0.0,0.0,0.0,0.0,0.0,0.0,0.0,965.982,385.209991455,0.0,0.0,0.00153,0.0,0.0,0.0,0.0,0.17395,251.03,355.836,31.2,0.0,150.422,0.0,0.0,0,6.87938,0.0,1229.46,0.0,0.0,0.0,2.7642,0.0,0.0,0.0,
2022-09-26 21:50:00,33.8992,1904.4,0.0,0,43.0,15.5527,0.0,0.0,0.0,0.0,0.0,4.18326,15.3744,0.0,0.0,1.0,0.0,0,1518.93,0.0,0.0,0.0,0.0,0.001526,13.8148,0.0,9.7565,3.11232,0.0,0.0,56.6009,0.0,0.0,1109.05,0.0,0.0,0.0,0.0,0.0,0.0,0.0,936.831,457.230010986,0.0,0.0,0.00153,0.0,0.0,0.0,0.0,0.17395,253.48,356.75,31.9,0.0,152.586,0.0,0.0,0,5.49874,0.0,1202.75,0.0,0.0,0.0,2.1929,0.0,0.0,0.0,
2022-09-26 21:55:00,32.7984,1914.41,0.0,0,44.17,16.2121,0.0,0.0,0.0,0.0,0.0,3.75372,17.5534,0.0,0.0,1.0,0.0,0,1550.72,0.0,0.0,0.0,0.0,0.001526,12.1648,0.0,12.3273,2.66084,0.0,0.0,55.9856,0.0,0.0,1111.41,0.0,0.0,0.0,0.0,0.0,0.0,0.0,913.442,382.209991455,0.0,0.0,0.00153,0.0,0.0,0.0,0.0,0.17395,258.56,365.935,33.1,0.0,154.333,0.0,0.0,0,5.46212,0.0,1202.01,0.0,0.0,0.0,2.65873,0.0,0.0,0.0,
2022-09-26 22:00:00,30.1963,1883.06,0.0,0,47.79,16.03,0.0,0.0,0.0,0.0,0.0,3.32036,17.1749,0.0,0.0,1.0,0.0,0,1548.99,0.0,0.0,0.0,0.0,0.001526,12.9348,0.0,11.8132,1.7912,0.0,0.0,56.2779,0.0,0.0,1103.96,0.0,0.0,0.0,0.0,0.0,0.0,0.0,875.77,431.529998779,0.0,0.0,0.00153,0.0,0.0,0.0,0.0,0.2041,249.79,346.438,31.0,0.0,157.618,0.0,0.0,0,5.69284,0.0,1203.33,0.0,0.0,0.0,2.66752,0.0,0.0,0.0,
2022-09-26 22:05:00,34.6947,1898.2,0.0,0,49.05,15.7118,0.0,0.0,0.0,0.0,0.0,4.12299,16.9039,0.0,0.0,1.0,0.0,0,1564.68,0.0,0.0,0.0,0.0,0.001526,11.9598,0.0,12.0353,2.75685,0.0,0.0,55.4288,0.0,0.0,1113.43,0.0,0.0,0.0,0.0,0.0,0.0,0.0,852.284,597.960021973,0.0,0.0,0.00153,0.0,0.0,0.0,0.0,0.17395,128.32,364.489,33.1,0.0,158.793,0.0,0.0,0,7.30419,0.0,1203.55,0.0,0.0,0.0,2.17533,0.0,0.0,0.0,
2022-09-26 22:10:00,36.4981,1919.76,0.0,0,49.43,14.571,0.0,0.0,0.0,0.0,0.0,2.97398,18.403,0.0,0.0,1.0,0.0,0,1525.4,0.0,0.0,0.0,0.0,0.001526,12.2998,0.0,13.6286,3.24086,0.0,0.0,56.4563,0.0,0.0,1107.68,0.0,0.0,0.0,0.0,0.0,0.0,0.0,897.401,680.890014648,0.0,0.0,0.00153,0.0,0.0,0.0,0.0,0.184,3.16,362.02,32.9,0.0,158.42,0.0,0.0,0,8.5127,0.0,1225.26,0.0,0.00093,0.0,1.83255,0.0,0.0,0.0,
2022-09-26 22:15:00,42.3964,1906.33,0.0,0,55.25,15.1718,0.0,0.0,0.0,0.0,0.0,1.72427,17.6547,0.0,0.0,1.0,0.0,0,1467.66,0.0,0.0,0.0,0.0,0.001526,13.0898,0.0,17.45,3.0663,0.0,0.0,55.6042,0.0,0.0,1108.1,0.0,0.0,0.0,0.0,0.0,0.0,0.0,905.629,722.520019531,0.0,0.0,0.00153,0.0,0.0,0.0,0.0,0.184,0.0,349.997,31.6,0.0,159.002,0.0,0.0,0,8.9485,0.0,1252.68,0.0,0.00093,0.0,2.35111,0.0,0.0,0.0,
2022-09-26 22:20:00,39.9935,1928.25,0.0,0,57.57,15.6323,0.0,0.0,0.0,0.0,0.0,2.05234,16.0446,0.0,0.0,1.0,0.0,0,1349.17,0.0,0.0,0.0,0.0,0.001526,14.5398,0.0,20.2049,2.84254,0.0,0.0,56.484,0.0,0.0,1122.21,0.0,0.0,0.0,0.0,0.0,0.0,0.0,885.194,681.960021973,0.0,0.0,0.00153,0.0,0.0,0.0,0.0,0.184,0.0,363.583,32.8,0.0,167.407,0.0,0.0,0,10.1387,0.0,1260.29,0.0,0.00093,0.0,2.29837,0.0,0.0,0.0,
2022-09-26 22:25:00,35.0958,1922.93,0.0,0,58.36,15.4418,0.0,0.0,0.0,0.0,0.0,4.20615,17.8549,0.0,0.0,1.0,0.0,0,1349.43,0.0,0.0,0.0,0.0,0.001526,15.9198,0.0,23.7596,3.34005,0.0,0.0,55.4288,0.0,0.0,1104.47,0.0,0.0,0.0,0.0,0.0,0.0,0.0,853.236,704.289978027,0.0,0.0,0.00153,0.0,0.0,0.0,0.0,0.184,0.0,350.835,31.5,0.0,160.002,0.0,0.0,0,11.2886,0.0,1262.93,0.0,0.00093,0.0,2.33353,0.0,0.0,0.0,
2022-09-26 22:30:00,29.3954,1930.52,0.0,0,58.24,13.6835,0.0,0.0,0.0,0.0,0.0,3.54238,21.1643,0.0,0.0,1.0,0.0,0,1344.53,0.0,0.0,0.0,0.0,0.001526,19.1147,0.0,25.9242,3.87564,0.0,0.0,55.4873,0.0,0.0,1098.34,0.0,0.0,0.0,0.0,0.0,0.0,0.0,818.689,710.679992676,0.0,0.0,0.00153,0.0,0.0,0.0,0.0,0.184,0.0,347.998,31.2,0.0,154.695,0.0,0.0,0,11.1495,0.0,1263.1,0.0,0.00093,0.0,2.17533,0.0,0.0,0.0,
2022-09-26 22:35:00,32.1984,1950.4,0.0,0,53.55,11.5023,0.0,0.0,0.0,0.0,0.0,2.33921,27.2227,0.0,0.0,1.0,0.0,0,1350.95,0.0,0.0,0.0,0.0,0.001526,22.1447,0.0,28.8251,4.09464,0.0,0.0,56.161,0.0,0.0,1109.25,0.0,0.0,0.0,0.0,0.0,0.0,0.0,793.469,730.549987793,0.0,0.0,0.00153,0.0,0.0,0.0,0.0,0.15386,0.0,358.022,32.2,0.0,153.278,0.0,0.0,0,11.4131,0.0,1261.42,0.0,10.6865,0.0,2.57084,0.0,0.0,0.0,
2022-09-26 22:40:00,32.5982,1946.76,0.0,0,50.54,11.092,0.0,0.0,0.0,0.0,0.0,3.4287,29.1026,0.89609,0.0,1.0,0.0,0,1348.31,0.0,0.0,0.0,0.0,0.001526,24.8846,0.0,34.919,5.28325,0.0,0.0,55.9856,0.0,0.0,1105.64,0.0,0.0,0.0,0.0,0.0,0.0,0.0,761.096,718.359985352,0.0,0.0,0.00153,0.0,0.0,0.0,0.0,0.19405,0.0,352.179,31.5,0.0,145.456,0.0,0.0,0,10.981,0.0,1259.46,0.0,0.00093,0.0,2.0347,0.0,0.0,0.0,
2022-09-26 22:45:00,33.5997,1958.18,0.0,0,46.08,10.8513,0.0,0.0,0.0,0.0,0.0,6.19211,31.754,0.0,0.0,1.0,0.0,0,1350.12,0.0,0.0,0.0,0.0,0.001526,27.9846,0.0,38.569,6.35364,0.0,0.0,56.7486,0.0,0.0,1115.0,0.0,0.0,0.0,0.0,0.0,0.0,0.0,735.241,660.859985352,0.0,0.0,0.00153,0.0,0.0,0.0,0.0,0.17395,0.0,360.178,32.0,0.0,144.95,0.0,0.0,0,12.7755,0.0,1263.3,0.0,0.00093,0.0,2.85209,0.0,0.0,0.0,
2022-09-26 22:50:00,34.6954,1945.68,0.0,0,45.54,9.92402,0.0,0.0,0.0,0.0,0.0,8.00641,34.2943,0.0,0.0,1.0,0.0,0,1349.0,0.0,0.0,0.0,0.0,0.001526,28.5346,0.0,42.0285,7.37008,0.0,0.0,55.7211,0.0,0.0,1098.83,0.0,0.0,0.0,0.0,0.0,0.0,0.0,701.988,685.239990234,0.0,0.0,0.00153,0.0,0.0,0.0,0.0,0.184,0.0,351.415,31.9,0.0,148.279,0.0,0.0,0,13.6068,0.0,1265.08,0.0,0.00093,0.0,2.91362,0.0,0.0,0.0,
2022-09-26 22:55:00,40.0971,1954.06,0.0,0,44.72,10.351,0.0,0.0,0.0,0.0,0.0,6.69413,35.603,0.0,0.0,1.0,0.0,0,1349.36,0.0,0.0,0.0,0.0,0.001526,34.1345,0.0,44.2756,9.86633,0.0,0.0,56.0441,0.0,0.0,1111.08,0.0,0.0,0.0,0.0,0.0,0.0,0.0,699.522,690.809997559,0.0,0.0,0.00153,0.0,0.0,0.0,0.0,0.184,0.0,355.044,31.5,0.0,141.017,0.0,0.0,0,15.7125,0.0,1261.93,0.0,0.01024,0.0,2.18412,0.0,0.0,0.0,
2022-09-26 23:00:00,46.7943,1948.61,0.0,0,46.83,11.9419,0.0,0.0,0.0,0.0,0.0,7.39452,38.7549,0.0,0.0,1.0,0.0,0,1350.34,0.0,0.0,0.0,0.0,0.001526,40.6544,0.0,48.7761,13.4996,0.0,0.0,55.838,0.0,0.0,1106.89,0.0,0.0,0.0,0.0,0.0,0.0,0.0,705.943,588.0,0.0,0.0,0.00153,0.0,0.0,0.0,0.0,0.184,0.0,362.439,33.0,0.0,135.755,0.0,0.0,0,19.3271,0.0,1234.05,0.0,0.0,0.0,2.86967,0.0,0.0,0.0,
2022-09-26 23:05:00,50.0999,1953.35,0.0,0,45.71,12.3605,0.0,0.0,0.0,0.0,0.0,9.58267,40.4834,0.0,0.0,1.0,0.0,0,1349.87,0.0,0.0,0.0,0.0,0.001526,46.7643,0.0,46.4909,14.0924,0.0,0.0,56.161,0.0,0.0,1106.94,0.0,0.0,0.0,0.0,0.0,0.0,0.0,697.301,762.960021973,0.0,0.0,0.00153,0.0,0.0,0.0,0.0,0.184,0.0,359.871,32.0,0.0,134.766,0.0,0.0,0,23.469,0.0,1253.92,0.0,0.00093,0.0,3.2564,0.0,0.0,0.0,
2022-09-26 23:10:00,51.5959,1958.28,0.0,0,44.23,13.4427,0.0,0.0,0.0,0.0,0.0,14.3603,44.7535,0.0,0.0,1.0,0.0,0,1348.07,0.0,0.0,0.0,0.0,0.001526,54.1742,0.0,38.277,14.9398,0.0,0.0,55.4873,0.0,0.0,1116.34,0.0,0.0,0.0,0.0,0.0,0.0,0.0,704.698,665.599975586,0.0,0.0,0.00153,0.0,0.0,0.0,0.0,0.184,0.0,360.442,32.3,0.0,134.315,0.0,0.0,0,26.5965,0.0,1263.44,0.0,0.00093,0.0,2.87846,0.0,0.0,0.0,
2022-09-26 23:15:00,52.0967,1936.87,0.0,0,45.72,14.0519,0.0,0.0,0.0,0.0,0.0,21.4176,44.004,0.0,0.0,1.0,0.0,0,1346.36,0.0,0.0,0.0,0.0,0.001526,53.0042,0.0,44.6057,14.3764,0.0,0.0,56.5424,0.0,0.0,1102.27,0.0,0.0,0.0,0.0,0.0,0.0,0.0,692.467,637.099975586,0.0,0.0,0.00153,0.0,0.0,0.0,0.0,0.2041,0.0,347.829,31.2,0.0,132.964,0.0,0.0,0,24.52,0.0,1264.13,0.0,0.02327,0.0,2.98393,0.0,0.0,0.0,
2022-09-26 23:20:00,50.6977,1948.39,0.0,0,48.99,14.8536,0.0,0.0,0.0,0.0,0.0,26.8254,45.3553,0.99786,0.0,1.0,0.0,0,1351.22,0.0,0.0,0.0,0.0,0.001526,55.6741,0.0,58.0312,20.6694,0.0,0.0,55.7211,0.0,0.0,1103.21,0.0,0.0,0.0,0.0,0.0,0.0,0.0,700.963,578.719970703,0.0,0.0,0.00153,0.0,0.0,0.0,0.0,0.184,0.0,357.989,32.7,0.0,126.911,0.0,0.0,0,24.7691,0.0,1258.53,0.0,0.00093,0.0,3.92438,0.0,0.0,0.0,
2022-09-26 23:25:00,42.0964,1947.81,0.0,0,46.65,13.9221,0.0,0.0,0.0,0.0,0.0,34.3298,49.0834,1.39612,0.0,1.0,0.0,0,1349.63,0.0,0.0,0.0,0.0,0.001526,61.9641,0.0,64.874,24.8312,0.0,0.0,56.3671,0.0,0.0,1106.94,0.0,0.0,0.0,0.0,0.0,0.0,0.0,698.692,497.489990234,0.0,0.0,0.00153,0.0,0.0,0.0,0.0,0.17395,0.0,359.166,32.6,0.0,128.251,0.0,0.0,0,23.8352,0.0,1261.34,0.0,0.00093,0.0,4.21442,0.0,0.0,0.0,
2022-09-26 23:30:00,40.9954,1949.15,0.0,0,45.35,13.5223,0.0,0.0,0.0,0.0,0.0,27.4739,55.9731,1.59968,0.0,1.0,0.0,0,1348.43,0.0,0.0,0.0,0.0,0.001526,64.894,0.0,56.076,28.1614,0.0,0.0,55.958,0.0,0.0,1108.35,0.0,0.0,0.0,0.0,0.0,0.0,0.0,697.716,429.420013428,0.0,0.0,0.00153,0.0,0.0,0.0,0.0,0.184,0.0,356.067,31.8,0.0,124.384,0.0,0.0,0,25.0437,0.0,1261.49,0.0,0.00093,0.0,4.16168,0.0,0.0,0.0,
2022-09-26 23:35:00,40.2989,1958.38,0.0,0,46.52,13.6918,0.0,0.0,0.0,0.0,0.0,24.1642,59.4424,1.4979,0.0,1.0,0.0,0,1349.24,0.0,0.0,0.0,0.0,0.001526,66.204,0.0,55.308,23.9107,0.0,0.0,56.2194,0.0,0.0,1110.0,0.0,0.0,0.0,0.0,0.0,0.0,0.0,702.428,577.590026855,0.0,0.0,0.00153,0.0,0.0,0.0,0.0,0.22419,0.0,267.764,32.6,0.0,128.493,0.0,0.0,0,24.0659,0.0,1258.17,0.0,0.00093,0.0,5.38338,0.0,0.0,0.0,
2022-09-26 23:40:00,44.5943,1949.42,0.0,0,44.54,14.6024,0.0,0.0,0.0,0.0,0.0,22.8916,59.9734,2.89624,0.0,1.0,0.0,0,1348.75,0.0,0.0,0.0,0.0,0.001526,70.2739,0.0,49.0173,24.513,0.0,0.0,55.2227,0.0,0.0,1103.7,0.0,0.0,0.0,0.0,0.0,0.0,0.0,696.617,574.070007324,0.0,0.0,0.00153,0.0,0.0,0.0,0.0,0.1639,0.0,251.239,31.8,0.0,124.142,0.0,0.0,0,23.6484,0.0,1257.73,0.0,0.00093,0.0,6.27109,0.0,0.23865,0.0,
2022-09-26 23:45:00,52.8962,1944.93,0.0,0,40.47,15.5422,0.0,0.0,0.0,0.0,0.0,20.56,55.0832,3.69718,0.0,1.0,0.0,0,1349.43,0.0,0.0,0.0,0.0,0.001526,76.4138,0.0,58.4945,28.2542,0.0,0.0,56.2502,0.0,0.0,1108.19,0.0,0.0,0.0,0.0,0.0,0.0,0.0,679.478,555.650024414,0.0,0.0,0.00153,0.0,0.0,0.0,0.0,0.184,0.0,252.246,31.3,0.0,129.657,0.0,0.0,0,27.9954,0.0,1240.15,0.0,0.00093,0.0,7.43127,0.0,0.0,0.0,
2022-09-26 23:50:00,60.4931,1952.64,0.0,0,43.67,17.9411,0.0,0.0,0.0,0.0,0.0,18.7121,53.0239,3.89631,0.0,1.0,0.0,0,1349.39,0.0,0.0,0.0,0.0,0.001526,84.7637,0.0,66.0547,30.2212,0.0,0.0,56.0749,0.0,0.0,1110.55,0.0,0.0,0.0,0.0,0.0,0.0,0.0,664.463,472.5,0.0,0.0,0.00153,0.0,0.0,0.0,0.0,0.184,0.0,256.555,31.6,0.0,124.417,0.0,0.0,0,35.62,0.0,1199.28,0.0,0.0,0.0,7.82678,0.0,0.0,0.0,
2022-09-26 23:55:00,67.3986,1953.77,0.0,0,46.95,20.9909,0.0,0.0,7.338,0.0,0.0,17.6104,56.354,4.79904,0.0,1.0,0.0,0,1348.41,0.0,0.0,0.0,0.0,0.001526,79.7438,0.0,67.0957,26.6839,0.0,0.0,55.5765,0.0,0.0,1081.95,0.0,0.0,0.0,0.0,0.0,0.0,0.0,651.255,544.130004883,0.0,0.0,0.00153,0.0,0.0,0.0,0.0,0.2041,0.0,256.085,32.4,0.0,120.659,0.0,0.0,0,35.8544,0.0,1209.29,0.0,0.0,0.0,6.76329,0.0,0.0,0.0,
2022-09-27 00:00:00,69.0981,1931.33,0.0,0,48.73,20.6832,0.0,0.0,11.6642,0.0,0.0,18.6068,54.1738,6.39651,0.0,1.0,0.0,0,1347.26,0.0,0.0,0.0,0.0,0.001526,75.2239,0.0,62.7856,21.6478,0.0,0.0,55.6042,0.0,0.0,1048.27,0.0,0.0,0.0,0.0,0.0,0.0,0.0,638.535,560.239990234,0.0,0.0,0.00153,0.0,0.0,0.0,0.0,0.17395,0.0,251.763,31.7,0.0,121.989,0.0,0.0,0,32.2142,0.0,1173.74,0.0,0.02699,0.0,6.5875,0.0,1.31228,0.0,
2022-09-27 00:05:00,74.4955,1963.48,0.0,0,51.01,19.7413,0.0,0.0,16.2542,0.0,0.0,21.4816,53.4841,6.59564,0.0,1.0,0.0,0,1348.51,0.0,0.0,0.0,0.0,0.001526,64.564,0.0,58.247,21.0574,0.0,0.0,55.5181,0.0,0.0,1023.72,0.0,0.0,0.0,0.0,0.0,0.0,0.0,632.529,653.119995117,0.0,0.0,0.00153,0.0,0.0,0.0,0.0,0.184,0.0,162.887,33.0,0.0,120.956,0.0,0.0,0,28.8267,0.0,1189.1,0.0,0.0,0.0,7.50158,0.0,2.8455,0.0,
2022-09-27 00:10:00,70.7987,1978.94,0.0,0,48.5,17.5434,0.0,0.0,18.2854,0.0,0.0,26.9245,47.223,8.39666,0.0,1.0,0.0,0,1350.07,0.0,0.0,0.0,0.0,0.001526,58.6341,0.0,44.3581,20.944,0.0,0.0,56.484,0.0,0.0,1005.41,0.0,0.0,0.0,0.0,0.0,0.0,0.0,651.841,609.960021973,0.0,0.0,0.00153,0.0,0.0,0.0,0.0,0.184,0.0,164.041,33.0,0.0,111.793,0.0,0.0,0,30.5333,0.0,1208.95,0.0,0.00093,0.0,10.6833,0.0,5.86007,0.0,
2022-09-27 00:15:00,69.4955,1982.31,0.0,0,49.17,16.6307,0.0,0.0,17.1721,0.0,0.0,27.4373,43.7244,9.49851,0.0,1.0,0.0,0,1346.04,0.0,0.0,0.0,0.0,0.001526,57.9141,0.0,32.8052,20.5567,0.0,0.0,55.7795,0.0,0.0,993.615,0.0,0.0,0.0,0.0,0.0,0.0,0.0,672.496,705.809997559,0.0,0.0,0.00153,0.0,0.0,0.0,0.0,0.2041,0.0,158.326,32.4,0.0,105.816,0.0,0.0,0,31.9286,0.0,1223.23,0.0,0.00093,0.0,12.1774,0.0,5.29854,0.0,
2022-09-27 00:20:00,61.1941,1963.78,0.0,0,47.11,14.8243,0.0,0.0,19.3323,0.0,0.0,21.181,40.7239,7.79927,0.0,1.0,0.0,0,1348.7,0.0,0.0,0.0,0.0,0.001526,56.0942,0.0,27.8159,22.9808,0.0,0.0,54.8444,0.0,0.0,988.195,0.0,0.0,0.0,0.0,0.0,0.0,0.0,667.32,677.270019531,0.0,0.0,0.00153,0.0,0.0,0.0,0.0,0.17395,0.0,152.183,31.7,0.0,112.222,0.0,0.0,0,35.1183,0.0,1228.48,0.0,0.0121,0.0,12.4763,0.0,5.47494,0.0,
2022-09-27 00:25:00,57.6972,1953.35,0.0,0,43.69,12.5803,0.0,0.0,18.6097,0.0,0.0,19.118,37.2534,6.19738,0.0,1.0,0.0,0,1348.29,0.0,0.0,0.0,0.0,0.001526,55.9142,0.0,25.4989,24.2559,0.0,0.0,55.8995,0.0,0.0,989.953,0.0,0.0,0.0,0.0,0.0,0.0,0.0,648.228,629.609985352,0.0,0.0,0.00153,0.0,0.0,0.0,0.0,0.184,0.0,150.099,31.2,0.0,113.683,0.0,0.0,0,37.9602,0.0,1241.61,0.0,0.00093,0.0,15.3503,0.0,5.63546,0.0,
2022-09-27 00:30:00,49.3946,1955.5,0.0,0,40.3,11.7514,0.0,0.0,14.8127,0.0,0.0,19.8764,33.2042,9.99855,0.0,1.0,0.0,0,1349.8,0.0,0.0,0.0,0.0,0.001526,51.6242,0.0,23.455,23.2418,0.0,0.0,56.4563,0.0,0.0,983.929,0.0,0.0,0.0,0.0,0.0,0.0,0.0,636.973,667.5,0.0,0.0,0.00153,0.0,0.0,0.0,0.0,0.1639,0.0,161.083,32.1,0.0,112.134,0.0,0.0,0,38.6377,0.0,1260.24,0.0,0.00093,0.0,17.0642,0.0,6.52781,0.0,
2022-09-27 00:35:00,48.7961,1932.45,0.0,0,41.89,12.6306,0.0,0.0,6.02939,0.0,0.0,21.4145,33.883,10.1977,0.0,1.0,0.0,0,1345.21,0.0,0.0,0.0,0.0,0.001526,52.7242,0.0,21.2777,23.1696,0.0,0.0,55.838,0.0,0.0,971.02,0.0,0.0,0.0,0.0,0.0,0.0,0.0,619.956,754.75,0.0,0.0,0.00153,0.0,0.0,0.0,0.0,0.2041,0.0,97.1574,31.2,0.0,113.606,0.0,0.0,0,38.374,0.0,1263.52,0.0,0.00093,0.0,15.1833,0.0,7.16625,0.0,
2022-09-27 00:40:00,56.7948,1929.4,0.0,0,42.84,12.8525,0.0,0.0,1.90042,0.0,0.0,22.8031,30.7542,8.19753,0.0,1.0,0.0,0,1342.96,0.0,0.0,0.0,0.0,0.001526,53.4642,0.0,25.5497,19.8545,0.0,0.0,56.3671,0.0,0.0,982.739,0.0,0.0,0.0,0.0,0.0,0.0,0.0,629.282,749.16998291,0.0,0.0,0.00153,0.0,0.0,0.0,0.0,0.2041,0.0,78.1505,31.6,0.0,117.275,0.0,0.0,0,37.312,0.0,1237.27,0.0,0.00093,0.0,13.0915,0.0,8.05493,0.0,
2022-09-27 00:45:00,55.6957,1944.71,0.0,0,44.02,14.5501,0.0,0.0,1.90042,0.0,0.0,26.5049,31.1327,2.3962,0.0,1.0,0.0,0,1350.8,0.0,0.0,0.0,0.0,0.001526,48.2543,0.0,30.4248,16.4728,0.0,0.0,56.2194,0.0,0.0,989.605,0.0,0.0,0.0,0.0,0.0,0.0,0.0,636.704,767.66998291,0.0,0.0,0.00153,0.0,0.0,0.0,0.0,0.17395,0.0,32.4947,32.7,0.0,114.298,0.0,0.0,0,33.9831,0.0,1214.22,0.0,0.00093,0.0,13.1091,0.0,6.94774,0.0,
2022-09-27 00:50:00,52.4963,1940.07,0.0,0,45.6,16.4214,0.0,0.0,0.0,0.0,0.0,27.1382,32.3436,1.69703,0.0,1.0,0.0,0,1347.43,0.0,0.0,0.0,0.0,0.001526,44.3543,0.0,28.2411,15.8753,0.0,0.0,55.6626,0.0,0.0,976.934,0.0,0.0,0.0,0.0,0.0,0.0,0.0,633.091,676.840026855,0.0,0.0,0.00153,0.0,0.0,0.0,0.0,0.19405,0.0,28.5562,32.0,0.0,114.386,0.0,0.0,0,34.6862,0.0,1229.48,0.0,0.00093,0.0,11.4479,0.0,6.42527,0.0,
2022-09-27 00:55:00,59.8971,1959.6,0.0,0,44.05,18.1023,0.0,0.0,0.0,0.0,0.0,29.9764,32.3143,6.89654,0.0,1.0,0.0,0,1347.41,0.0,0.0,0.0,0.0,0.001526,43.5143,0.0,29.5551,15.5857,0.0,0.0,56.1917,0.0,0.0,986.602,0.0,0.0,0.0,0.0,0.0,0.0,0.0,636.875,717.349975586,0.0,0.0,0.00153,0.0,1.68002,0.0,0.0,0.184,0.0,0.0,32.3,0.0,117.22,0.0,0.0,0,32.5512,0.0,1266.25,0.0,0.00093,0.0,12.4938,0.0,5.83078,0.0,
2022-09-27 01:00:00,63.5943,1949.35,0.0,0,38.21,18.2509,0.0,0.0,0.0,0.0,0.0,30.132,28.8133,10.3968,0.0,1.0,0.0,0,1347.24,0.0,0.0,0.0,0.0,0.001526,43.1243,0.0,29.6567,17.9486,0.0,0.0,54.7275,0.0,0.0,973.949,0.0,0.0,0.0,0.0,0.0,0.0,0.0,628.11,775.020019531,0.0,0.0,0.00153,0.0,3.38293,0.0,0.0,0.184,0.0,0.0,32.8,0.0,111.606,0.0,0.0,0,29.8045,0.0,1261.68,0.0,0.0,0.0,11.9313,0.0,7.06737,0.0,
2022-09-27 01:05:00,69.7948,1960.77,0.0,0,37.53,17.2336,0.0,0.0,0.0,0.0,0.0,34.4457,29.2638,11.9987,0.0,1.0,0.0,0,1349.63,0.0,0.0,0.0,0.0,0.001526,43.1943,0.0,31.6943,17.0194,0.0,0.0,55.3427,0.0,0.0,973.4,0.0,0.0,0.0,0.0,0.0,0.0,0.0,606.625,684.239990234,0.0,0.0,0.00153,0.0,4.82948,0.0,0.0,0.1639,0.0,0.0,32.8,0.0,110.705,0.0,0.0,0,30.3062,0.0,1258.34,0.0,0.0,0.0,9.05727,0.0,7.39086,0.0,
2022-09-27 01:10:00,78.295,1950.42,0.0,0,34.84,15.1215,0.0,0.0,0.0,0.0,0.0,40.1221,27.4253,11.1978,0.0,1.0,0.0,0,1348.73,0.0,0.0,0.0,0.0,0.001526,41.9544,0.0,30.7485,14.9199,0.0,0.0,56.1333,0.0,0.0,949.889,0.0,0.0,0.0,0.0,0.0,0.0,0.0,608.774,698.020019531,0.0,0.0,0.00153,0.0,6.16617,0.0,0.0,0.19405,0.0,0.0,31.8,0.0,111.134,0.0,0.0,0,34.0197,0.0,1259.39,0.0,0.0,0.0,9.08363,0.0,7.33226,0.0,
2022-09-27 01:15:00,81.8969,1956.28,0.0,0,32.1,10.9916,0.0,0.0,0.0,0.0,0.0,34.3847,28.7925,8.69757,0.0,1.0,0.0,0,1349.87,0.0,0.0,0.0,0.0,0.001526,38.0244,0.0,34.2715,13.2283,0.0,0.0,55.1643,0.0,0.0,955.254,0.0,0.0,0.0,0.0,0.0,0.0,0.0,597.299,628.359985352,0.0,0.0,0.00153,0.0,8.21698,0.0,0.0,0.184,0.0,0.0,32.9,0.0,106.366,0.0,0.0,0,39.187,0.0,1262.81,0.0,8.55126,0.0,8.60023,0.0,7.11986,0.0,
2022-09-27 01:20:00,82.2947,1949.35,0.0,0,27.42,6.713,0.0,0.0,0.0,0.0,0.0,36.3363,30.1549,9.99855,0.0,1.0,0.0,0,1349.65,0.0,0.0,0.0,0.0,0.001526,36.5644,0.0,35.8585,13.0759,0.0,0.0,55.7519,0.0,0.0,948.332,0.0,0.0,0.0,0.0,0.0,0.0,0.0,577.89,547.789978027,0.0,0.0,0.00153,0.0,8.32685,0.0,0.0,0.17395,0.0,0.0,31.8,0.0,112.65,0.0,0.0,0,39.6887,0.0,1257.17,0.0,22.6361,0.0,7.90588,0.0,7.61059,0.0,
2022-09-27 01:25:00,77.6951,1955.08,0.0,0,27.63,5.16191,0.0,0.0,0.0,0.0,0.0,37.2061,29.5347,15.3972,0.0,1.0,0.0,0,1347.41,0.0,0.0,0.0,0.0,0.001526,35.5945,0.0,35.357,14.2701,0.0,0.0,56.1333,0.0,0.0,949.889,0.0,0.0,0.0,0.0,0.0,0.0,0.0,554.183,590.020019531,0.0,0.0,0.00153,0.0,8.10712,0.0,0.0,0.184,0.0,0.0,32.5,0.0,114.056,0.0,0.0,0,43.9295,0.0,1259.17,0.0,0.00093,0.0,8.42445,0.0,8.02319,0.0,
2022-09-27 01:30:00,76.7968,1944.68,0.0,0,25.46,4.12262,0.0,0.0,0.0,0.0,0.0,30.8278,24.9033,19.7958,0.0,1.0,0.0,0,1348.02,0.0,0.0,0.0,0.0,0.001526,38.7144,0.0,31.5547,15.5158,0.0,0.0,54.9305,0.0,0.0,943.223,0.0,0.0,0.0,0.0,0.0,0.0,0.0,568.295,569.429992676,0.0,0.0,0.00153,0.0,8.4184,0.0,0.0,0.19405,0.0,0.0,31.5,0.0,116.254,0.0,0.0,0,46.1781,0.0,1261.51,0.0,0.0,0.0,8.1344,0.0,6.95018,0.0,
2022-09-27 01:35:00,76.196,1960.89,0.0,0,22.47,5.40368,0.0,0.0,0.0,0.0,0.0,26.5858,22.7439,22.0968,0.0,1.0,0.0,0,1350.12,0.0,0.0,0.0,0.0,0.001526,42.8643,0.0,35.2808,14.7232,0.0,0.0,56.4563,0.0,0.0,941.612,0.0,0.0,0.0,0.0,0.0,0.0,0.0,559.042,519.08001709,0.0,0.0,0.00153,0.0,9.88327,0.0,0.0,0.17395,0.0,0.0,32.6,0.0,116.803,0.0,0.0,0,43.9625,0.0,1261.95,0.0,0.0,0.0,7.94983,0.0,4.79805,0.0,
2022-09-27 01:40:00,80.696,1943.68,0.0,0,20.4,7.31375,0.0,0.0,0.0,0.0,0.0,23.9292,22.0737,19.9993,0.0,1.0,0.0,0,1349.43,0.0,0.0,0.0,0.0,0.001526,44.0743,0.0,39.4005,14.3177,0.0,0.0,55.8995,0.0,0.0,916.91,0.0,0.0,0.0,0.0,0.0,0.0,0.0,586.63,589.41998291,0.0,0.0,0.00153,0.0,11.989,0.0,0.0,0.19405,0.0,0.0,31.1,0.0,116.385,0.0,0.0,0,38.4619,0.0,1265.1,0.0,0.0,0.0,7.53674,0.0,3.44854,0.0,
2022-09-27 01:45:00,85.8952,1945.73,0.0,0,18.7,8.54039,0.0,0.0,0.0,0.0,0.0,27.2145,21.8833,14.0962,0.0,1.0,0.0,0,1348.56,0.0,0.0,0.0,0.0,0.001526,44.3343,0.0,38.9244,14.2852,0.0,0.0,55.3704,0.0,0.0,902.445,0.0,0.0,0.0,0.0,0.0,0.0,0.0,555.868,607.5,0.0,0.0,0.00153,0.0,15.5505,0.0,0.0,0.184,0.0,0.0,31.9,0.0,118.044,0.0,0.0,0,35.8288,0.0,1261.0,0.0,0.0,0.0,6.39414,0.0,2.76738,0.0,
2022-09-27 01:50:00,83.3978,1940.29,0.0,0,17.94,10.6504,0.0,0.0,0.0,0.0,0.0,24.9515,24.4431,12.6979,0.0,1.0,0.0,0,1349.39,0.0,0.0,0.0,0.0,0.001526,43.9043,0.0,43.4186,14.6986,0.0,0.0,56.0441,0.0,0.0,907.846,0.0,0.0,0.0,0.0,0.0,0.0,0.0,538.485,533.320007324,0.0,0.0,0.00153,0.0,17.8119,0.0,0.0,0.19405,0.0,0.0,31.0,0.0,116.836,0.0,0.0,0,34.3859,0.0,1261.81,0.0,0.0,0.0,6.81602,0.0,3.11589,0.0,
2022-09-27 01:55:00,86.9986,1937.68,0.0,0,15.13,11.6216,0.0,0.0,0.0,0.0,0.0,24.036,25.825,9.99855,0.0,1.0,0.0,0,1350.7,0.0,0.0,0.0,0.0,0.001526,43.0243,0.0,43.3488,14.0352,0.0,0.0,54.9028,0.0,0.0,916.214,0.0,0.0,0.0,0.0,0.0,0.0,0.0,521.199,489.450012207,0.0,0.0,0.00153,0.0,17.409,0.0,0.0,0.184,0.0,0.0,31.2,0.0,114.144,0.0,0.0,0,35.7299,0.0,1239.71,0.0,0.0,0.0,7.06212,0.0,2.52873,0.0,
2022-09-27 02:00:00,85.6978,1927.32,0.0,0,16.15,12.0528,0.0,0.0,7.338,0.0,0.0,24.004,25.3123,8.8967,0.0,1.0,0.0,0,1348.17,0.0,0.0,0.0,0.0,0.001526,42.3644,0.0,44.3708,14.3597,0.0,0.0,56.0441,0.0,0.0,916.599,0.0,0.0,0.0,0.0,0.0,0.0,0.0,505.086,410.179992676,0.0,0.0,0.00153,0.0,16.2554,0.0,0.0,0.184,0.0,0.0,31.2,0.0,116.385,0.0,0.0,0,34.7485,0.0,1209.7,0.0,0.0,0.0,6.07773,0.0,2.53971,0.0,
2022-09-27 02:05:00,85.5949,1943.83,0.0,0,13.64,11.3118,0.0,0.0,7.40441,0.0,0.0,25.2201,27.5035,11.7996,0.00754,1.0,0.0,0,1333.52,0.0,0.0,0.0,0.0,0.001526,46.2743,0.0,46.2688,14.2852,0.0,0.0,55.4873,0.0,0.0,918.229,0.0,0.0,0.0,0.0,0.0,0.0,0.0,494.71,377.970001221,0.0,0.0,0.00153,0.0,15.6878,0.0,0.0,0.184,0.0,0.0,32.3,0.0,120.066,0.0,0.0,0,33.1115,0.0,1228.97,0.0,0.0,0.0,5.52401,0.0,2.83635,0.0,
2022-09-27 02:10:00,86.7949,1941.39,0.0,0,10.1,10.4306,0.0,0.0,8.12708,0.0,0.0,23.5233,30.7933,14.5962,0.0,1.0,0.0,0,1318.09,0.0,0.0,0.0,0.0,0.001526,50.3742,0.0,44.6311,15.0096,0.0,0.0,54.6967,0.0,0.0,917.533,0.0,0.0,0.0,0.0,0.0,0.0,0.0,476.423,339.320007324,0.0,0.0,0.00153,0.0,16.7681,0.0,0.0,0.19405,0.0,0.0,31.3,0.0,124.384,0.0,0.0,0,35.5761,0.0,1262.61,0.0,0.00093,0.0,5.23397,0.0,3.59258,0.0,
2022-09-27 02:15:00,85.0955,1929.35,0.0,0,7.79,10.3217,0.0,0.0,7.73254,0.0,0.0,21.9699,35.2026,13.0961,0.0,1.0,0.0,0,1299.41,0.0,0.0,0.0,0.0,0.001526,50.0542,0.0,41.7873,13.1418,0.0,0.0,55.7519,0.0,0.0,909.018,0.0,0.0,0.0,0.0,0.0,0.0,0.0,454.89,366.649993896,0.0,0.0,0.00153,0.0,18.0316,0.0,0.0,0.184,0.0,0.0,31.2,0.0,133.195,0.0,0.0,0,39.6448,0.0,1263.64,0.0,0.00093,0.0,4.90877,0.0,4.59724,0.0,
2022-09-27 02:20:00,87.1962,1933.72,0.0,0,6.74,9.62259,0.0,0.0,6.55283,0.0,0.0,22.2034,37.8235,15.0963,0.0,1.0,0.0,0,1265.6,0.0,0.0,0.0,0.0,0.001526,50.7142,0.0,43.9011,12.9394,0.0,0.0,54.8136,0.0,0.0,912.918,0.0,0.0,0.0,0.0,0.0,0.0,0.0,433.649,319.470001221,0.0,0.0,0.00153,0.0,18.6633,0.0,0.0,0.17395,0.0,0.0,31.2,0.0,122.856,0.0,0.0,0,40.9265,0.0,1254.19,0.0,0.00093,0.0,5.76132,0.0,5.57748,0.0,
2022-09-27 02:25:00,83.4941,1942.53,0.0,0,5.93,8.21175,0.0,0.0,6.2247,0.0,0.0,22.33,38.0639,12.0961,0.0,1.0,0.0,0,1227.83,0.0,0.0,0.0,0.0,0.001526,54.1742,0.0,40.486,14.5954,0.0,0.0,56.161,0.0,0.0,918.998,0.0,0.0,0.0,0.0,0.0,0.0,0.0,436.701,298.200012207,0.0,0.0,0.00153,0.0,17.7844,0.0,0.0,0.2041,0.0,0.0,31.6,0.0,127.724,0.0,0.0,0,40.7837,0.0,1258.19,0.0,0.0,0.0,6.13925,0.0,4.9012,0.0,
2022-09-27 02:30:00,77.3955,1932.45,0.0,0,4.83,7.86218,0.0,0.0,0.0,0.0,0.0,22.4414,40.0537,13.0961,0.0,1.0,0.0,0,1189.54,0.0,0.0,0.0,0.0,0.001526,54.5342,0.0,46.4592,15.811,0.0,0.0,56.9239,0.0,0.0,915.262,0.0,0.0,0.0,0.0,0.0,0.0,0.0,420.392,333.290008545,0.0,0.0,0.00153,0.0,17.2442,0.0,0.0,0.184,0.0,0.0,31.3,0.0,135.26,0.0,0.0,0,38.7109,0.0,1260.07,0.0,0.01024,0.0,7.00938,0.0,3.95392,0.0,
2022-09-27 02:35:00,77.2948,1934.65,0.0,0,2.99,10.372,0.0,0.0,0.0,0.0,0.0,21.1399,41.1353,13.7997,0.0,1.0,0.0,0,1161.32,0.0,0.0,0.0,0.0,0.001526,55.5042,0.0,43.4059,15.8888,0.0,0.0,55.9272,0.0,0.0,918.064,0.0,0.0,0.0,0.0,0.0,0.0,0.0,423.859,307.940002441,0.0,0.0,0.00153,0.0,15.9808,0.0,0.0,0.184,0.0,0.0,31.3,0.0,132.591,0.0,0.0,0,39.0552,0.0,1258.31,0.0,0.00093,0.0,6.84239,0.0,3.59503,0.0,
2022-09-27 02:40:00,75.9992,1949.86,0.0,0,3.79,13.2418,0.0,0.0,0.0,0.0,0.0,19.9725,42.583,12.897,0.0,1.0,0.0,0,1128.19,0.0,0.0,0.0,0.0,0.001526,57.7841,0.0,48.8206,13.7416,0.0,0.0,55.7795,0.0,0.0,918.998,0.0,0.0,0.0,0.0,0.0,0.0,0.0,428.18,395.609985352,0.0,0.0,0.00153,0.0,14.7906,0.0,0.0,0.1639,0.0,0.0,31.9,0.0,137.359,0.0,0.0,0,39.9451,0.0,1236.81,0.0,0.01582,0.0,6.4293,0.0,3.9826,0.0,
2022-09-27 02:45:00,76.196,1951.81,0.0,0,3.84,17.4618,0.0,0.0,3.9317,0.0,0.0,19.5651,46.023,16.0964,0.0,1.0,0.0,0,1092.52,0.0,0.0,0.0,0.0,0.001526,58.8341,0.0,48.4016,15.4984,0.0,0.0,56.8931,0.0,0.0,923.466,0.0,0.0,0.0,0.0,0.0,0.0,0.0,418.659,392.529998779,0.0,0.0,0.00153,0.0,13.3623,0.0,0.0,0.19405,0.0,0.0,32.0,0.0,137.106,0.0,0.0,0,43.6475,0.0,1258.68,0.0,0.01582,0.0,6.04257,0.0,4.21271,0.0,
2022-09-27 02:50:00,76.1983,1927.93,0.0,0,3.4,21.6336,0.0,0.0,0.0,0.0,0.0,16.2295,49.2738,20.7958,0.0,1.0,0.0,0,1059.05,0.0,0.0,0.0,0.0,0.001526,61.6441,0.0,47.6335,15.9887,0.0,0.0,55.2227,0.0,0.0,912.296,0.0,0.0,0.0,0.0,0.0,0.0,0.0,433.259,426.140014648,0.0,0.0,0.00153,0.0,12.8588,0.0,0.0,0.184,0.0,0.0,30.5,0.0,135.952,0.0,0.0,0,41.8531,0.0,1261.61,0.0,0.00093,0.0,5.90195,0.0,4.35981,0.0,
2022-09-27 02:55:00,67.0958,1919.19,0.0,0,2.19,24.3631,0.0,0.0,1.90042,0.0,0.0,16.9696,51.0134,23.8978,0.0,1.0,0.0,0,1023.58,0.0,0.0,0.0,0.0,0.001526,62.914,0.0,38.9689,16.2292,0.0,0.0,55.2843,0.0,0.0,912.607,0.0,0.0,0.0,0.0,0.0,0.0,0.0,432.184,459.25,0.0,0.0,0.00153,0.0,11.2291,0.0,0.0,0.1639,0.0,0.0,31.1,0.0,132.492,0.0,0.0,0,40.2087,0.0,1237.29,0.0,0.00093,0.0,5.1285,0.0,3.68719,0.0,
2022-09-27 03:00:00,61.3992,1906.77,0.0,0,3.37,27.0006,0.0,0.0,0.0,0.0,0.0,16.4874,48.3851,22.3977,0.0,1.0,0.0,0,1002.8,0.0,0.0,0.0,0.0,0.001526,61.5741,0.0,32.7544,15.7912,0.0,0.0,56.3087,0.0,0.0,919.749,0.0,0.0,0.0,0.0,0.0,0.0,0.0,428.986,414.320007324,0.0,0.0,0.00153,0.0,9.70932,0.0,0.0,0.184,0.0,0.0,31.6,0.0,132.349,0.0,0.0,0,38.9123,0.0,1205.09,0.0,0.00093,0.0,5.858,0.0,3.78119,0.0,
2022-09-27 03:05:00,56.0967,1907.33,0.0,0,3.61,28.7212,0.0,0.0,0.0,0.0,0.0,16.2432,42.815,26.2962,0.0,1.0,0.0,0,1007.36,0.0,0.0,0.0,0.0,0.001526,57.6541,0.0,29.6313,16.3696,0.0,0.0,56.161,0.0,0.0,917.203,0.0,0.0,0.0,0.0,0.0,0.0,0.0,438.19,407.570007324,0.0,0.0,0.00153,0.0,8.83955,0.0,0.0,0.2041,0.0,0.0,32.2,0.0,132.008,0.0,0.0,0,40.2747,0.0,1197.74,0.0,0.0,0.0,6.44688,0.0,3.89166,0.0,
2022-09-27 03:10:00,54.4974,1901.69,0.0,0,3.39,29.1001,0.0,0.0,0.0,0.0,0.0,18.0743,38.6731,29.7965,0.0,1.0,0.0,0,1005.48,0.0,0.0,0.0,0.0,0.001526,58.6341,0.0,23.3915,17.1631,0.0,0.0,55.4873,0.0,0.0,914.548,0.0,0.0,0.0,0.0,0.0,0.0,0.0,439.875,456.149993896,0.0,0.0,0.00153,0.0,8.12543,0.0,0.0,0.19405,0.0,0.0,31.6,0.0,132.085,0.0,0.0,0,39.1907,0.0,1201.62,0.0,0.00093,0.0,6.70176,0.0,4.62287,0.0,
2022-09-27 03:15:00,54.2941,1899.39,0.0,0,2.68,27.4213,0.0,0.0,0.0,0.0,0.0,17.5647,35.1733,34.0977,0.0,1.0,0.0,0,1005.66,0.0,0.0,0.0,0.0,0.001526,54.6242,0.0,21.7157,15.7475,0.0,0.0,55.7211,0.0,0.0,920.17,0.0,0.0,0.0,0.0,0.0,0.0,0.0,442.487,466.799987793,0.0,0.0,0.00153,0.0,7.44793,0.0,0.0,0.184,0.0,0.0,32.0,0.0,138.468,0.0,0.0,0,36.715,0.0,1204.41,0.0,0.01396,0.0,7.26427,0.0,4.52094,0.0,
2022-09-27 03:20:00,51.3941,1897.54,0.0,0,2.21,24.4531,0.0,0.0,0.0,0.0,0.0,16.8643,34.4347,34.2969,0.0,1.0,0.0,0,1006.68,0.0,0.0,0.0,0.0,0.001526,50.3642,0.0,26.4193,17.8835,0.0,0.0,56.2779,0.0,0.0,916.526,0.0,0.0,0.0,0.0,0.0,0.0,0.0,440.607,407.859985352,0.0,0.0,0.00153,0.0,7.2282,0.0,0.0,0.17395,0.0,0.0,32.1,0.0,143.105,0.0,0.0,0,32.0568,0.0,1199.5,0.0,0.00093,0.0,6.49961,0.0,5.73861,0.0,
2022-09-27 03:25:00,46.6991,1888.29,0.0,0,3.13,23.4819,0.0,0.0,0.0,0.0,0.0,16.6888,32.4547,32.0976,0.0,1.0,0.0,0,1000.92,0.0,0.0,0.0,0.0,0.001526,50.5742,0.0,31.4595,14.8287,0.0,0.0,55.6042,0.0,0.0,908.213,0.0,0.0,0.0,0.0,0.0,0.0,0.0,440.021,445.929992676,0.0,0.0,0.00153,0.0,8.46418,0.0,0.0,0.2041,0.0,0.0,30.8,0.0,145.214,0.0,0.0,0,28.7132,0.0,1203.72,0.0,0.00093,0.0,6.64903,0.0,6.27573,0.0,
2022-09-27 03:30:00,44.1957,1886.8,0.0,0,5.92,24.8613,0.0,0.0,0.0,0.0,0.0,17.322,28.6436,34.3986,0.0,1.0,0.0,0,1006.31,0.0,0.0,0.0,0.0,0.001526,50.7542,0.0,32.9004,14.5716,0.0,0.0,55.8995,0.0,0.0,923.099,0.0,0.0,0.0,0.0,0.0,0.0,0.0,437.848,463.119995117,0.0,0.0,0.00153,0.0,9.91074,0.0,0.0,0.184,0.0,0.0,31.7,0.0,148.488,0.0,0.0,0,29.9327,0.0,1198.11,0.0,12.2558,0.0,7.34337,0.0,6.1854,0.0,
2022-09-27 03:35:00,38.6976,1886.72,0.0,0,8.06,22.7325,0.0,0.0,0.0,0.0,0.0,19.2721,25.0742,29.9956,0.0,1.0,0.0,0,1006.7,0.0,0.0,0.0,0.0,0.001526,54.9642,0.0,32.0498,14.9787,0.0,0.0,55.5457,0.0,0.0,911.197,0.0,0.0,0.0,0.0,0.0,0.0,0.0,438.947,432.820007324,0.0,0.0,0.00153,0.0,13.7194,0.0,0.0,0.184,0.0,0.0,32.0,0.0,150.916,0.0,0.0,0,26.8711,0.0,1199.35,0.0,25.3652,0.0,9.55825,0.0,6.50462,0.0,
2022-09-27 03:40:00,31.3973,1879.28,0.0,0,8.97,20.5932,0.0,0.0,0.0,0.0,0.0,22.2583,31.2547,28.0973,0.0,1.0,0.0,0,1002.07,0.0,0.0,0.0,0.0,0.001526,56.2141,0.0,27.9174,12.9426,0.0,0.0,55.4873,0.0,0.0,913.395,0.0,0.0,0.0,0.0,0.0,0.0,0.0,441.535,429.390014648,0.0,0.0,0.00153,0.0,19.1669,0.0,0.0,0.17395,0.0,0.0,31.2,0.0,154.695,0.0,0.0,0,25.6113,0.0,1204.7,0.0,8.08586,0.0,10.1208,0.0,5.99252,0.0,
2022-09-27 03:45:00,28.5975,1883.48,0.0,0,9.5,20.273,0.0,0.0,0.0,0.0,0.0,30.927,35.8532,29.8983,0.0,1.0,0.0,0,1001.11,0.0,0.0,0.0,0.0,0.001526,56.3741,0.0,26.0067,12.4713,0.0,0.0,55.4012,0.0,0.0,919.95,0.0,0.0,0.0,0.0,0.0,0.0,0.0,440.51,359.429992676,0.0,0.0,0.00153,0.0,25.0629,0.0,0.0,0.2041,0.0,0.0,30.7,0.0,155.97,0.0,0.0,0,24.315,0.0,1202.04,0.0,0.0,0.0,10.1735,0.0,4.80476,0.0,
2022-09-27 03:50:00,30.7975,1884.55,0.0,0,12.15,23.1909,0.0,0.0,1.90042,0.0,0.0,34.7204,30.1829,36.4962,0.0,1.0,0.0,0,1001.19,0.0,0.0,0.0,0.0,0.001526,52.2042,0.0,31.1167,11.1771,0.0,0.0,56.3363,0.0,0.0,912.717,0.0,0.0,0.0,0.0,0.0,0.0,0.0,440.095,351.029998779,0.0,0.0,0.00153,0.0,29.0364,0.0,0.0,0.184,0.0,0.0,30.9,0.0,158.76,0.0,0.0,0,22.3447,0.0,1201.38,0.0,0.0,0.0,12.0983,0.0,4.54536,0.0,
2022-09-27 03:55:00,32.9963,1886.21,0.0,0,15.5,24.1517,0.0,0.0,3.9317,0.0,0.0,39.7299,31.0436,41.6957,0.0,1.0,0.0,0,1003.38,0.0,0.0,0.0,0.0,0.001526,51.8242,0.0,32.5767,11.1184,0.0,0.0,55.2535,0.0,0.0,917.972,0.0,0.0,0.0,0.0,0.0,0.0,0.0,440.241,378.679992676,0.0,0.0,0.00153,0.0,30.6111,0.0,0.0,0.184,0.0,0.0,31.2,0.0,163.155,0.0,0.0,0,20.2206,0.0,1203.06,0.0,0.0,0.0,13.6364,0.0,5.38216,0.0,
2022-09-27 04:00:00,29.3963,1875.54,0.0,0,15.07,25.28,0.0,0.0,6.35752,0.0,0.0,35.5566,27.7256,43.4967,0.0,1.0,0.0,0,977.945,0.0,0.0,0.0,0.0,0.001526,51.7742,0.0,30.666,14.1749,0.0,0.0,56.2502,0.0,0.0,914.731,0.0,0.0,0.0,0.0,0.0,0.0,0.0,440.851,403.279998779,0.0,0.0,0.00153,0.0,30.016,0.0,0.0,0.1639,0.0,0.0,31.0,0.0,160.98,0.0,0.0,0,20.9384,0.0,1200.21,0.0,0.0,0.0,13.7155,0.0,7.63989,0.0,
2022-09-27 04:05:00,29.7988,1893.49,0.0,0,13.22,24.1413,0.0,0.0,6.2247,0.0,0.0,39.3881,26.9346,49.9972,0.0,1.0,0.0,0,996.597,0.0,0.0,0.0,0.0,0.001526,50.2942,0.0,26.9653,12.9101,0.0,0.0,56.7486,0.0,0.0,911.014,0.0,0.0,0.0,0.0,0.0,0.0,0.0,440.095,335.799987793,0.0,0.0,0.00153,0.0,29.9794,0.0,0.0,0.2041,0.0,0.0,31.6,0.0,163.803,0.0,0.0,0,15.6942,0.0,1200.04,0.0,0.0,0.0,14.8318,0.0,8.37476,0.0,
2022-09-27 04:10:00,24.3985,1904.01,0.0,0,13.64,22.452,0.0,0.0,0.0,0.0,0.0,37.2229,23.4922,53.8957,0.0,1.0,0.0,0,1010.54,0.0,0.0,0.0,0.0,0.001526,44.9443,0.0,23.4232,13.6488,0.0,0.0,56.3087,0.0,0.0,925.864,0.0,0.0,0.0,0.0,0.0,0.0,0.0,448.957,395.450012207,0.0,0.0,0.00153,0.0,27.6814,0.0,0.0,0.184,0.0,0.0,32.8,0.0,159.485,0.0,0.0,0,11.0616,0.0,1202.89,0.0,0.02327,0.0,13.4167,0.0,8.57984,0.0,
2022-09-27 04:15:00,26.0947,1921.78,0.0,0,14.14,19.1803,0.0,0.0,0.0,0.0,0.0,41.0971,27.6341,55.4976,0.0,1.0,0.0,0,1010.46,0.0,0.0,0.0,0.0,0.001526,41.1244,0.0,23.0677,12.1856,0.0,0.0,55.5765,0.0,0.0,916.947,0.0,0.0,0.0,0.0,0.0,0.0,0.0,444.294,359.200012207,0.0,0.0,0.00153,0.0,24.8158,0.0,0.0,0.184,0.0,0.0,32.5,0.0,160.672,0.0,0.0,0,9.55276,0.0,1224.62,0.0,0.00093,0.0,12.8806,0.0,6.36179,0.0,
2022-09-27 04:20:00,26.397,1921.27,0.0,0,13.17,17.2629,0.0,0.0,6.35752,0.0,0.0,38.967,26.594,57.396,0.0,1.0,0.0,0,1003.78,0.0,0.0,0.0,0.0,0.001526,42.3943,0.0,18.8528,12.3412,0.0,0.0,56.3948,0.0,0.0,919.016,0.0,0.0,0.0,0.0,0.0,0.0,0.0,439.704,375.570007324,0.0,0.0,0.00153,0.0,21.7945,0.0,0.0,0.2041,0.0,0.0,31.2,0.0,151.553,0.0,0.0,0,10.0178,0.0,1250.65,0.0,0.0,0.0,12.1335,0.0,5.77829,0.0,
2022-09-27 04:25:00,27.4996,1940.83,0.0,0,12.51,19.9318,0.0,0.0,6.0958,0.0,0.0,43.6286,27.2129,49.298,0.0,1.0,0.0,0,1008.93,0.0,0.0,0.0,0.0,0.001526,43.1044,0.0,20.3445,11.8563,0.0,0.0,55.7795,0.0,0.0,923.63,0.0,0.0,0.0,0.0,0.0,0.0,0.0,447.663,296.920013428,0.0,0.0,0.00153,0.0,20.1556,0.0,0.0,0.184,0.0,0.0,31.9,0.0,146.313,0.0,0.0,0,11.0066,0.0,1256.75,0.0,0.00093,0.0,13.7155,0.0,6.27146,0.0,
2022-09-27 04:30:00,29.6969,1941.24,0.0,0,12.14,20.903,0.0,0.0,7.2755,0.0,0.0,40.3754,30.6639,43.5985,0.0,1.0,0.0,0,1011.47,0.0,0.0,0.0,0.0,0.001526,43.1043,0.0,20.7508,10.5257,0.0,0.0,56.9516,0.0,0.0,916.617,0.0,0.0,0.0,0.0,0.0,0.0,0.0,438.825,305.369995117,0.0,0.0,0.00153,0.0,17.1344,0.0,0.0,0.184,0.0,0.0,31.5,0.0,137.425,0.0,0.0,0,13.1307,0.0,1246.52,0.0,0.00093,0.0,15.5701,0.0,5.26192,0.0,
2022-09-27 04:35:00,31.495,1955.86,0.0,0,11.92,22.2804,0.0,0.0,6.61924,0.0,0.0,36.2173,30.6737,35.6996,0.0,1.0,0.0,0,1009.29,0.0,0.0,0.0,0.0,0.001526,42.1544,0.0,21.9442,10.1258,0.0,0.0,55.3427,0.0,0.0,919.968,0.0,0.0,0.0,0.0,0.0,0.0,0.0,445.686,325.109985352,0.0,0.0,0.00153,0.0,17.5372,0.0,0.0,0.184,0.0,0.0,32.8,0.0,129.976,0.0,0.0,0,14.7933,0.0,1248.62,0.0,0.00093,0.0,15.324,0.0,3.20928,0.0,
2022-09-27 04:40:00,30.4969,1947.73,0.0,0,10.95,22.071,0.0,0.0,8.91225,0.0,0.0,33.5332,27.3948,27.9999,0.0,1.0,0.0,0,1005.48,0.0,0.0,0.0,0.0,0.001526,43.5143,0.0,19.1194,10.6598,0.0,0.0,55.9272,0.0,0.0,922.752,0.0,0.0,0.0,0.0,0.0,0.0,0.0,439.899,439.149993896,0.0,0.0,0.00153,0.0,20.8148,0.0,0.0,0.2041,0.0,0.0,31.8,0.0,128.394,0.0,0.0,0,12.1383,0.0,1250.11,0.0,0.00093,0.0,12.4763,0.0,1.6553,0.0,
2022-09-27 04:45:00,32.1939,1936.8,0.0,0,10.16,22.6613,0.0,0.0,9.63491,0.0,0.0,27.538,22.5022,22.3977,0.0,1.0,0.0,0,999.185,0.0,0.0,0.0,0.0,0.001526,43.2043,0.0,18.053,9.61639,0.0,0.0,55.0782,0.0,0.0,920.444,0.0,0.0,0.0,0.0,0.0,0.0,0.0,439.411,425.25,0.0,0.0,0.00153,0.0,19.2126,0.0,0.0,0.184,0.0,0.0,31.4,0.0,126.592,0.0,0.0,0,14.2843,0.0,1249.92,0.0,0.00093,0.0,12.7575,0.0,1.71023,0.0,
2022-09-27 04:50:00,28.395,1942.14,0.0,0,11.19,23.1909,0.0,0.0,16.1877,0.0,0.0,32.7962,25.5637,28.3982,0.0,1.0,0.0,0,1004.95,0.0,0.0,0.0,0.0,0.001526,39.1744,0.0,18.3894,10.048,0.0,0.0,56.5148,0.0,0.0,915.72,0.0,0.0,0.0,0.0,0.0,0.0,0.0,439.728,389.429992676,0.0,0.0,0.00153,0.0,17.1984,0.0,0.0,0.184,0.0,0.0,31.4,0.0,128.734,0.0,0.0,0,18.0893,0.0,1248.55,0.0,0.0,0.0,16.3435,0.0,3.12932,0.0,
2022-09-27 04:55:00,30.5961,1948.22,0.0,0,12.87,24.562,0.0,0.0,16.3167,0.0,0.0,30.3273,23.2444,19.9993,0.0,1.0,0.0,0,1003.65,0.0,0.0,0.0,0.0,0.001526,38.8344,0.0,20.116,9.63067,0.0,0.0,56.161,0.0,0.0,918.906,0.0,0.0,0.0,0.0,0.0,0.0,0.0,442.512,443.019989014,0.0,0.0,0.00153,0.0,17.5921,0.0,0.0,0.184,0.0,0.0,31.7,0.0,131.481,0.0,0.0,0,20.0412,0.0,1249.23,0.0,0.00093,0.0,17.5037,0.0,2.68498,0.0,
2022-09-27 05:00:00,26.8947,1944.24,0.0,0,14.9,25.91,0.0,0.0,16.1213,0.0,0.0,28.4214,19.8325,17.1982,0.0,1.0,0.0,0,1015.62,0.0,0.0,0.0,0.0,0.001526,36.7744,0.0,17.7483,9.82348,0.0,0.0,56.161,0.0,0.0,919.858,0.0,0.0,0.0,0.0,0.0,0.0,0.0,440.681,438.359985352,0.0,0.0,0.00153,0.0,15.6695,0.0,0.0,0.2041,0.0,0.0,30.9,0.0,135.678,0.0,0.0,0,17.9574,0.0,1252.97,0.0,0.00093,0.0,18.5056,0.0,1.54849,0.0,
2022-09-27 05:05:00,26.399,1941.41,0.0,0,17.4,29.4413,0.0,0.0,11.2717,0.0,0.0,30.2617,19.7543,15.1981,0.0,1.0,0.0,0,1041.74,0.0,0.0,0.0,0.0,0.001526,38.0644,0.0,18.8465,9.78302,0.0,0.0,56.2779,0.0,0.0,920.975,0.0,0.0,0.0,0.0,0.0,0.0,0.0,442.463,521.289978027,0.0,0.0,0.00153,0.0,13.225,0.0,0.0,0.17395,0.0,0.0,32.0,0.0,133.7,0.0,0.0,0,22.0371,0.0,1226.89,0.0,0.0,0.0,17.8025,0.0,0.79042,0.0,
2022-09-27 05:10:00,21.4941,1945.68,0.0,0,21.61,30.4209,0.0,0.0,10.5529,0.0,0.0,28.6015,24.1941,15.1981,0.0,1.0,0.0,0,1050.41,0.0,0.0,0.0,0.0,0.001526,35.9344,0.0,15.3806,10.4662,0.0,0.0,55.635,0.0,0.0,909.055,0.0,0.0,0.0,0.0,0.0,0.0,0.0,442.097,591.099975586,0.0,0.0,0.00153,0.0,13.4081,0.0,0.0,0.184,0.0,0.0,32.7,0.0,127.603,0.0,0.0,0,21.5866,0.0,1243.89,0.0,0.01582,0.0,19.6307,0.0,0.64088,0.0,
2022-09-27 05:15:00,19.3976,1951.08,0.0,0,22.39,32.173,0.0,0.0,15.7268,0.0,0.0,28.1804,30.8031,15.7999,0.0,1.0,0.0,0,1080.31,0.0,0.0,0.0,0.0,0.001526,29.2745,0.0,15.6282,8.71263,0.0,0.0,55.3704,0.0,0.0,923.923,0.0,0.0,0.0,0.0,0.0,0.0,0.0,441.462,510.559997559,0.0,0.0,0.00153,0.0,13.7743,0.0,0.0,0.184,0.0,0.0,32.1,0.0,121.044,0.0,0.0,0,21.4877,0.0,1251.77,0.0,0.0,0.0,16.2029,0.0,1.61379,0.0,
2022-09-27 05:20:00,15.3947,1930.08,0.0,0,23.63,32.6419,0.0,0.0,16.7776,0.0,0.0,23.36,31.024,16.2999,0.0,1.0,0.0,0,1122.06,0.0,0.0,0.0,0.0,0.001526,27.9046,0.0,16.0535,8.33176,0.0,0.0,55.5457,0.0,0.0,918.156,0.0,0.0,0.0,0.0,0.0,0.0,0.0,440.339,566.840026855,0.0,0.0,0.00153,0.0,14.7265,0.0,0.0,0.19405,0.0,0.0,31.2,0.0,124.867,0.0,0.0,0,21.0263,0.0,1250.45,0.0,0.00093,0.0,14.0056,0.0,2.5275,0.0,
2022-09-27 05:25:00,11.4945,1944.54,0.0,0,22.84,33.5315,0.0,0.0,12.9123,0.0,0.0,25.4109,24.9937,18.5965,0.0,1.0,0.0,0,1160.98,0.0,0.0,0.0,0.0,0.001526,25.4446,0.0,18.8147,7.5978,0.0,0.0,54.9889,0.0,0.0,916.837,0.0,0.0,0.0,0.0,0.0,0.0,0.0,441.706,526.309997559,0.0,0.0,0.00153,0.0,15.2941,0.0,0.0,0.184,0.0,0.0,31.7,0.0,116.473,0.0,0.0,0,19.902,0.0,1244.89,0.0,0.0,0.0,11.6413,0.0,2.18326,0.0,
2022-09-27 05:30:00,8.5964,1959.04,0.0,0,15.98,31.522,0.0,0.0,11.7951,0.0,0.0,24.2451,23.3725,22.4995,0.0,6.5,0.0,0,1205.8,0.0,0.0,0.0,0.0,0.001526,25.6746,0.0,19.8177,6.33143,0.0,0.0,55.1366,0.0,0.0,916.745,0.0,0.0,0.0,0.0,0.0,0.0,0.0,448.518,525.570007324,0.0,0.0,0.00153,0.0,16.585,0.0,0.0,0.184,0.0,0.0,32.5,0.0,118.66,0.0,0.0,0,18.4811,0.0,1250.21,0.0,0.00093,0.0,12.7839,0.0,1.82681,0.0,
2022-09-27 05:35:00,5.39689,1953.01,0.0,0,11.08,26.9106,0.0,0.0,11.4045,0.0,0.0,22.9526,19.2551,23.8978,0.0,6.5,0.0,0,1246.82,0.0,0.0,0.0,0.0,0.001526,24.3346,0.0,21.0364,4.68101,0.0,0.0,55.1951,0.0,0.0,919.803,0.0,0.0,0.0,0.0,0.0,0.0,0.0,464.582,614.33001709,0.0,0.0,0.00153,0.0,17.0062,0.0,0.0,0.1639,0.0,0.0,32.1,0.0,121.945,0.0,0.0,0,19.1769,0.0,1254.36,0.0,0.00093,0.0,12.3268,0.0,0.45655,0.0,
2022-09-27 05:40:00,3.19623,1924.32,0.0,0,11.51,22.632,0.0,0.0,9.5021,0.0,0.0,22.0371,15.8334,20.0967,0.0,6.5,0.0,0,1280.37,0.0,0.0,0.0,0.0,0.001526,26.2646,0.0,13.3049,6.7234,0.0,0.0,55.8688,0.0,0.0,898.727,0.0,0.0,0.0,0.229,0.0,0.0,0.0,438.215,671.059997559,0.0,0.0,0.00153,0.0,17.2259,0.0,0.0,0.184,0.0,0.0,30.5,0.0,126.438,0.0,0.0,0,16.5841,0.0,1250.04,0.0,0.64318,0.0,10.112,0.1001,0.0,0.0,
2022-09-27 05:45:00,5.69444,1942.0,0.0,0,13.52,19.712,0.0,0.0,9.04506,0.0,0.0,22.5635,16.2728,22.1986,0.0,6.5,0.0,0,1312.01,0.0,0.0,0.0,0.0,0.001526,26.0046,0.0,5.89706,6.53455,0.0,0.0,55.7795,0.0,0.0,915.372,0.0,0.0,0.0,0.70806,0.0,0.0,0.0,440.436,643.299987793,0.0,0.0,0.00153,0.0,19.3042,0.0,0.0,0.19405,0.0,0.0,32.1,0.0,129.954,0.0,0.0,0,18.4958,0.0,1256.7,0.0,20.19,0.0,9.59341,0.27955,0.0,0.0,
2022-09-27 05:50:00,3.19882,1943.61,0.0,0,18.94,21.0705,0.0,0.0,9.56851,0.0,0.0,27.3915,16.3046,20.0967,0.0,6.5,0.0,0,1334.13,0.0,0.0,0.0,0.0,0.001526,24.5546,0.0,3.86896,3.83914,0.0,0.0,56.1025,0.0,0.0,907.279,0.0,0.0,0.0,1.21344,0.0,0.0,0.0,439.631,717.039978027,0.0,0.0,0.00153,0.0,21.941,0.0,0.0,0.15386,0.0,0.0,31.1,0.0,134.019,0.0,0.0,0,18.7375,0.0,1263.93,0.0,6.70828,0.0,9.52309,0.53957,0.49012,0.0,
2022-09-27 05:55:00,4.99954,1926.96,0.0,0,20.87,25.0623,0.0,0.0,8.06067,0.0,0.0,25.0553,14.0841,13.698,0.0,6.5,0.0,0,1346.07,0.0,0.0,0.71252,0.0,0.001526,18.5647,0.0,3.01201,2.18158,0.0,0.0,56.8347,0.0,0.0,916.819,0.0,0.0,0.0,1.86095,0.0,0.0,0.642,437.629,771.159973145,0.0,0.0,0.00153,0.0,23.5248,0.0,0.0,0.17395,0.0,0.0,30.8,0.0,127.724,0.0,0.0,0,18.6862,0.0,1261.2,0.0,7.04709,0.0,9.95376,0.92044,1.31044,0.0,
2022-09-27 06:00:00,6.69589,1954.96,0.0,0,23.25,25.4307,0.0,0.0,10.6838,0.0,0.0,27.1733,10.9542,9.59587,0.0,6.5,0.0,0,1348.8,0.0,0.0,1.48798,0.0,0.001526,14.3848,0.0,4.85286,2.30378,0.0,0.0,56.4255,0.0,0.0,921.03,0.0,0.0,0.0,2.79274,0.0,0.0,1.322,444.123,751.260009766,0.0,0.0,0.00153,0.0,22.9847,0.0,0.0,0.184,0.0,0.0,32.4,0.0,125.339,0.0,0.0,0,19.3381,0.0,1258.95,0.0,0.0,0.0,10.0241,0.99979,0.9778,0.0,
2022-09-27 06:05:00,5.79667,1957.67,0.0,0,19.41,22.7513,0.0,0.0,8.32239,0.0,0.0,24.4617,9.48318,12.0961,0.0,6.5,0.0,0,1349.31,0.0,0.0,2.42962,0.0,0.001526,13.2198,0.0,2.60893,2.34821,0.0,0.02176,55.8103,0.0,0.0,924.564,0.0,0.0,0.0,6.0198,0.0,0.1648,2.892,467.854,837.369995117,0.1,0.0,0.00153,0.0,21.5564,0.0,0.0,0.15386,0.0,0.0,43.8,0.0,125.405,0.0,0.0,0,21.5793,0.0,1259.78,0.0,0.0,0.0,10.3405,1.14994,0.98146,0.0,
2022-09-27 06:10:00,5.39856,1935.82,0.0,0,19.12,19.601,0.0,0.0,6.48643,0.0,0.0,22.0645,10.1936,10.1977,0.0,6.5,0.0,0,1346.68,0.0,0.0,4.02083,0.0,0.199893,15.0598,0.0,3.17705,3.01234,0.0,0.38843,56.6009,0.0,0.0,907.352,0.0,0.0,0.0,8.71515,0.0,0.0,4.458,488.557,924.479980469,0.23,0.0,0.00153,0.0,23.7262,0.0,0.0,0.17395,0.83,0.0,50.8,0.0,122.955,0.0,0.61952,0,22.8025,0.0,1266.1,0.0,0.00093,0.63172,12.1071,1.40019,1.38308,0.0,
2022-09-27 06:15:00,4.69512,1906.33,0.49252,0,20.83,18.0813,0.0,0.0,5.83407,0.0,0.0,18.4817,14.4442,13.7997,0.0,6.5,0.96883,0,1347.75,0.0,0.0,5.01785,0.0,0.300603,14.0148,0.0,5.93198,1.66979,0.0,0.73293,55.8995,0.0,0.0,922.037,0.0,0.0,0.0,16.2327,0.0,0.20874,6.924,511.312,789.650024414,0.32,0.0,0.09918,0.0,28.3772,0.0,0.0,0.17395,116.86,0.0,57.8,0.0,125.076,0.0,1.96963,0,23.7693,0.0,1256.46,0.0,8.24782,2.1088,12.7751,1.82012,2.36576,0.0,
2022-09-27 06:20:00,2.39635,1918.95,0.50048,0,22.41,16.6098,0.59144,0.0,0.0,0.0,0.0,15.4986,16.4437,17.1982,0.0,6.5,2.07993,0,1351.36,0.0,0.0,5.70268,0.29419,0.49897,13.2048,0.0,5.78598,1.00566,0.0,1.27539,55.635,0.0,0.0,916.178,0.0,0.2009,0.0,20.9232,0.0,0.22339,9.546,542.513,847.619995117,0.84,0.0,0.40131,0.0,36.1227,0.55786,0.0,0.17395,119.6,0.0,62.6,0.0,126.779,0.0,3.75555,0,21.9529,0.0,1262.76,0.0,13.7377,2.93889,12.9333,2.39021,3.23308,0.0,
2022-09-27 06:25:00,2.2974,1891.7,0.75006,0,26.07,15.111,1.22133,0.0,6.42393,0.0,0.0,14.3694,20.7541,17.6982,0.52051,6.5,3.08263,0,1344.31,0.0,0.0,15.8743,0.16236,0.700389,12.8248,0.0,7.72204,0.86918,0.0,2.23501,55.3427,0.0,0.0,905.979,3.49966,0.4611,0.0,24.2398,0.0,0.0,12.804,579.648,840.260009766,1.06,0.0,0.8011,0.0,42.7237,1.57643,0.0,0.14381,113.66,0.0,61.2,0.0,126.943,2.73289,3.01213,0,22.3008,0.0,1276.09,0.0,0.98758,3.75677,14.9372,3.32041,3.46502,0.0,
2022-09-27 06:30:00,3.19585,1896.22,1.36072,0,26.68,11.7807,1.85122,0.0,5.83407,0.60082,0.0,15.4208,24.1147,18.2956,0.94794,6.5,4.69508,0,1349.92,0.0,0.0,7.93843,1.13893,1.20089,12.6548,0.0,9.15346,0.70335,0.0,4.28979,56.3671,0.76,0.0,924.619,5.00023,0.68943,0.0,27.2089,0.128001,0.48463,15.69,611.044,725.320007324,1.64,0.0,1.10018,0.0,47.1092,1.82306,0.0,0.184,123.16,0.0,63.4,0.0,124.076,4.54566,8.83131,0,23.176,0.0,1266.93,0.0,0.00093,8.27344,14.7175,2.48054,7.50378,0.0,
2022-09-27 06:35:00,4.59808,1873.86,2.60064,0,23.62,8.03383,1.97208,0.0,6.0958,1.69947,0.0,14.7051,23.4653,16.1981,1.35379,6.5,6.53788,0,1368.06,0.0,0.49134,32.572,0.68482,1.10018,11.9348,0.295,9.95328,0.30185,0.0,4.39962,56.6316,0.76,0.21843,908.689,7.0547,0.96379,0.415,29.7779,0.128001,0.38941,18.538,600.937,760.650024414,3.38,0.0,1.39925,0.0,42.211,1.08781,0.0,0.17395,126.31,0.0,61.6,0.0,122.131,6.44999,7.45556,0,22.4399,0.0,1270.72,1.0193,0.00093,8.50538,13.9353,1.75054,9.45388,0.0,
2022-09-27 06:40:00,6.19692,1881.79,4.14058,0,21.87,5.42984,2.88029,1.49998,14.0901,1.8986,0.0,9.66506,25.9434,15.2998,1.4576,6.5,7.13408,0,1375.78,0.0,0.73548,40.2914,1.66873,1.39925,11.6048,0.315,10.9372,0.87871,0.0,5.15968,55.1366,1.51,0.32075,916.324,9.52209,1.26293,0.416,34.5842,0.128001,0.27466,23.738,623.716,808.099975586,4.23,0.75,1.60067,0.0,36.6262,0.98074,0.0,0.15386,118.2,0.0,61.3,0.0,116.77,27.1412,6.47288,0,22.3557,0.0,1263.39,0.19898,0.1089,11.2459,12.7048,1.50029,9.47952,0.0,
2022-09-27 06:45:00,8.3936,1887.31,4.35033,0,20.69,4.40207,5.27169,2.09997,13.2385,3.10025,0.0,2.03479,25.9629,13.698,1.6647,6.5,7.51348,0,1377.54,0.0,1.13222,35.5983,1.19509,1.70138,14.0948,0.34499,13.6159,1.40636,0.0,6.26534,56.1025,7.69,1.09459,917.148,12.7649,1.73199,0.0,39.3906,0.0,0.22339,27.148,630.137,856.210021973,4.03,2.5,1.10018,0.0,34.9142,1.47765,0.0,0.17395,99.87,0.0,62.1,0.0,121.835,37.3678,8.31006,0,22.1433,0.0,1281.29,1.0071,6.24288,15.9884,12.4235,1.41972,9.15358,0.0,
2022-09-27 06:50:00,8.19829,1851.03,3.052,0,20.0,3.07287,8.59327,2.69996,1.90042,4.3019,0.0,0.0,27.4339,12.0961,2.57037,6.5,9.84408,0,1372.38,0.0,0.9308,28.0552,0.30396,2.00046,14.8948,0.34499,14.7395,2.33393,0.0,6.1207,55.8688,19.03,1.32397,906.638,16.3401,2.17804,0.0,43.2704,0.0,0.0,15.534,605.478,774.179992676,5.7,2.5,1.29854,0.0,32.5063,1.58009,45.4551,0.17395,169.92,0.0,60.9,0.0,118.209,48.51,5.85763,0,16.5841,0.0,1270.72,1.80056,0.0847,11.7586,11.5007,2.62947,7.93286,0.0,
2022-09-27 06:55:00,8.7963,1876.74,3.04138,0,18.31,0.46888,8.23072,3.59995,0.0,5.29755,0.0,0.0,27.5047,13.7997,3.15968,6.5,12.8928,0,1377.83,0.0,1.11391,14.0465,2.01541,4.79896,17.3647,0.38499,17.2976,2.75764,0.0,8.43571,55.8995,22.05,0.9776,916.068,20.5196,2.73561,0.0,47.1345,0.178001,0.18189,26.07,598.886,780.030029297,5.18,5.5,1.79904,0.0,38.32,1.51939,119.302,0.19405,116.02,0.0,61.5,0.0,121.725,60.2472,9.55764,0,14.3612,0.0,1260.27,1.84451,2.892,10.19,9.11,4.43983,6.94652,0.0,
2022-09-27 07:00:00,10.7951,1883.09,5.33005,0,17.88,0.0,6.83177,4.49993,0.0,7.50172,0.0,0.0,32.2045,16.6982,3.98451,6.5,15.3183,0,1377.58,0.0,2.00504,65.2472,4.03693,2.50095,20.8647,0.35499,16.9358,2.77827,0.0,14.1588,56.3087,26.08,0.9776,910.813,25.3738,3.41884,0.0,50.8932,0.379001,0.16968,40.866,597.104,582.609985352,4.86,7.5,4.1001,0.0,39.263,3.94092,197.627,0.17395,118.41,0.0,62.4,0.0,127.658,73.843,9.83108,0,11.3252,0.0,1260.78,2.22782,4.35335,17.0321,7.8092,6.69942,5.53658,0.0,
2022-09-27 07:05:00,11.7977,1843.68,6.48235,0,17.64,0.0,7.26024,5.39992,0.0,10.5024,0.0,0.0,32.0336,18.4992,3.31034,6.5,17.134,0,1369.21,0.0,2.99382,76.5921,3.2874,3.00145,20.5447,0.42499,16.2947,2.7743,0.0,17.2145,56.1333,29.11,0.87517,905.264,30.3992,4.14279,0.0,55.6575,0.479001,0.0,31.036,584.97,547.280029297,5.09,14.5,7.30144,0.0,40.9751,10.9059,195.252,0.15386,112.94,0.0,60.7,0.0,119.626,87.1641,8.65187,0,9.79446,0.0,1259.78,2.0032,0.0,20.2792,8.14319,7.09006,5.04097,0.0,
2022-09-27 07:10:00,15.5963,1849.91,5.34067,0,17.56,0.0,6.20188,6.5999,0.0,13.7984,0.0,0.0,34.6435,24.597,4.74086,6.5,21.1583,0,1379.68,0.0,3.95819,81.7787,13.2949,7.60052,20.9447,0.44499,18.8147,2.93062,0.0,26.197,56.6316,13.48,1.2391,915.482,35.9986,4.95879,0.545,59.1899,0.328001,0.6775,43.53,609.58,630.190002441,8.25,17.25,17.7997,0.0,48.748,8.81932,195.919,0.17395,-1.96,0.0,61.9,0.0,115.518,103.754,16.1544,0,10.1643,0.0,1258.05,2.68437,0.57989,23.8804,10.3405,7.59056,4.112,0.0,
2022-09-27 07:15:00,17.9963,1811.94,4.06093,0,14.18,0.0,10.5598,7.79988,0.0,23.8991,0.0,0.0,35.4528,23.9996,5.6745,6.5,21.7681,0,1379.37,0.0,3.4638,86.9249,47.3579,2.50095,20.6847,0.95499,16.2756,2.66798,0.0,18.6133,55.8688,12.66,1.76826,904.843,41.4067,5.78717,0.625,61.1008,0.278001,0.61891,29.332,621.787,602.83001709,10.75,25.25,32.7993,0.0,47.7684,13.4267,198.182,0.17395,0.0,0.0,61.9,0.0,108.519,124.555,18.6838,0,8.65187,0.0,1263.42,1.82986,4.9863,32.6146,7.77404,7.92016,4.59113,0.0,
2022-09-27 07:20:00,16.3948,1789.09,5.88231,0,12.12,0.0,14.222,8.89986,0.0,16.9982,0.0,0.0,36.3354,20.2958,4.81997,6.5,18.3128,0,1378.73,0.0,2.52995,91.195,23.339,2.69932,18.8447,3.43495,14.5871,2.01971,0.0,51.8861,55.5765,9.42,2.46451,915.922,46.845,6.48103,1.236,62.6959,0.378001,0.82887,52.762,627.182,573.380004883,8.65,27.25,14.9004,0.0,50.8354,12.3214,199.205,0.17395,0.0,0.0,62.2,0.0,111.485,136.265,33.4154,0,9.60403,0.0,1263.39,3.2459,2.75424,24.1672,7.5631,8.77956,5.03365,0.0,
2022-09-27 07:25:00,14.2953,1785.18,7.7913,0,9.17,0.0,10.1533,10.2998,0.0,20.5001,0.0,0.0,37.7722,16.6982,5.24314,6.5,16.3481,0,1378.68,0.0,5.17891,92.9222,24.2106,3.80102,18.7147,2.55496,16.5359,1.41668,0.0,60.3791,54.9613,33.41,2.36109,910.63,52.9984,7.35543,3.157,60.2954,0.378001,0.72145,53.404,629.38,637.159973145,10.88,29.5,13.8994,0.0,46.9078,8.64242,199.712,0.17395,0.0,0.0,62.6,0.0,114.1,155.756,45.2674,0,8.31128,0.0,1263.39,3.24834,2.00401,28.4337,4.99666,9.23002,2.10697,0.0,
2022-09-27 07:30:00,12.3979,1764.14,11.5004,0,6.86,1.92682,10.1131,11.6998,0.0,7.59785,0.0,0.0,41.5442,14.4989,3.22854,6.5,23.1095,0,1372.75,0.0,8.18799,91.2,21.3956,4.89967,19.5197,1.23498,21.1634,1.24132,0.0,55.8203,55.5457,40.66,3.12794,898.16,58.7993,8.22806,4.724,60.8797,0.428001,0.22339,54.114,614.926,609.260009766,11.65,31.25,21.1994,0.0,42.8519,9.45086,198.247,0.14381,0.0,0.0,60.8,0.0,117.605,162.797,43.9002,0,7.41039,0.0,1260.95,2.86015,0.0,44.5472,3.00151,9.70977,0.87465,0.0,
2022-09-27 07:35:00,14.0936,1821.02,12.7908,0,7.1,1.8253,9.8201,13.0998,0.0,3.80064,0.0,0.30518,38.7634,8.8967,2.92685,6.5,42.7029,0,1386.45,0.0,9.39651,89.4729,63.1931,3.00145,20.5197,0.93499,26.1401,1.27861,0.0,49.6271,56.161,42.72,3.12794,925.755,63.6837,8.76616,3.699,67.4549,0.478001,1.21218,27.72,644.712,575.710021973,9.05,34.75,45.9007,0.0,38.2284,12.1212,172.207,0.17395,0.0,0.0,63.8,0.0,107.673,175.138,29.2625,0,6.90501,0.0,1264.76,2.8333,5.89104,34.6655,2.74662,10.2506,4.19806,0.0,
2022-09-27 07:40:00,19.2942,1789.41,12.581,0,6.98,1.30618,5.561,14.6998,0.0,5.90181,0.0,0.0,42.6453,8.59579,2.61773,6.5,64.4777,0,1378.27,0.0,10.6966,90.4749,52.4288,1.79904,22.2397,0.76499,26.87,0.97392,0.0,11.0556,56.6316,27.1,3.7641,912.955,66.6445,8.95555,3.308,33.8156,0.478001,1.95926,40.508,654.331,609.690002441,8.44,37.25,46.1997,0.0,32.195,9.86016,119.499,0.184,0.0,0.0,61.8,0.0,118.418,163.914,37.5598,0,6.46189,0.0,1264.39,3.08965,0.0,126.818,2.65873,10.7498,6.79698,0.0,
2022-09-27 07:45:00,17.2957,1742.97,11.3624,0,6.76,0.0,4.30121,16.0998,0.0,9.19776,58.7878,0.0,44.5753,8.39666,2.28,6.5,46.0497,0,1375.85,0.0,17.5204,91.4669,57.7023,3.40124,29.8595,0.52499,27.6826,1.00645,0.0,46.6616,56.3948,33.18,6.39821,913.981,71.2369,9.50603,3.692,29.3304,0.428001,3.00664,35.402,629.355,506.649993896,17.95,40.0,42.4002,0.0,26.7292,27.5383,119.352,0.14381,0.0,0.0,60.8,0.0,99.642,172.465,30.681,0,7.30419,0.0,1241.22,2.15702,0.0,100.365,1.77981,11.2894,7.72534,0.0,
2022-09-27 07:50:00,24.5961,1743.56,8.94095,0,5.52,0.0,2.07095,17.8997,0.0,7.89998,119.441,0.0,55.7144,8.09575,2.51482,6.5,24.9795,0,1377.39,0.0,53.2143,86.22,58.1979,1.49996,34.4345,0.78499,28.5268,0.40421,0.0,22.2587,55.9272,45.26,7.24045,923.429,77.6219,10.2583,4.145,39.6117,0.579001,4.86213,32.744,635.825,528.58001709,17.66,42.5,42.0005,0.0,22.948,39.2771,120.918,0.184,0.0,0.0,63.5,0.0,98.8949,179.597,33.6034,0,9.82742,0.0,1208.68,0.86793,4.47063,39.6643,1.88528,11.7997,9.74441,0.0,
2022-09-27 07:55:00,31.2989,1730.23,11.1208,0,3.69,0.11827,0.41199,19.2997,0.0,3.80064,173.996,0.0,56.5847,8.09575,1.76838,6.5,10.6435,0,1367.43,0.0,83.2441,77.8359,59.7238,0.898756,32.1245,1.05498,30.9326,0.73191,0.0,19.6301,55.7795,46.07,6.69798,923.649,85.7794,11.2124,3.703,52.9358,0.680001,5.50668,44.694,641.343,411.809997559,12.0,45.25,42.9007,0.0,19.588,20.028,120.771,0.184,0.0,0.0,63.8,0.0,97.4337,183.964,25.2122,0,13.2113,0.0,1190.69,0.25025,0.28948,33.1151,2.79057,12.2599,9.10964,0.0,
2022-09-27 08:00:00,32.7951,1766.73,6.96027,0,2.09,3.01321,0.41199,20.6997,0.0,1.10208,168.616,0.0,51.6835,7.79927,2.5527,6.5,10.5893,0,1378.81,0.0,59.6475,55.0705,57.8415,1.10018,36.7094,1.73497,28.3681,0.47562,0.0,30.1046,55.3704,26.74,6.65805,948.094,94.4605,11.5363,4.751,49.9193,1.081,6.00229,39.616,663.462,509.25,11.46,48.25,25.2003,0.881002,16.1364,20.7818,25.8045,0.15386,0.0,0.0,66.0,0.0,87.6777,187.059,25.8701,0,15.7455,0.0,1197.42,0.0,11.7271,22.4033,4.00348,12.6798,12.2396,0.0,
2022-09-27 08:05:00,29.1965,1749.51,4.10076,0,0.93,4.16344,1.19203,22.2997,0.0,2.50286,166.723,0.0,59.4034,8.79934,2.23757,6.5,12.7302,0,1376.8,0.0,126.091,90.1577,46.3374,2.10117,34.8395,2.19497,31.104,1.08898,0.0,64.2068,56.0164,38.07,5.7303,909.513,99.2442,13.1293,7.148,39.3695,1.03,4.69856,39.952,673.985,649.869995117,19.41,50.25,18.8006,1.004,16.9513,20.7692,0.0,0.17395,0.0,0.0,61.1,0.0,84.7004,190.309,25.9385,0,12.7425,0.0,1226.65,0.0,1.42319,25.9617,2.33353,13.0802,11.8764,0.0,
2022-09-27 08:10:00,30.3941,1811.6,4.98224,0,0.36,3.56582,5.832,23.6996,0.0,5.20142,165.716,0.0,61.3431,8.29931,2.44237,6.5,18.096,0,1380.1,0.0,131.78,65.4839,23.0045,1.89975,42.9893,1.80497,32.7607,1.88641,0.0,27.563,55.9272,37.0,6.20314,929.307,98.9622,14.54,6.356,28.7092,0.930001,3.67071,30.832,662.828,603.25,95.64,53.5,17.7997,1.669,18.0407,58.3991,0.0,0.2041,0.0,0.0,64.7,0.0,88.26,188.35,25.0242,0,13.2039,0.0,1253.68,0.51637,0.0,24.1062,2.57963,13.3195,8.05432,0.0,
2022-09-27 08:15:00,30.8993,1791.51,7.32135,0,0.0,4.60092,30.7018,25.2996,0.0,5.40055,165.339,0.0,70.0639,11.8969,2.64525,6.5,12.6489,0,1374.41,0.0,130.352,85.7114,19.6988,1.29854,47.5793,0.80499,43.4694,3.37575,0.0,42.1704,56.9239,38.2,9.16685,911.82,104.058,15.9685,7.614,29.362,0.780001,3.17021,29.79,635.264,585.340026855,98.58,53.25,14.7997,1.507,17.7295,58.59,0.0,0.17395,0.0,0.0,62.0,0.0,90.3035,180.266,26.5196,0,13.1673,0.0,1261.95,1.96902,0.0,29.3187,3.37066,13.9201,9.32937,0.0,
2022-09-27 08:20:00,31.5989,1741.34,9.49055,0,0.0,3.67153,29.8997,26.6996,0.0,4.50103,165.672,0.0,70.634,10.3968,3.72774,6.5,5.29128,0,1342.82,0.0,129.68,93.7128,35.8904,1.49996,55.9091,0.80499,54.6732,6.12592,0.0,80.3389,56.0164,45.73,20.9121,902.371,100.141,15.0073,11.31,53.2885,0.880001,3.06523,40.85,604.282,592.320007324,97.94,57.5,25.0019,1.988,17.9767,62.1591,0.0,0.14381,0.0,0.0,60.8,0.0,101.433,144.504,37.3889,0,17.1847,0.0,1236.32,7.88708,0.0,33.8903,2.21048,14.3205,8.72633,0.0,
2022-09-27 08:25:00,43.7953,1765.29,5.77079,0,0.0,6.49949,17.5619,28.2996,0.0,3.20325,165.423,0.0,72.3235,11.7996,3.30829,6.5,4.26148,0,1321.36,0.0,131.371,88.0327,18.9468,2.19882,50.7742,0.96499,57.1361,7.08681,0.0,41.2385,56.4563,42.72,11.1708,931.687,105.649,16.6907,17.376,65.8388,1.03,4.34699,43.146,611.289,538.590026855,97.96,60.0,13.4997,1.51,20.65,58.0092,0.0,0.184,0.0,0.0,64.3,0.0,102.674,137.208,37.6025,0,31.2914,0.0,1206.85,6.74205,0.00093,32.9931,1.36672,14.6599,5.79782,0.0,
2022-09-27 08:30:00,28.0962,1739.31,5.60087,0,0.0,8.09872,12.7901,29.6996,0.0,4.50103,165.632,0.0,74.8833,20.1984,2.92416,6.5,11.4565,0,1302.39,0.0,129.888,82.1362,31.1394,3.5996,57.6841,0.50499,63.2236,7.20265,0.0,18.9993,56.3948,24.77,12.8584,919.199,94.3195,19.0377,38.857,67.6286,1.08,3.31914,50.082,589.999,499.829986572,98.27,62.25,26.2013,1.297,21.9593,34.9338,0.0,0.184,0.0,0.0,62.7,0.0,103.399,134.452,47.6259,0,54.8025,0.0,1199.26,5.63851,0.0,47.715,0.97121,15.0505,3.70062,0.0,
2022-09-27 08:35:00,21.7935,1695.34,6.52218,0,0.0,9.45304,9.99222,31.0995,0.0,6.80133,115.405,0.0,73.4722,13.4988,2.6135,6.5,22.6217,0,1270.99,0.0,104.863,80.7162,23.4147,3.40124,59.8041,0.59499,50.1917,8.9229,0.0,15.6892,56.2194,32.88,14.9248,911.728,92.8895,16.6464,30.495,74.2933,0.979001,4.74006,40.224,569.784,646.690002441,99.15,64.5,15.1995,0.527001,20.8789,35.0876,0.0,0.14381,0.0,0.0,61.6,0.0,105.553,70.84,132.487,0,55.7583,0.0,1205.9,3.89288,0.0,112.413,2.17533,15.3996,1.49111,0.0,
2022-09-27 08:40:00,33.4959,1674.63,9.19052,0,0.0,10.5499,10.992,32.4995,0.0,6.69833,55.6786,0.0,70.7842,8.19753,2.6135,6.5,69.6809,0,1293.48,0.0,69.9443,80.2529,34.3768,2.10117,56.6841,0.74499,48.7825,11.4017,0.0,16.2248,56.161,21.31,7.77062,920.481,93.6246,8.99626,6.137,56.9314,0.929001,13.0727,33.706,557.26,612.210021973,99.58,66.5,26.7994,0.910002,22.7375,24.8689,0.0,0.17395,0.0,0.0,62.8,0.0,105.025,35.8663,115.414,0,53.4731,0.0,1234.75,2.9749,0.0,102.654,2.00833,15.7305,0.45716,0.0,
2022-09-27 08:45:00,28.1963,1630.03,14.3122,0,0.0,16.0425,29.1417,33.8995,0.0,12.1984,0.0,0.0,65.2934,1.29877,2.377,6.5,116.767,0,1290.94,0.0,57.6394,84.9057,42.1698,2.59861,56.6441,0.93499,52.0135,11.7429,0.0,14.786,55.6934,13.17,10.3941,915.629,85.3564,8.88121,22.875,57.879,1.181,9.51797,36.176,535.506,651.090026855,102.18,68.75,23.2013,3.031,21.1444,38.4073,0.0,0.15386,0.0,0.0,61.8,0.0,91.0066,42.4033,137.357,0,51.6493,0.0,1263.22,3.29717,0.00093,54.6609,2.50932,15.9905,0.0,0.0,
2022-09-27 08:50:00,35.6943,1612.33,22.0809,0,0.0,18.3597,29.2113,35.0995,0.0,18.3028,0.0,0.0,65.7133,0.0,2.2953,6.5,88.9897,0,1316.94,0.0,44.9622,82.7304,38.6932,2.59861,51.3642,0.86499,66.5625,13.5195,0.0,16.212,56.5424,14.21,8.31232,921.049,84.6917,9.93085,43.882,61.9852,1.481,11.1293,47.124,528.865,682.510009766,102.44,70.75,19.0997,3.165,19.4507,28.2699,0.0,0.19405,0.0,0.0,63.6,0.0,88.0293,47.6036,88.6165,0,65.1701,0.0,1260.78,8.87587,0.00093,56.968,2.57963,16.3799,0.0,0.0,
2022-09-27 08:55:00,36.2955,1534.72,16.8716,0,1.53,19.3729,30.6725,36.4994,0.0,37.0966,0.0,0.91096,65.1237,0.0,1.3383,6.5,40.4129,0,1341.67,0.0,33.9818,81.0284,31.5715,3.89868,52.3442,0.86499,67.6163,15.4746,0.0,61.8701,56.1025,36.91,29.2577,907.553,93.9066,12.7134,43.733,52.8305,1.733,17.7334,55.17,492.757,633.770019531,102.49,72.75,13.7011,2.034,16.9879,22.7599,0.0,0.17395,0.0,0.0,60.9,0.0,89.8091,84.3351,63.9298,0,79.7601,0.0,1256.83,9.89883,0.00093,131.023,2.80815,16.7205,1.10597,0.0,
2022-09-27 09:00:00,35.0946,1515.5,12.6421,0,3.13,14.931,82.7411,37.8994,0.0,39.699,0.0,1.85397,69.6941,0.0,1.64262,6.5,35.0065,0,1309.0,0.0,31.7784,79.2912,29.3107,3.49889,61.4241,1.11498,60.9575,16.6291,0.0,43.4237,55.6934,37.21,12.992,896.603,114.421,15.5861,17.351,52.7937,1.378,10.1039,54.82,493.684,555.590026855,102.08,74.75,13.7011,1.001,15.8617,14.5302,0.0,0.17395,0.0,0.0,60.6,0.0,92.9073,115.473,65.861,0,75.252,0.0,1261.22,9.81338,0.0,131.633,1.92044,17.0696,0.0,0.0,
2022-09-27 09:05:00,43.2968,1483.89,13.8104,0,3.54,15.6009,95.4818,37.6994,0.0,40.9968,0.0,6.1799,77.0343,0.0,1.63706,6.5,29.18,0,1278.78,0.0,40.7141,78.5912,0.0,2.40024,62.2141,1.59498,53.4417,13.0838,0.0,79.6713,56.6901,23.86,3.56134,919.456,105.79,12.5116,24.291,63.8067,2.84,15.79,54.764,499.397,488.920013428,101.76,76.5,17.6989,1.796,15.0103,17.9627,0.0,0.17395,0.0,0.0,61.8,0.0,85.0849,109.238,57.897,0,65.3898,0.0,1265.74,29.511,0.00093,102.196,0.98,17.42,0.19776,0.0,
2022-09-27 09:10:00,47.5946,1466.09,17.1318,0,2.29,15.3015,50.1625,37.6994,0.0,64.398,0.0,7.39757,74.743,0.0,1.12582,6.5,17.1611,0,1241.94,0.0,19.2904,93.9192,32.6922,2.69932,62.944,1.45498,59.726,15.88,0.0,67.371,55.6626,30.31,4.0311,924.986,89.8782,13.5152,10.812,74.0827,2.688,6.42954,54.808,503.572,553.200012207,101.86,78.75,18.3001,3.003,12.2179,15.9308,0.0,0.184,0.0,0.0,62.5,0.0,85.2827,109.165,3.31121,0,55.2383,0.0,1238.07,11.8422,0.00093,106.169,0.0,17.8301,1.32387,0.0,
2022-09-27 09:15:00,48.3985,1462.11,16.5716,0,0.57,15.5402,27.8013,37.7994,0.0,35.7988,0.0,16.64,73.2537,0.0,1.45914,6.5,16.9578,0,1211.76,0.0,5.03243,78.5862,32.3992,2.50095,56.2141,1.27498,55.7587,15.7785,0.0,73.5928,55.6934,26.17,4.27034,921.268,105.136,14.2905,10.131,74.9566,2.536,0.82155,54.836,509.383,545.5,101.65,80.25,25.8015,2.745,14.2596,16.8938,0.0,0.1639,0.0,0.0,63.8,0.0,86.5901,100.247,111.295,0,60.651,0.0,1214.91,12.1791,0.0,58.4085,0.0,18.0902,0.0,0.0,
2022-09-27 09:20:00,43.8957,1435.98,17.9098,0,0.0,14.1209,40.1611,37.6994,0.0,35.7027,0.0,21.3413,63.6637,0.0,2.59994,6.5,14.2343,0,1186.25,0.0,12.5216,50.3522,27.1647,0.49897,55.6042,1.05498,55.016,16.1133,0.0,29.8117,55.6042,18.0,4.80486,913.724,109.94,19.8643,12.458,74.088,2.184,9.41787,54.774,500.301,619.260009766,101.39,82.25,14.6014,2.67,14.7173,29.825,0.0,0.1639,0.0,0.0,62.9,0.0,91.1824,117.047,140.827,0,57.9849,0.0,1197.33,7.66735,0.00093,85.9174,0.0,18.3904,0.0,0.0,
2022-09-27 09:25:00,38.1958,1378.39,18.7302,0,0.0,16.3523,76.7718,37.6994,0.0,32.7981,0.0,31.2947,56.0732,0.69696,2.60301,6.5,22.6759,0,1144.4,0.0,24.7593,78.7725,31.0857,1.60067,53.1842,1.05498,51.95,15.4301,0.0,14.5219,55.8995,25.19,5.34835,904.44,135.53,20.5228,28.18,73.7195,1.274,20.5093,54.78,488.142,784.880004883,102.08,84.0,18.999,2.651,12.0073,36.2775,0.0,0.15386,0.0,0.0,60.0,0.0,105.838,70.9316,80.6268,0,62.6322,0.0,1224.79,7.62585,0.0,94.8775,0.0,18.6004,0.13855,0.0,
2022-09-27 09:30:00,46.4972,1398.14,20.31,0,0.0,19.4817,82.6313,45.3993,0.0,19.6006,0.0,40.6485,62.305,2.29885,3.12,6.5,48.5023,0,1111.61,0.0,39.646,76.5418,35.0823,1.89975,52.1142,1.15498,43.3742,15.3801,0.0,18.7484,55.5457,18.98,6.75174,917.936,130.877,13.34,35.961,73.6511,1.224,0.29419,54.706,503.938,674.58001709,59.82,85.5,19.4995,3.952,12.1813,23.2529,0.0,0.19405,0.0,0.0,63.1,0.0,103.905,47.6768,92.1456,0,65.1115,0.0,1206.82,21.4713,0.02327,78.7762,0.0,18.8995,0.57313,0.0,
2022-09-27 09:35:00,36.498,1432.49,21.2206,0,0.0,17.9725,34.9206,37.4994,0.0,8.90249,0.0,44.0787,80.8234,1.89616,3.94304,6.5,110.697,0,1080.7,0.0,34.0551,77.9215,36.0858,4.7013,59.2941,1.11498,42.257,15.6706,0.0,39.9954,55.8103,18.98,10.7474,894.589,123.092,15.7897,30.444,73.7142,1.578,5.5555,54.248,515.95,572.809997559,98.38,87.25,20.0,4.019,10.9178,35.2265,0.0,0.184,0.0,0.0,64.9,0.0,108.31,64.3671,58.1961,0,62.6029,0.0,1176.96,27.5358,0.00093,130.968,0.0,18.9801,0.0,0.0,
2022-09-27 09:40:00,31.894,1415.62,24.5501,0,0.0,24.1413,59.0396,45.5993,0.0,3.69764,0.0,43.154,80.3156,0.89609,4.46899,6.5,63.9357,0,1057.71,0.0,40.5432,78.5257,38.8666,7.70123,51.8942,1.05498,42.4093,19.2682,0.0,41.3409,55.5765,17.98,20.908,889.572,108.59,15.7897,19.227,73.7142,1.123,0.47242,54.606,501.595,504.579986572,99.37,88.75,29.1005,2.901,11.4031,63.248,0.0,0.15386,0.0,0.0,63.4,0.0,101.334,73.9712,72.0818,0,63.4598,0.0,1196.3,14.1079,0.00093,134.447,0.0,19.1998,0.0,0.0,
2022-09-27 09:45:00,30.3947,1401.56,28.9203,0,0.0,25.3993,50.2394,49.2993,0.0,6.19707,0.0,28.8701,77.564,2.09972,6.98266,6.5,25.3182,0,1024.01,0.0,41.4649,78.6164,51.9674,8.69917,53.8842,1.39498,46.6687,21.647,0.0,52.3489,55.2227,17.98,25.727,886.441,76.2925,12.655,18.373,73.8037,0.973001,0.0,54.506,498.665,531.929992676,101.99,90.25,30.2998,3.741,10.6432,39.9008,0.0,0.15386,0.0,0.0,62.3,0.0,100.005,58.5901,52.0436,0,68.0595,0.0,1224.38,8.3827,0.00093,57.5235,0.0,19.4501,0.47242,0.0,
2022-09-27 09:50:00,24.9936,1389.01,36.3014,0,0.0,22.1024,46.9215,50.2992,0.0,13.7022,0.0,30.8553,64.8942,5.69734,7.53101,6.5,20.7247,0,980.557,0.0,37.4243,78.2085,46.8598,6.49882,52.9742,2.18497,47.5891,23.2395,0.0,37.2777,55.3704,17.98,25.727,878.695,45.0222,6.93416,14.947,73.9143,1.174,5.18196,54.216,500.691,644.820007324,102.13,91.5,29.2012,2.949,7.9057,32.4532,0.0,0.2041,0.0,0.0,62.3,0.0,96.8075,52.8405,49.7792,0,67.0085,0.0,1199.77,7.24498,0.00093,53.0556,0.0,19.4696,0.0,0.0,0.0631
2022-09-27 09:55:00,21.5995,1397.38,38.2317,0,0.0,19.511,49.2323,45.0993,0.0,30.2987,0.0,40.2304,55.2639,7.89662,8.4352,6.5,19.0987,0,947.06,0.0,48.7526,77.5237,43.0488,8.69917,54.5842,2.10497,41.0446,18.854,0.0,49.623,55.6042,17.95,25.643,876.901,47.9327,8.85643,23.068,74.0512,1.728,10.2333,54.318,501.643,741.049987793,101.96,93.0,30.1015,2.526,7.34722,23.2759,0.0,0.15386,0.0,0.0,62.5,0.0,98.2028,74.4564,53.6245,0,63.6979,0.0,1186.83,7.55749,0.00093,49.3141,0.0,19.5795,0.0,0.0,0.05502
2022-09-27 10:00:00,24.9937,1401.0,41.7019,0,0.0,12.8504,87.3518,46.4993,3.9317,39.8982,0.0,46.0136,51.9631,9.79942,7.57811,6.5,22.2017,0,904.897,0.0,51.6823,76.8489,60.9836,5.19875,56.1941,1.97497,34.7984,16.011,0.0,64.7209,56.3363,17.95,11.6792,878.164,47.5198,9.75915,20.3,73.9406,2.584,11.8642,54.244,497.224,838.239990234,101.41,94.5,30.5013,3.792,6.42252,75.9926,0.0,0.17395,0.0,0.0,62.4,0.0,102.652,98.1506,67.3735,0,51.9899,0.0,1159.19,10.5483,0.00093,44.0711,0.94484,19.6503,0.0,0.0,0.05504
2022-09-27 10:05:00,29.295,1428.2,36.1395,0,0.0,8.22431,95.0497,52.2992,7.338,31.8025,0.0,47.5868,48.9943,12.4987,6.20211,6.5,20.9009,0,911.806,0.0,63.0472,77.1208,45.163,7.10002,41.4544,2.01497,33.9732,19.4967,0.0,85.0248,56.2194,16.94,13.3023,888.839,60.3905,13.0585,20.944,73.8669,3.558,6.36851,54.118,513.387,771.309997559,102.17,95.75,33.0007,3.407,6.19364,49.2164,0.0,0.184,0.0,0.0,64.6,0.0,107.706,86.3035,97.0333,0,28.2701,0.0,1134.68,15.2822,0.00093,36.7529,4.54841,19.6796,0.0,0.0,0.05826
2022-09-27 10:10:00,22.995,1422.41,33.8216,0,0.0,6.63973,51.7226,48.7993,15.3362,21.7979,0.0,50.9026,39.2847,20.7958,5.78714,5.2,31.8358,0,942.837,0.0,70.3594,77.856,36.1492,5.59854,42.5344,2.15497,29.6059,12.4284,0.0,84.9756,55.6626,15.91,14.999,878.951,72.0325,25.3869,26.164,73.7774,2.09,3.03105,54.13,505.769,596.440002441,102.09,97.0,31.899,2.721,6.49577,89.8046,0.0,0.17395,0.0,0.0,64.1,0.0,97.5766,110.3,127.402,0,19.2428,0.0,1153.06,12.1547,0.00093,35.7031,8.06409,19.7406,0.0,2.30046,0.05416
2022-09-27 10:15:00,24.4972,1411.76,30.0806,0,0.0,5.82965,17.4813,50.3992,16.1213,12.1023,0.0,50.4295,43.7647,27.7964,4.38323,5.2,58.8545,0,962.759,0.0,76.1273,78.3243,43.3393,8.40009,40.6944,2.75496,28.184,11.8333,0.0,84.8527,56.0164,14.95,8.79718,877.725,108.59,20.4449,24.963,73.6932,3.315,0.0,54.124,503.059,555.960021973,101.96,97.75,32.7016,2.67,8.22614,60.508,0.0,0.17395,0.0,0.0,63.8,0.0,105.322,148.927,130.265,0,19.9094,0.0,1185.31,21.0367,0.00093,43.3265,7.00938,19.7699,0.0,2.32446,0.05216
2022-09-27 10:20:00,19.0949,1380.56,30.1496,0,0.0,4.46277,47.9616,51.1992,24.2465,23.8991,0.0,45.9449,48.0629,22.796,3.53459,5.2,94.884,0,998.38,0.0,78.3124,78.3344,31.4373,8.29938,46.5443,3.04495,28.9648,12.5364,0.0,61.7062,55.5765,14.91,8.15667,862.032,163.658,29.0403,18.972,73.6142,7.251,0.0,54.024,492.976,453.529998779,101.83,98.5,33.4005,3.036,9.39803,46.7267,0.0,0.184,0.0,0.0,61.0,0.0,101.147,146.491,128.06,0,22.0481,0.0,1175.87,17.1865,0.0,52.0302,7.28185,19.7198,0.0,2.33746,0.05632
2022-09-27 10:25:00,22.3968,1389.94,31.3312,0,0.0,6.4325,62.1707,52.1992,34.6021,63.2033,0.0,45.5222,51.8447,21.2959,3.7527,5.2,81.3204,0,981.07,0.0,127.007,78.1229,40.2948,4.79896,42.5844,3.06495,31.3452,11.6128,0.0,48.7915,55.4288,14.91,6.944,874.85,155.913,28.4615,19.044,73.551,4.51,0.0,53.802,501.326,326.149993896,102.0,99.0,41.1002,2.839,8.01556,33.2304,0.0,0.184,0.0,0.0,61.9,0.0,109.585,166.212,102.536,0,22.6157,0.0,1151.55,29.9748,0.00093,51.0048,5.80526,19.7699,0.0,2.32446,0.05138
2022-09-27 10:30:00,19.9972,1408.66,37.7113,0,0.0,5.46124,85.3193,52.5992,34.8638,56.7967,0.0,43.7949,55.093,20.5967,5.79533,5.2,76.754,0,977.481,0.0,55.8083,77.8107,36.9061,3.89868,46.1743,4.64493,24.0961,11.6167,0.0,48.7444,56.3087,14.91,6.74432,883.749,156.528,29.0615,8.639,73.5247,3.741,0.0,53.656,500.447,104.660003662,101.95,99.25,37.0016,3.463,8.35431,58.0424,0.0,0.15386,0.0,0.0,64.0,0.0,112.298,150.575,85.583,0,33.7194,0.0,1122.03,18.7784,0.00093,149.114,6.66661,19.7198,0.16297,2.30046,0.04748
2022-09-27 10:35:00,13.9972,1428.46,47.5616,0,0.0,7.61099,76.2994,41.0994,40.1725,64.8993,0.0,41.9425,54.7536,21.2959,4.74496,5.2,75.1822,0,1016.25,0.0,72.5872,77.9064,32.8923,5.90066,47.4643,9.86485,29.6884,11.8246,0.0,51.3106,56.6316,14.91,15.4276,888.491,156.739,24.4647,24.404,73.5668,3.854,0.32349,53.78,493.806,196.690002441,102.17,99.5,19.3011,5.527,7.67681,68.2522,0.0,0.15386,0.0,0.0,65.0,0.0,104.245,153.01,55.5984,0,45.5738,0.0,1097.23,28.1291,0.00093,146.026,6.15683,19.7296,0.0,2.34546,0.05758
2022-09-27 10:40:00,16.8975,1398.07,53.7214,0,0.0,8.92136,100.829,49.1992,33.1607,64.8993,0.0,39.9969,63.4842,19.0966,3.90323,5.2,79.586,0,1031.92,0.0,132.457,78.2236,31.9915,7.60052,37.8844,9.86485,30.247,7.98264,0.0,72.6507,55.7211,14.91,15.6518,877.358,167.163,24.4505,24.247,73.4931,3.861,0.0,53.78,469.587,0.0,102.1,100.5,19.8993,3.729,6.99016,89.432,0.0,0.15386,0.0,0.0,61.7,0.0,106.157,170.048,138.126,0,47.1083,0.0,1095.79,29.9602,0.00093,101.262,7.5631,19.7296,0.0,2.31746,0.05242
2022-09-27 10:45:00,14.9951,1409.52,57.6509,0,0.0,10.5792,68.9897,35.0995,34.274,64.8032,0.0,36.8917,67.1049,19.3975,3.03923,5.2,101.659,0,1003.68,0.0,132.482,78.1682,36.9134,6.8986,43.5043,9.86485,37.3629,7.85409,0.0,50.5139,55.9272,14.91,22.7072,884.262,160.173,25.8329,20.125,73.4879,2.74,0.0,53.462,459.821,0.0,101.91,100.75,22.7008,3.161,5.45205,73.3694,0.0,0.184,0.0,0.0,63.6,0.0,103.619,148.579,143.792,0,52.4367,0.0,1060.92,30.2922,0.00093,130.608,5.40096,19.7296,2.78264,2.32346,0.05416
2022-09-27 10:50:00,15.7976,1441.57,53.0602,0,0.0,10.3008,90.6294,30.9995,35.1255,75.8034,0.0,36.7025,66.2431,20.4993,2.72704,10.6,109.708,0,1004.73,0.0,132.567,77.4985,39.201,6.00137,42.0044,9.86485,41.1144,13.0648,0.0,85.0575,55.958,14.91,22.2659,896.017,114.179,14.1754,19.263,73.4773,1.767,0.51392,53.328,461.408,0.0,101.95,72.25,25.0996,2.461,4.7013,59.3891,0.0,0.184,0.0,0.0,65.0,0.0,98.2467,106.885,143.8,0,54.6743,0.0,1019.66,30.3752,0.00093,92.668,4.31989,19.7003,2.13993,2.30746,0.05382
2022-09-27 10:55:00,15.4994,1427.12,64.7213,0,0.0,9.07416,98.7704,28.8996,30.6059,75.8995,0.0,34.696,75.9527,15.5963,2.72704,10.6,116.578,0,1007.51,0.0,132.519,76.5116,44.5673,5.79995,43.1244,5.94491,39.5465,12.803,0.0,79.2494,56.5424,14.91,5.80762,875.326,101.973,15.3578,21.402,73.3457,2.632,0.0,53.302,443.268,0.0,101.81,101.0,26.2013,2.238,4.17029,66.3762,0.0,0.1639,0.0,0.0,64.3,0.0,99.7958,83.2639,141.485,0,59.6109,0.0,978.619,30.2165,0.00093,100.279,5.3658,19.7003,1.80667,2.31946,0.04927
2022-09-27 11:00:00,16.1998,1417.04,65.2205,0,0.0,7.55029,87.0002,50.7992,29.0317,76.7029,0.0,35.1522,77.3346,13.5962,3.81645,0.0,75.6023,0,1009.78,0.0,130.999,76.1742,42.4384,10.2007,42.5644,7.18489,51.3787,16.0681,0.0,51.5277,55.4288,14.75,14.2336,877.157,99.7075,17.0765,16.248,73.0825,3.245,0.0,53.238,447.053,0.0,101.65,89.0,50.0999,1.996,5.36049,31.7799,0.0,0.184,0.0,0.0,64.1,0.0,105.882,88.0339,139.844,0,63.3353,0.0,866.897,25.3605,0.0,103.862,6.82481,19.7101,2.13321,2.33446,0.05129
2022-09-27 11:05:00,15.2963,1396.7,71.5103,0,0.0,5.25297,91.5193,29.0996,29.0981,138.502,0.0,28.2628,69.4426,16.3973,6.90867,0.0,55.4399,0,991.275,0.0,128.093,76.4109,53.8521,12.0989,50.7042,4.66493,48.9602,12.0031,0.0,35.9158,54.9613,14.95,25.7188,880.435,119.447,25.0293,15.961,72.8825,6.428,0.0,53.176,439.411,156.089996338,101.63,61.0,39.6017,1.996,6.51408,29.9519,0.0,0.2041,0.0,0.0,40.9,0.0,124.329,140.522,134.931,0,53.6013,0.0,766.918,10.9291,0.0,104.637,6.21836,19.7504,1.86709,0.1575,0.05167
2022-09-27 11:10:00,14.5961,1387.28,78.841,0,0.0,2.85308,74.6294,39.1994,29.7505,104.801,0.0,25.6016,62.8544,22.796,11.7059,0.0,53.0957,0,973.721,0.0,95.9029,77.574,52.5972,13.0999,54.7742,5.99491,54.2796,11.8238,0.0,50.817,55.4596,14.95,25.6635,868.953,92.5269,12.1487,11.741,73.7774,6.727,0.0,52.888,439.606,109.400001526,101.53,63.0,38.7991,3.735,5.10414,28.9362,0.0,0.184,0.0,0.0,39.7,0.0,119.758,127.036,131.649,0,53.6562,0.0,783.886,15.3994,0.0,147.478,7.52795,19.7406,0.85817,0.1725,0.05275
2022-09-27 11:15:00,11.5972,1409.76,68.7915,0,0.0,2.24813,75.7317,35.7994,37.4224,56.3024,0.0,42.9984,54.053,27.5972,20.6121,10.0,41.3208,0,990.933,0.0,77.2137,77.6899,56.1154,11.1986,67.484,5.45492,49.76,19.0626,0.0,29.482,55.8688,14.95,16.4398,888.437,91.3687,12.8992,7.744,73.3563,5.687,0.23316,52.888,449.323,139.5,101.64,100.75,39.9008,6.603,7.05425,90.0882,0.0,0.15386,0.0,0.0,42.3,0.0,114.309,132.804,139.528,0,50.58,0.0,736.644,13.9541,0.0,147.271,8.46839,19.6503,0.0,0.1705,0.04846
2022-09-27 11:20:00,9.19638,1418.87,54.4011,0,0.0,0.0,73.2598,28.6996,37.0943,55.1007,0.0,47.4083,59.8428,27.3981,16.4516,7.15,20.2776,0,984.17,0.0,109.007,77.1964,49.4917,12.8985,68.204,3.54495,58.5326,16.5021,0.0,53.6801,56.484,14.95,19.4263,884.902,92.3658,28.2437,10.34,73.2457,5.484,0.0,52.818,443.659,96.0,101.64,72.25,40.3006,3.613,6.981,90.1766,0.0,0.15386,0.0,0.0,41.7,0.0,115.88,103.626,127.189,0,70.4692,0.0,729.954,12.6406,0.0,151.556,6.68418,19.7198,0.59327,0.1735,0.05548
2022-09-27 11:25:00,8.49691,1381.15,62.5415,0,0.0,0.0,42.1094,46.6993,39.8444,48.7972,0.0,42.7481,61.1539,24.597,16.5089,7.63,17.3779,0,952.529,0.0,114.501,75.9778,54.2696,9.19966,73.2739,5.97491,57.4916,21.5049,0.0,39.1823,56.5148,14.95,7.19027,868.899,201.152,20.9299,9.741,73.072,7.798,0.0,52.622,438.947,8.27999973297,101.45,83.75,39.6994,2.801,6.59648,89.9481,0.0,0.17395,0.0,0.0,38.8,0.0,110.178,105.988,114.73,0,77.3614,0.0,715.085,16.2148,0.0,151.745,11.0524,19.7296,2.81865,0.1765,0.05281
2022-09-27 11:30:00,7.1973,1391.45,72.3095,0,0.0,0.0,32.3717,29.8995,31.5903,61.1982,0.0,43.4531,72.5432,21.4994,15.3195,7.8,13.2993,0,937.71,0.0,76.878,76.572,55.0704,11.1986,75.6938,9.32486,54.597,20.018,0.0,59.7914,54.9028,14.95,10.2077,880.343,172.52,16.1189,6.33,72.7614,8.244,0.0,52.49,441.364,0.0,101.51,51.0,40.0015,8.436,6.94438,90.0565,0.0,0.17395,0.0,0.0,41.6,0.0,109.068,101.035,134.409,0,83.4699,0.0,706.833,29.8308,0.0,152.135,12.4323,19.7296,0.89479,0.1785,0.05428
2022-09-27 11:35:00,9.19577,1431.1,78.7401,0,0.0,0.0,19.5212,28.6996,25.8207,57.6001,0.0,47.9271,68.4343,20.7958,23.1322,6.69,61.0767,0,931.557,0.0,62.9007,73.8579,53.6886,8.40009,85.8237,9.84485,49.2332,16.3871,0.0,43.2804,55.7519,14.95,15.1025,888.144,147.081,15.988,14.242,72.972,7.662,0.53834,52.504,453.449,0.0,101.18,48.25,38.1003,9.461,7.36553,77.7058,0.0,0.15386,0.0,0.0,42.6,0.0,106.992,143.772,140.297,0,81.5326,0.0,704.099,21.7569,0.00093,151.073,12.8103,19.7296,1.71145,0.1725,0.0567
2022-09-27 11:40:00,8.09498,1386.28,66.5002,0,0.0,0.0,77.2222,52.5992,19.1331,60.9991,0.0,47.6967,59.0933,18.0965,18.0716,7.33,160.439,0,935.0,0.0,94.0963,85.0769,53.901,8.00031,82.7138,9.81485,39.3815,15.592,0.0,51.3679,55.9856,11.91,19.0986,892.941,121.541,25.3798,16.546,73.1194,10.178,0.0,52.526,441.12,0.0,101.08,34.75,38.8998,9.29,8.2536,90.0351,0.0,0.15386,0.0,0.0,40.2,0.0,110.156,153.449,135.973,0,86.3667,0.0,693.576,16.5713,0.00093,152.795,12.5026,19.8102,4.44648,0.1785,0.04336
2022-09-27 11:45:00,10.4966,1429.03,54.4913,0,0.0,0.0,95.3097,32.2995,11.9924,56.1032,0.0,49.8756,59.5438,24.8979,19.9997,4.71,191.075,0,940.761,0.0,106.419,82.0909,55.6539,10.8995,82.6537,5.31492,52.2991,14.3288,0.0,41.9164,56.6009,14.96,9.52525,921.946,124.099,22.9779,11.852,60.6955,8.466,0.76295,52.506,464.338,0.0,102.59,52.0,39.2996,9.721,8.53742,89.5212,0.0,0.184,0.0,0.0,43.2,0.0,112.782,92.5017,134.888,0,89.0986,0.0,676.119,28.6198,0.28389,152.41,13.3991,19.7296,5.71603,0.1795,0.05621
2022-09-27 11:50:00,9.59464,1440.84,47.4713,0,0.0,0.0,85.6818,29.3995,10.4201,49.7997,0.0,41.3779,57.2647,16.0964,15.4327,5.99,145.778,0,938.955,0.0,85.1057,81.7485,53.5592,5.50088,72.2439,9.05486,56.4887,15.5785,0.0,31.8874,56.1917,15.02,10.007,956.041,124.16,14.756,7.444,65.1228,11.44,0.80446,52.382,470.368,0.0,96.07,99.25,39.202,7.062,8.07965,82.4171,0.0,0.184,0.0,0.0,43.1,0.0,113.496,16.8231,121.677,0,82.5617,0.0,647.505,12.8335,1.19236,148.083,15.5788,19.6905,1.81827,0.1805,0.05438
2022-09-27 11:55:00,14.7975,1444.65,60.6617,0,0.0,0.0,77.8009,47.6993,9.56851,60.903,0.0,37.4121,57.6248,18.5965,17.921,5.88,74.708,0,963.223,0.0,46.4942,82.1463,55.0973,4.89967,68.094,9.86485,51.8548,12.4173,0.0,40.5545,55.8995,15.02,9.97837,931.816,101.097,2.80641,12.062,71.2242,10.487,0.35035,52.338,459.162,0.0,92.49,67.75,37.4014,16.268,8.24445,83.7669,0.0,0.17395,0.0,0.0,43.6,0.0,109.09,16.1456,119.84,0,78.0133,0.0,622.919,24.1666,0.00093,155.34,17.3191,19.7504,3.1989,0.1785,0.0491
2022-09-27 12:00:00,15.5957,1463.01,64.2301,0,0.0,0.0,94.3685,39.9994,19.2034,57.298,0.0,49.9962,53.5232,19.9993,14.72,4.21,52.4589,0,986.612,0.0,44.4068,79.9155,55.7345,8.29938,58.4541,9.86485,48.1921,12.3975,0.0,69.4313,55.958,15.02,9.97837,938.902,30.9732,2.97633,8.256,72.0402,12.383,0.55299,52.314,469.636,0.0,102.39,37.0,40.0015,9.355,12.3644,34.7982,0.0,0.15386,0.0,0.0,43.9,0.0,117.308,4.34424,137.041,0,82.3859,0.0,595.672,16.8618,0.31926,150.097,18.0838,19.7296,5.31319,0.1735,0.05051
2022-09-27 12:05:00,17.6986,1445.75,47.551,0,0.0,0.0,61.4493,51.5992,11.008,70.3033,0.0,43.0167,46.8629,20.9994,10.9542,6.77,40.5213,0,1010.44,0.0,41.2818,80.0817,53.0367,7.70123,57.5441,9.86485,43.4885,12.4522,0.0,79.9908,56.1917,15.02,21.2122,917.386,27.3074,4.08969,20.8,73.0878,7.356,0.20386,52.262,442.341,43.2299995422,100.46,45.75,38.3993,5.481,14.5525,28.8593,0.0,0.17395,0.0,0.0,42.1,0.0,116.309,44.1978,137.503,0,88.5713,0.0,637.373,29.9895,0.00093,142.333,18.6463,19.7198,10.7234,0.0505,0.051
2022-09-27 12:10:00,16.4951,1408.08,53.3098,0,0.0,0.0,30.7896,36.5994,7.338,46.2978,0.0,35.2483,42.7649,22.2959,9.71315,4.2,46.6053,0,1054.41,0.0,46.128,80.6557,53.0269,7.79889,68.194,9.86485,42.3205,13.6917,0.0,84.9633,55.8995,15.02,29.6448,913.376,27.6297,4.02597,25.432,73.1036,3.567,0.0,52.238,439.265,62.9000015259,87.3,32.0,38.6007,10.047,16.7498,25.559,0.0,0.17395,0.0,0.0,40.9,0.0,114.694,24.9989,121.429,0,81.6791,0.0,676.852,9.06386,0.00093,145.66,15.9919,19.6698,12.3189,0.0,0.05066
2022-09-27 12:15:00,15.3969,1343.87,52.2505,0,0.0,0.0,24.8606,44.0993,0.0,43.098,0.0,22.1134,46.9349,19.3975,10.1673,3.11,52.4318,0,1032.05,0.0,56.3027,80.5702,53.835,5.90066,61.3941,6.7049,43.9011,13.9829,0.0,66.6952,56.0441,16.04,17.8248,904.678,27.6297,5.91992,17.553,72.972,12.075,0.0,52.304,437.702,48.8300018311,60.64,82.75,40.1999,9.561,19.1302,26.8556,0.0,0.1639,0.0,0.0,39.6,0.0,123.56,38.9151,134.102,0,74.8016,0.0,708.859,8.13855,0.02885,146.178,13.6189,19.7198,16.0787,0.0,0.05102
2022-09-27 12:20:00,19.3949,1344.14,55.2905,0,0.0,0.0,32.0604,51.2992,0.0,42.5006,0.0,18.8846,48.6342,25.3979,11.0152,3.98,64.9113,0,1014.57,0.0,59.1043,87.8061,48.4614,3.00145,55.4042,7.10489,41.5714,14.8176,0.0,85.0043,55.8688,16.04,28.4559,911.344,37.469,9.78747,21.07,72.8246,8.384,0.0,52.206,439.118,116.470001221,53.08,98.25,44.3992,8.568,20.9613,28.3711,0.0,0.15386,0.0,0.0,40.7,0.0,124.296,63.3143,136.007,0,79.024,0.0,734.91,12.3134,0.0363,143.151,12.0808,17.9705,14.493,0.0,0.04891
2022-09-27 12:25:00,17.9952,1356.34,79.449,0,0.0,0.0,30.3209,42.8993,0.0,51.2966,0.0,20.6073,53.3046,17.7956,13.8578,3.34,58.7325,0,1032.27,0.0,42.5635,78.6214,53.8643,5.40017,61.3541,9.88485,41.7809,13.5742,0.0,73.2283,56.1025,16.04,29.782,909.732,48.1744,9.6087,20.488,72.7666,7.712,0.0,52.186,437.385,33.4700012207,46.04,85.75,39.4003,14.662,17.3724,37.6848,0.0,0.17395,0.0,0.0,40.6,0.0,111.485,60.238,134.837,0,70.0847,0.0,753.612,11.5151,0.01769,143.627,12.3268,19.7101,16.282,0.0,0.05152
2022-09-27 12:30:00,21.9964,1350.46,77.8798,0,0.0,0.45842,24.3699,46.6993,0.0,67.0005,0.0,16.9207,52.9946,14.8972,15.1194,4.17,95.1956,0,1060.12,0.0,44.0955,60.2369,35.5316,13.7011,56.9141,5.58492,48.0969,12.0777,0.0,60.5962,55.4596,16.24,15.4875,908.597,47.1975,9.68481,18.244,72.8825,7.571,0.0,52.202,437.873,0.0,64.22,75.5,39.4003,6.616,21.4832,36.9976,0.0,0.17395,0.0,0.0,40.7,0.0,101.147,4.62806,136.315,0,63.0497,0.0,784.643,12.018,0.00093,140.74,10.6657,19.6295,22.2617,0.0,0.05165
2022-09-27 12:35:00,15.1971,1318.94,83.0307,0,0.0,0.0,31.7528,35.0995,0.0,64.8032,0.0,12.0867,53.8747,16.6982,14.057,3.56,54.5862,0,1035.73,0.0,34.5251,66.2241,43.4296,21.4984,59.9641,4.92492,38.3722,13.5877,0.0,69.6607,55.4873,32.59,29.8742,889.059,47.8723,9.80517,23.225,74.0512,4.873,0.0,52.048,443.464,66.1699981689,52.29,65.0,37.7005,14.259,16.0815,69.8885,0.0,0.184,0.0,0.0,39.4,0.0,108.321,58.233,128.676,0,54.6706,0.0,742.21,14.5132,0.0,132.085,9.9274,19.8102,26.6062,0.0,0.0479
2022-09-27 12:40:00,18.4958,1327.8,81.8704,0,0.0,0.37469,29.3101,52.5992,0.0,67.0005,0.0,12.044,49.8329,13.4988,14.4061,4.14,61.4154,0,1001.7,0.0,27.512,73.2133,43.0024,12.9992,56.4941,9.44486,40.1432,15.3611,0.0,40.5852,55.8995,37.44,29.525,904.898,53.3509,10.8141,17.841,73.9722,6.882,3.90509,52.186,438.141,88.1600036621,58.43,65.0,20.5005,18.388,17.0062,89.9458,0.0,0.15386,0.0,0.0,41.0,0.0,106.366,72.0302,90.5306,0,52.0449,0.0,701.34,9.63272,0.0,123.998,6.06015,19.0802,36.0339,0.0,0.04696
2022-09-27 12:45:00,23.5986,1354.83,82.351,0,0.0,0.0,34.4115,52.6992,0.0,67.9,0.0,11.2978,38.6743,24.1987,12.6838,2.78,120.493,0,992.081,0.0,13.7606,91.3209,68.9183,11.5984,54.9042,6.09491,26.9145,12.0206,0.0,44.2184,55.1643,30.16,12.4636,911.948,78.629,11.7859,15.363,74.8671,10.459,0.46509,52.206,446.662,9.27999973297,37.49,35.75,22.3011,18.264,17.7111,89.9794,0.0,0.184,0.0,0.0,42.8,0.0,108.058,63.0579,107.809,0,51.6164,0.0,657.344,9.78409,0.0,144.408,5.98105,19.8004,34.9914,0.0,0.04969
2022-09-27 12:50:00,29.0992,1375.12,60.59,0,0.3,0.0,57.4392,37.2994,0.0,69.1977,0.0,15.0927,38.4839,26.1989,10.6271,2.59,112.092,0,994.717,0.0,26.2242,79.3415,31.5032,24.6998,47.7843,9.80485,32.0561,17.1932,0.0,37.5644,55.5765,41.5,8.47462,907.151,74.238,12.3027,16.362,72.6929,7.221,0.0,46.932,443.293,102.510002136,37.45,73.25,20.7996,7.302,18.6633,48.0376,0.0,0.15386,0.0,0.0,42.7,0.0,106.893,70.7118,108.612,0,42.6075,0.0,654.854,15.5093,0.0,107.164,5.52401,19.7101,29.0648,0.0,0.05079
2022-09-27 12:55:00,31.096,1360.93,62.8495,0,7.05,0.0,99.9716,44.9993,0.0,69.1016,0.0,11.4427,40.0427,28.6991,9.21395,2.15,105.372,0,1026.6,0.0,64.152,53.5699,45.4267,9.70016,46.3743,9.21486,34.8809,11.8524,0.0,25.3778,55.5457,40.54,6.00858,905.484,83.5235,11.1894,16.966,59.89,7.011,0.0,52.376,440.558,0.0,44.81,71.75,21.1017,17.961,19.7437,20.9302,0.0,0.17395,0.0,0.0,40.5,0.0,123.955,45.6626,102.212,0,40.0366,0.0,697.311,29.9699,0.0121,83.5004,4.39899,19.7296,23.8645,0.0,0.0476
2022-09-27 13:00:00,22.0964,1383.3,64.0708,0,14.52,0.0,90.7393,38.8994,0.0,56.5015,0.0,14.6227,43.2544,32.6994,8.37299,1.44,124.369,0,1013.1,0.0,46.1463,44.2845,22.2452,10.6004,53.2342,9.86485,29.8281,8.90941,0.0,45.6315,56.0441,42.62,5.3376,902.792,45.8077,5.94116,13.653,72.8877,12.378,0.0,52.564,449.665,69.9700012207,51.06,53.75,20.2014,16.454,21.2451,10.8683,0.0,0.184,0.0,0.0,42.5,0.0,114.386,33.2387,116.73,0,41.0217,0.0,680.978,30.2898,0.02513,83.122,4.17047,19.7003,27.3314,0.0,0.05046
2022-09-27 13:05:00,15.1942,1384.4,63.2716,0,11.98,0.0,90.2486,29.3995,0.0,81.0975,0.0,15.5497,33.8744,34.1995,8.58163,1.78,178.0,0,1042.2,0.0,43.595,58.6407,20.9659,8.69917,53.7642,2.95496,24.2548,11.7937,0.0,78.3606,54.8721,39.6,4.83482,895.889,29.7143,5.30394,16.532,66.4442,7.121,0.0,52.736,449.201,103.63999939,28.06,94.0,21.8006,7.343,18.352,14.9901,0.0,0.15386,0.0,0.0,42.5,0.0,119.187,35.079,133.008,0,47.8077,0.0,708.786,30.3606,0.0,103.946,2.67631,19.7894,24.7556,0.0,0.05061
2022-09-27 13:10:00,16.3985,1390.04,71.9404,0,14.97,0.0,79.4415,47.1993,0.0,75.8995,0.0,16.8734,34.2431,34.2969,8.78643,2.07,112.296,0,1033.8,0.0,42.7893,60.962,12.6748,8.40009,47.0643,6.3949,23.5692,14.958,0.0,84.5988,55.3704,39.75,6.27994,912.04,30.4999,5.32341,11.577,43.8811,3.189,0.40162,53.262,447.785,61.2299995422,31.99,44.0,43.3005,6.477,17.2167,33.5144,0.0,0.17395,0.0,0.0,42.8,0.0,117.462,33.1655,117.174,0,43.2557,0.0,727.171,30.3654,0.0,111.138,2.79057,19.7504,19.061,0.0,0.04962
2022-09-27 13:15:00,12.7943,1336.91,73.5707,0,19.35,0.0,79.4891,51.5992,0.0,86.1994,0.0,21.9089,41.4832,27.5972,8.14592,3.19,103.177,0,1053.04,0.0,48.1361,75.2728,15.3408,10.2007,41.6144,6.23491,22.6043,11.247,0.0,38.3693,55.7795,32.3,7.93395,894.351,30.4999,5.94293,40.289,58.616,6.428,0.0,52.684,439.68,172.190002441,40.81,61.25,21.001,18.933,23.9826,89.9067,0.0,0.184,0.0,0.0,39.4,0.0,116.232,38.9334,112.722,0,42.2998,0.0,746.214,29.7746,0.01396,74.4183,1.31398,19.7296,18.497,0.0,0.04948
2022-09-27 13:20:00,14.5952,1358.32,79.0906,0,17.85,0.0,83.0707,21.9997,0.0,86.1994,0.0,17.6608,32.1141,35.1996,8.36224,3.79,108.461,0,1095.28,0.0,67.9789,93.6825,23.4904,12.9992,41.8144,7.94488,21.9124,8.47855,0.0,23.1915,55.4873,32.28,10.8918,895.212,42.4642,7.90945,37.363,42.2544,9.783,12.8359,53.286,444.05,216.630004883,40.67,55.75,19.8016,18.295,24.6784,77.8462,0.0,0.15386,0.0,0.0,41.6,0.0,117.1,54.7631,109.928,0,42.8089,0.0,764.403,30.0236,0.0,105.834,0.86574,19.7101,22.0871,0.0,0.04838
2022-09-27 13:25:00,13.9958,1385.3,57.4703,0,36.23,0.0,75.5816,51.7992,0.0,100.798,0.0,7.95377,32.6439,37.598,9.19091,10.46,104.166,0,1069.65,0.0,68.0461,78.7977,25.5729,13.2006,42.8843,3.50495,25.3212,13.8734,0.0,40.2473,55.8688,29.25,20.9685,895.505,69.4745,10.6141,33.624,39.0274,11.604,1.03883,46.08,445.661,76.0299987793,47.17,65.25,19.6002,17.134,18.2422,58.8759,0.0,0.15386,0.0,0.0,42.4,0.0,140.479,87.7592,109.595,0,48.4157,0.0,733.177,21.3077,0.00093,123.687,0.0,19.7296,14.8202,0.0,0.05256
2022-09-27 13:30:00,17.5966,1333.79,61.2697,0,34.63,0.0,43.0799,34.0995,0.0,99.3969,0.0,9.31182,41.5735,44.7977,8.65638,9.28,108.678,0,1084.88,0.0,71.6472,77.9014,26.1369,27.0985,40.1644,1.49498,29.8027,12.9839,0.0,66.4801,55.838,30.28,27.3633,894.278,117.271,19.2944,9.145,44.6444,10.346,24.2155,53.924,442.805,90.9100036621,74.46,75.0,25.4993,17.081,15.642,82.3345,0.0,0.17395,0.0,0.0,40.1,0.0,125.383,114.026,113.149,0,47.5697,0.0,761.351,21.5201,0.00093,159.13,0.0,19.4806,16.5963,0.0,0.04906
2022-09-27 13:35:00,30.9942,1350.58,51.9504,0,16.58,0.0,31.7308,51.1992,0.0,82.8004,0.0,12.8588,49.1237,38.2972,8.36762,9.8,121.808,0,1066.76,0.0,131.994,77.1511,20.358,27.0008,36.3445,1.87497,42.13,10.8328,0.0,48.1976,55.838,28.84,22.4266,898.654,119.064,19.6042,44.35,62.9802,7.714,2.27176,54.086,445.075,191.529998779,31.96,99.75,25.301,5.826,22.9389,61.0644,0.0,0.184,0.0,0.0,41.3,0.0,118.264,158.164,121.993,0,52.6418,0.0,728.733,9.56435,0.00093,76.7132,0.0,19.5404,23.8352,0.0,0.04769
2022-09-27 13:40:00,63.8966,1356.39,70.4111,0,4.39,0.0,31.9103,34.0995,0.0,76.4008,0.0,25.1713,53.0141,45.4968,13.3668,10.08,208.758,0,1029.95,0.0,129.345,77.5791,14.9355,27.2999,49.2743,1.22498,95.1084,12.3094,0.0,27.4534,55.4288,23.68,29.6991,899.68,155.168,28.8438,6.552,55.9733,3.941,0.0,53.982,439.728,84.3799972534,81.43,65.0,40.8011,14.296,29.6864,73.2269,0.0,0.15386,0.0,0.0,41.1,0.0,124.263,61.4191,111.389,0,45.6727,0.0,696.652,7.71862,0.0,61.3199,0.0,19.3097,24.2454,0.0,0.05244
2022-09-27 13:45:00,77.3954,1358.32,81.5598,0,0.56,0.0,42.8528,44.3993,0.0,82.6974,0.0,33.4951,63.9237,58.7987,14.7912,14.29,242.173,0,1020.65,0.0,90.6416,77.569,15.978,26.6987,92.3136,0.97499,109.416,23.9806,0.0,18.2569,55.635,28.94,29.8353,896.731,107.794,7.53951,13.954,75.0356,2.451,2.31327,53.792,446.394,238.380004883,81.88,100.75,11.6014,6.012,27.2328,37.7289,0.0,0.17395,0.0,0.0,41.5,0.0,121.89,60.1923,112.09,0,56.5127,0.0,723.411,9.40322,0.00093,30.3746,0.0,19.4305,22.905,0.0,0.05206
2022-09-27 13:50:00,62.2952,1325.56,36.8802,0,0.0,0.10675,32.0421,49.6992,0.0,96.8975,0.0,21.9974,78.2122,53.1965,13.161,14.74,235.086,0,982.632,0.0,89.7871,62.7697,13.5537,25.8991,96.5935,0.58499,108.845,32.7516,0.0,19.9567,55.5181,28.94,29.8353,887.631,88.1662,8.22806,36.39,80.3263,2.1,0.0,53.21,437.116,385.489990234,44.58,95.0,12.7001,3.544,26.1707,66.7994,0.0,0.15386,0.0,0.0,39.5,0.0,124.296,44.8478,134.64,0,70.916,0.0,692.624,15.1601,0.00093,46.7323,0.0,19.1705,22.706,0.0,0.04908
2022-09-27 13:55:00,61.3995,1374.95,45.6818,0,0.0,3.48419,62.4601,49.5992,0.0,96.8975,0.0,26.1234,71.5447,55.1967,12.31,14.62,235.885,0,971.572,0.0,106.072,93.7228,19.938,11.5007,120.523,0.0,77.0935,41.64,0.0,42.8237,56.0164,28.94,29.8353,899.112,78.9815,8.8405,19.219,74.3933,1.799,0.35035,52.448,450.202,437.959991455,29.46,82.5,49.5994,3.585,22.8931,52.4239,0.0,0.19405,0.0,0.0,42.7,0.0,120.066,100.504,99.8532,0,61.3065,0.0,664.302,11.3613,0.00093,30.161,2.13138,18.7603,20.0729,0.0,0.05045
2022-09-27 14:00:00,48.8978,1412.52,42.5196,0,0.0,3.79084,66.4006,52.3992,0.0,81.7979,0.0,41.8265,80.8844,53.4974,9.14227,17.09,199.341,0,999.673,0.0,95.8175,78.838,49.2256,9.09896,135.273,0.33499,62.7285,42.4882,0.0,37.9044,56.4563,28.31,17.9804,913.468,52.1726,7.1678,18.854,72.4718,1.497,0.61646,54.848,460.188,316.269989014,67.46,73.25,12.0989,4.506,24.1932,74.0473,0.0,0.15386,0.0,0.0,42.6,0.0,121.538,141.346,105.348,0,32.0092,0.0,693.991,26.4298,0.00093,30.0145,0.0,18.5296,20.2548,0.0,0.05176
2022-09-27 14:05:00,55.1964,1388.23,30.3806,0,0.0,7.18188,72.5603,52.5992,0.0,76.799,0.0,50.8125,91.6146,55.6967,7.28064,20.98,209.666,0,1003.19,0.0,83.7446,78.5409,37.9803,6.99931,132.873,0.51499,54.4447,39.5865,0.0,33.0588,56.6901,44.2,12.3643,893.802,40.2687,9.46532,8.45,73.1036,1.497,2.75761,37.074,444.562,430.630004883,40.27,91.0,12.5017,4.513,21.4008,90.5816,0.0,0.15386,0.0,0.0,41.5,0.0,128.119,147.141,109.253,0,19.8434,0.0,725.974,27.8508,0.0,21.9394,0.0,18.5003,21.5232,0.0,0.05628
2022-09-27 14:10:00,47.7935,1372.87,17.631,0,0.0,6.39064,96.8588,52.4992,8.3888,58.4997,0.0,68.6656,83.1037,48.1962,8.47053,20.13,228.582,0,1026.94,0.0,107.488,79.8954,15.209,2.29954,123.043,0.74499,61.9287,32.4064,0.0,49.9876,55.635,49.35,27.9798,904.294,34.2161,7.7767,5.361,63.8699,1.497,1.88602,53.054,442.268,396.980010986,16.75,78.25,14.2016,4.116,16.9696,89.9506,0.0,0.15386,0.0,0.0,41.7,0.0,129.218,106.748,104.596,0,14.9544,0.0,759.569,25.6706,0.0,32.9564,0.0,18.1903,23.3799,0.0,0.05282
2022-09-27 14:15:00,43.197,1327.56,17.4398,0,0.0,5.25192,100.012,34.2995,48.6941,46.4008,0.0,82.1958,80.2838,40.6956,6.71386,16.71,258.107,0,1027.53,0.0,107.164,79.2861,9.4374,1.79904,122.763,0.59499,43.133,31.436,0.0,84.7667,56.1917,50.32,24.4931,894.516,146.96,12.77,17.051,57.5684,7.213,6.85924,51.664,440.876,377.059997559,16.4,96.75,8.10102,5.403,17.94,45.2666,0.0,0.184,0.0,0.0,39.8,0.0,121.967,110.007,53.3339,0,12.3067,0.0,785.937,28.4367,0.0,36.3012,0.0,17.5701,19.7958,0.0,0.05404
2022-09-27 14:20:00,33.7976,1353.46,53.3603,0,0.0,4.83118,100.671,28.1996,54.5243,42.3976,0.0,67.9973,77.6349,29.0,5.88365,15.74,107.553,0,996.036,0.0,103.563,80.5148,15.375,4.39918,102.983,0.50499,33.294,29.9736,0.0,79.5238,55.635,49.3,16.6272,904.624,145.208,10.538,46.014,40.8225,9.0,12.0644,46.494,440.778,361.290008545,97.85,91.25,17.9004,6.636,11.8425,90.1115,0.0,0.15386,0.0,0.0,41.6,0.0,108.08,100.632,106.698,0,9.43191,0.0,757.714,27.1965,0.00093,27.4632,5.99863,17.0501,19.4504,0.0,0.05317
2022-09-27 14:25:00,27.5974,1437.84,40.7195,0,0.0,2.21464,52.5209,52.6992,28.0473,51.0975,0.0,39.9603,67.9741,52.4974,5.88365,12.39,42.7977,0,1001.9,0.0,69.9748,84.3216,16.6177,15.4986,80.5138,0.70499,27.7206,35.7112,0.0,68.2025,56.2779,48.43,29.825,935.112,93.5743,12.5912,28.582,25.9349,9.394,1.81033,44.366,476.96,544.340026855,35.79,92.5,14.2992,15.554,8.69306,38.8332,0.0,0.14381,0.0,0.0,43.5,0.0,130.668,105.942,95.8969,0,10.3841,0.0,751.805,9.42763,1.31894,28.7083,8.50355,16.7803,22.4985,0.0,0.04929
2022-09-27 14:30:00,26.7945,1409.23,51.3504,0,0.0,0.74728,26.5196,52.5992,7.07628,68.0991,0.0,29.012,48.7343,44.4968,4.2647,10.72,21.3616,0,1031.34,0.0,97.3739,81.6578,13.1337,8.29938,76.1738,0.92499,24.0961,30.8639,0.0,42.9548,55.958,47.26,29.0929,901.035,91.5802,12.4585,18.674,27.8406,7.406,13.2851,54.38,480.208,637.630004883,18.86,90.5,12.7001,8.388,7.31975,90.0926,0.0,0.1639,0.0,0.0,41.8,0.0,128.174,100.87,82.4213,0,10.9883,0.0,786.718,14.1445,0.00093,20.1816,19.0066,16.3701,19.7092,0.0,0.05359
2022-09-27 14:35:00,31.2953,1434.76,61.291,0,0.0,0.45842,49.8402,52.3992,0.0,67.0966,0.0,31.075,22.695,47.7979,3.85037,6.13,21.4158,0,1064.74,0.0,97.7646,80.7665,16.2832,8.19867,61.2241,0.67499,26.1845,26.1666,0.0,45.9776,56.3087,47.07,19.7018,894.571,90.5228,12.0283,45.608,35.2002,4.543,16.5054,54.626,456.11,855.729980469,12.51,88.75,19.6002,10.557,8.86702,79.1542,0.0,0.184,0.0,0.0,41.9,0.0,135.315,83.3097,96.9564,0,9.97757,0.0,799.976,22.3038,0.0,49.369,10.3757,16.0601,21.0178,0.0,0.05186
2022-09-27 14:40:00,25.6957,1432.91,12.8412,0,0.0,0.0,24.9412,52.3992,0.0,55.4028,0.0,17.4365,13.7935,39.9964,4.79795,5.18,30.833,0,1055.02,0.0,26.1204,80.3285,14.9868,8.79988,56.8641,1.15498,37.4581,29.3587,0.0,23.1434,56.1333,49.23,24.1664,910.721,86.2628,11.3699,40.843,42.5124,4.738,9.53506,54.068,453.156,768.5,14.16,87.0,18.5016,5.765,9.25154,66.5958,0.0,0.15386,0.0,0.0,42.6,0.0,128.701,78.8327,115.414,0,6.89036,0.0,773.363,13.4658,0.0,35.8129,7.87951,15.7903,15.5575,0.0,0.05182
2022-09-27 14:45:00,21.5982,1399.73,13.29,0,0.0,0.0,21.6709,51.8992,0.0,50.301,0.0,16.3638,12.2237,33.8986,6.2761,5.86,37.1338,0,1059.42,0.0,18.6068,80.9277,19.4888,10.6004,51.9242,2.19497,32.6465,27.3671,0.0,84.7462,56.2779,38.52,12.0627,891.916,82.4257,10.8017,27.248,48.6401,4.765,14.9429,46.016,436.506,728.760009766,53.0,61.25,25.4993,5.372,7.09087,66.1786,0.0,0.184,0.0,0.0,39.0,0.0,129.646,75.6557,118.148,0,9.44656,0.0,797.388,10.143,0.0,30.3746,9.17153,15.4302,16.2484,0.0,0.05175
2022-09-27 14:50:00,17.9979,1389.3,16.9221,0,0.0,0.0,26.5306,46.4993,0.0,51.997,0.0,20.4501,9.50393,36.7971,7.92448,6.97,58.4751,0,1092.3,0.0,22.0615,84.664,19.8379,24.0009,50.5842,2.55496,21.7157,22.6325,0.0,19.3679,55.6626,27.11,22.9489,875.875,74.2884,9.70605,23.419,66.123,6.347,8.10925,41.302,438.654,761.989990234,48.98,61.75,37.4014,6.452,9.55367,36.9401,0.0,0.17395,0.0,63.328,39.2,0.0,133.909,67.4342,106.835,0,51.4662,0.0,813.306,7.23033,0.00093,27.9271,13.8298,15.1201,12.2994,0.0,0.05326
2022-09-27 14:55:00,11.2956,1371.11,82.5501,0,0.0,0.0,54.6596,51.4992,6.48643,48.1998,0.0,15.2453,5.7026,32.8985,8.1431,6.75,74.5318,0,1114.42,0.0,20.4379,86.7084,20.8414,11.5007,46.3343,3.27495,12.5178,19.2753,0.0,23.511,55.4873,33.3,25.0163,873.604,72.677,9.58392,19.869,50.9459,2.534,0.22583,38.508,437.311,668.340026855,52.08,61.5,29.9,5.162,7.04509,26.5169,0.0,0.17395,0.0,36.1717,39.1,0.0,138.776,66.1616,103.015,0,75.0726,0.0,831.52,8.33387,0.00093,46.1402,18.9188,14.8906,11.9783,0.0,0.04628
2022-09-27 15:00:00,8.79553,1430.08,64.5992,0,0.0,0.0,21.55,39.4994,28.1801,49.2023,0.0,8.92195,4.20417,38.4963,7.93856,3.78,98.0682,0,1148.28,0.0,24.5212,82.6095,16.2295,13.3013,44.3643,2.71496,10.2834,12.8926,0.0,85.1722,55.4288,34.31,10.176,915.464,82.4761,10.8902,28.982,44.1496,2.333,4.42268,45.55,447.907,478.040008545,43.83,57.5,10.399,5.194,8.71138,23.6676,0.0,0.184,0.0,40.7858,42.0,0.0,143.489,74.2733,123.788,0,55.3408,0.0,849.684,11.9789,0.00093,53.4035,11.9313,14.4096,9.3489,0.0,0.04684
2022-09-27 15:05:00,6.09544,1367.99,60.6617,0,0.0,0.0,21.1728,47.7993,24.8402,48.3989,0.0,4.8249,9.51369,41.1956,8.78387,2.46,106.822,0,1107.51,0.0,30.9484,82.5894,23.5734,26.2989,35.4745,2.37496,6.47153,7.92947,0.0,32.4127,56.0441,33.29,9.72749,900.485,85.8499,11.3433,10.414,33.0839,2.785,8.72694,52.858,439.191,560.219970703,31.67,76.0,10.0999,2.672,11.3481,41.4991,0.0,0.184,0.0,28.6356,48.6,0.0,133.502,66.5461,133.871,0,45.5518,0.0,825.196,8.19715,0.00093,97.319,10.9733,14.0702,9.23415,0.0,0.05054
2022-09-27 15:10:00,4.89776,1337.72,33.4499,0,0.0,7.95324,98.5214,40.8994,16.3831,42.8027,0.0,6.07309,25.2525,38.2972,13.9064,2.81,83.1767,0,1079.29,0.0,58.0972,83.0476,23.4293,27.1992,32.7045,1.72497,1.66629,6.69642,0.0,84.5128,55.9856,29.21,11.5128,891.842,78.2564,10.43,8.843,48.719,2.688,0.0,53.422,440.925,560.440002441,38.49,80.0,23.6011,2.138,10.0297,51.0091,0.0,0.15386,0.0,-0.45045,55.2,0.0,135.799,52.0439,119.413,0,42.9004,0.0,843.922,9.32998,0.00093,153.96,7.60705,13.8298,8.53895,0.0,0.051
2022-09-27 15:15:00,2.59792,1315.65,63.9009,0,0.0,20.6016,97.9098,37.7994,0.0,64.3019,0.0,5.13848,42.8736,29.6992,11.435,1.87,104.45,0,1084.95,0.0,86.3325,83.677,20.856,27.0985,32.4745,1.00498,1.32985,7.45022,0.0,63.7747,55.1951,47.12,23.5315,870.125,81.6603,11.2849,7.709,55.0889,2.236,8.98085,53.9,439.387,688.039978027,75.56,75.5,15.5016,2.537,13.2433,71.507,0.0,0.17395,0.0,0.0,59.2,0.0,144.862,50.6798,134.153,0,11.9112,0.0,852.809,8.51942,0.0,158.788,7.67736,13.61,6.80552,0.0,0.04668
2022-09-27 15:20:00,0.0,1323.29,69.4606,0,0.0,18.5732,52.3525,37.4994,0.0,94.1989,0.0,1.54574,62.4723,27.5972,7.3536,2.19,128.718,0,1062.91,0.0,98.8876,85.3085,8.59999,27.0985,26.9446,0.41499,0.0,3.91452,0.0,58.71,55.1059,32.27,29.652,905.484,80.0188,9.44585,2.368,35.9424,3.875,0.0,53.002,441.511,677.270019531,93.49,50.25,8.5008,2.682,11.3573,38.2823,0.0,0.19405,0.0,0.0,61.7,0.0,141.896,26.4729,123.677,0,18.0087,0.0,825.196,23.964,0.00093,156.255,7.18517,11.8204,7.65942,0.0,0.0518
2022-09-27 15:25:00,0.0,1344.31,61.891,0,1.26,24.9723,17.4301,27.1996,0.0,97.0966,0.0,0.0,64.6732,22.8978,5.6169,0.74,208.867,0,1030.7,0.0,132.219,86.4264,26.4176,27.0985,25.3446,0.285,0.0,2.72828,0.0,34.177,55.9272,36.74,20.7698,912.497,47.0868,4.78355,4.628,28.367,3.929,5.42611,52.656,444.099,627.679992676,99.64,76.0,17.2015,2.759,10.3594,24.7865,0.0,0.15386,0.0,0.0,63.5,0.0,142.182,32.7718,142.408,0,18.5141,0.0,802.271,13.3315,0.00093,143.951,8.66175,4.90982,1.48379,0.0,0.05098
2022-09-27 15:30:00,0.0,1392.23,82.3403,0,9.32,25.8724,17.9025,10.8998,0.0,74.8009,0.0,0.0,45.304,22.3977,5.09184,0.33,221.671,0,1055.51,0.0,132.531,85.6056,20.6461,24.0009,14.1648,0.37499,0.0,1.49761,0.0,42.9793,55.8995,23.66,19.9844,914.53,51.7899,4.68974,2.405,35.674,3.748,3.36065,51.998,441.975,796.75,98.98,71.0,13.8994,4.306,6.72465,60.9934,0.0,0.14381,0.0,0.0,63.2,0.0,141.764,18.9654,143.689,0,25.7871,0.0,823.121,24.7062,0.0,157.623,8.40687,10.7999,4.96345,0.0,0.05214
2022-09-27 15:35:00,0.0,1434.89,82.9696,0,15.26,25.3218,89.2488,40.8994,0.0,63.8968,0.0,0.0,48.0751,26.7963,4.99174,0.0,120.033,0,1069.96,0.0,63.8224,85.9783,34.4988,27.0985,11.5948,1.12498,0.0,0.26615,0.0,48.6482,56.5732,46.7,29.7318,912.387,52.5251,7.19258,1.629,38.3956,3.135,1.58083,51.188,439.875,707.729980469,97.62,67.25,50.8019,5.291,5.91897,23.2778,0.0,0.19405,0.0,66.7727,62.9,0.0,146.752,35.4269,134.444,0,23.5569,0.0,855.348,5.514,0.00093,153.796,8.63539,8.34986,10.7179,0.0,0.04963
2022-09-27 15:40:00,0.0,1500.0,80.7606,0,14.05,28.133,88.4395,9.89985,0.0,89.303,0.0,0.0,59.8148,23.5969,5.09517,0.5,69.3015,0,1075.72,0.0,88.2612,87.8817,23.4537,26.7994,8.05488,2.98495,0.0,0.0,0.0,84.7299,56.1025,31.42,6.6345,912.003,66.3928,9.09361,0.0,26.1086,2.785,1.03151,50.996,439.582,665.0,96.41,50.5,38.1003,6.062,6.44999,81.569,0.0,0.15386,0.0,63.189,63.8,0.0,142.885,36.7727,142.655,0,26.8199,0.0,880.056,30.0114,0.00093,135.93,7.87073,8.06055,10.804,0.0,0.0541
2022-09-27 15:45:00,0.0,1587.11,13.0218,0,4.8,26.9629,61.6104,35.5995,0.0,68.2982,0.0,0.0,48.0934,39.7973,5.60998,0.59,50.3722,0,1095.72,0.0,107.64,87.9069,0.98756,26.3996,4.18994,7.52489,0.0,0.0,0.0,84.0581,55.3704,34.65,9.88211,927.494,92.3658,10.8991,0.0,24.9557,8.22,1.70047,50.808,457.673,643.369995117,56.5,19.75,43.3005,4.395,3.6759,43.7078,0.0,0.15386,0.0,67.7214,65.2,0.0,154.706,43.8041,143.655,0,26.5745,0.0,908.744,30.5266,0.00093,149.078,4.19684,9.44975,9.44167,0.0,0.05479
2022-09-27 15:50:00,0.59815,1624.68,11.2402,0,0.95,19.3289,12.3909,13.3998,0.0,36.4992,0.0,0.0,27.5132,37.098,6.88256,0.51,41.3614,0,1135.76,0.0,23.1296,88.35,52.8365,26.2989,2.99995,5.93491,0.0,0.53989,0.0,85.0739,55.9272,42.65,28.1436,926.066,88.3374,12.1222,0.0,27.7037,4.312,0.44556,50.17,453.083,605.869995117,12.06,36.25,31.5999,3.449,5.09499,65.9105,0.0,0.1639,0.0,190.918,62.9,0.0,153.542,58.0133,114.064,0,39.2163,0.0,937.016,30.1384,0.00093,144.976,1.70071,10.9305,7.44213,0.0,0.05189
2022-09-27 15:55:00,0.0,1671.31,78.0498,0,0.0,19.4817,13.5518,36.4994,0.0,15.7004,0.0,0.0,12.4031,42.8993,10.3163,0.73,46.2123,0,1174.99,0.0,21.1887,89.3269,11.8593,21.001,2.56996,2.24497,0.0,3.53603,0.0,85.0412,55.5181,43.65,9.2585,918.925,73.5431,9.58392,0.0,18.649,4.195,0.96803,49.472,488.484,726.609985352,67.87,56.0,9.0013,3.711,5.67178,90.8254,0.0,0.17395,0.0,194.394,64.0,0.0,148.224,65.832,107.732,0,52.7883,0.0,966.533,4.07355,0.00093,141.418,0.61085,9.69024,4.3714,0.0,0.05458
2022-09-27 16:00:00,0.0,1712.33,28.3814,0,0.0,18.5398,38.4729,33.2995,0.0,6.10094,0.0,0.0,3.07317,34.0977,10.1115,0.33,39.6812,0,1205.98,0.0,7.12596,90.1124,18.3487,8.59846,2.86996,2.63496,0.0,0.99535,0.0,85.0125,56.1025,45.91,4.3753,921.085,84.0673,10.9628,0.502,16.5854,2.441,0.85573,48.872,519.979,686.539978027,93.19,50.0,18.0011,6.899,4.24353,53.2312,71.799,0.15386,0.0,190.281,62.7,0.0,149.543,75.8755,137.99,0,52.3085,0.0,992.877,13.1289,0.0,136.895,0.0,8.39991,4.81331,0.0,0.05037
2022-09-27 16:05:00,0.49935,1727.52,21.6003,0,0.0,16.6621,27.7098,17.9997,0.0,5.99794,0.0,0.0,2.16556,15.1981,8.59904,0.0,30.9279,0,1235.49,0.0,3.54925,87.64,40.5585,6.49882,0.285,1.57498,0.0,0.0,0.0,85.0412,56.161,46.76,28.801,914.054,77.491,10.099,0.64,21.3444,6.053,0.39429,48.402,515.804,661.559997559,84.77,51.0,19.2004,5.641,6.92607,68.1247,119.305,0.17395,0.0,182.557,61.4,0.0,142.325,70.6752,140.083,0,67.089,0.0,1021.98,8.4535,0.00093,130.266,0.0,8.04956,0.49012,0.0,0.04683
2022-09-27 16:10:00,0.0,1761.82,69.1712,0,0.0,18.5418,25.2818,21.9997,0.0,7.00046,0.0,0.0,3.43328,16.8973,7.0679,-0.08,33.0281,0,1264.89,0.0,2.00504,81.6931,9.04189,20.6012,0.0,0.87499,0.0,0.0,0.0,85.0166,56.1333,45.76,23.1547,929.252,78.2161,9.89544,1.38,36.1635,5.662,0.66773,47.74,535.116,510.690002441,79.81,49.25,4.79896,8.605,5.88235,44.4351,119.206,0.184,0.0,187.879,62.3,0.0,139.699,98.4436,119.567,0,72.9558,0.0,1042.56,5.83871,0.00093,125.896,0.0,7.46971,4.80903,0.0,0.05039
2022-09-27 16:15:00,3.09819,1796.46,63.8398,0,0.0,17.5894,38.3301,33.4995,0.0,8.70336,0.0,0.0,1.76638,22.6986,6.12403,-0.09,33.1501,0,1287.18,0.0,1.51064,83.2843,8.76112,27.0985,0.0,0.64499,0.0,0.14395,0.0,85.0371,55.1059,44.75,28.2542,922.953,87.4914,10.7982,2.165,47.2713,4.45,0.65553,46.878,551.644,506.529998779,62.61,46.5,7.30144,8.045,8.11627,89.6439,119.206,0.15386,0.0,186.295,62.0,0.0,138.963,81.5793,121.447,0,66.2651,0.0,1075.2,4.2298,0.00093,117.9,0.0,6.95944,9.54421,0.0,0.04789
2022-09-27 16:20:00,3.59708,1845.39,51.7407,0,0.0,17.1729,27.5706,7.09989,0.0,8.40124,0.0,0.0,2.934,16.3973,8.01075,0.21,21.4158,0,1311.3,0.0,2.121,41.52,62.3947,26.5003,0.0,0.67499,0.0,0.00034,0.0,66.1197,55.635,44.79,29.4984,946.483,86.6958,11.3841,4.44,55.847,4.149,0.67018,45.506,588.534,426.459991455,52.83,42.75,50.0999,6.958,6.05631,53.4968,121.211,0.14381,0.0,201.424,65.7,0.0,144.467,78.8968,66.049,0,38.3191,0.0,1091.49,6.90074,1.31336,77.1893,0.0,6.40034,8.16846,0.0,0.04929
2022-09-27 16:25:00,7.19982,1859.92,43.3799,0,0.0,21.5917,45.8411,21.5997,0.0,7.30259,0.0,3.58968,1.46365,17.0964,15.1813,1.05,15.7112,0,1337.45,0.0,1.72427,58.2076,63.928,25.6001,0.0,0.59499,0.0,0.33359,0.0,23.6186,56.1917,43.79,28.6689,958.184,69.696,9.11308,10.191,39.6801,0.573001,0.79957,45.048,592.734,417.829986572,67.5,39.75,43.1998,2.97,8.88533,53.8591,199.51,0.184,0.0,203.325,64.0,0.0,131.382,63.9002,76.474,0,27.4168,0.0,1106.06,6.86412,1.2631,11.5633,0.0,5.84002,7.458,0.0,0.04698
2022-09-27 16:30:00,8.59632,1841.51,13.6298,0,0.0,18.9814,65.2323,12.1998,0.0,6.40307,0.0,6.83604,1.67422,23.8978,18.8836,0.84,17.3779,0,1351.51,0.0,1.69986,82.0959,43.2392,24.4007,0.0,0.39499,0.0,0.80809,0.0,8.8233,55.4873,41.69,4.46694,935.936,59.6251,7.54836,7.311,32.9997,0.473001,1.16579,41.54,619.98,524.469970703,63.62,37.0,25.0996,0.0,9.64523,75.5597,193.863,0.2041,56.11,190.824,63.2,0.0,136.425,39.263,28.5789,0,42.5452,0.0,1115.41,20.8463,0.00093,11.2398,0.0,5.30045,6.43503,0.0,0.0516
2022-09-27 16:35:00,9.09926,1831.4,42.2408,0,0.0,16.5512,62.0609,5.49992,0.0,6.6022,0.0,6.68345,0.43885,17.1982,16.1173,1.05,20.115,0,1376.05,0.0,1.9379,74.7844,16.4858,23.1983,0.285,0.305,1.51711,1.51586,0.0,76.3412,55.8688,40.69,13.7825,947.288,48.3859,6.53413,2.797,35.5529,0.423001,1.22683,39.826,642.319,574.280029297,13.3,36.0,9.49874,0.0,10.0206,54.1819,196.368,0.14381,-0.7,308.905,61.6,0.0,137.765,32.1767,41.3965,0,62.6102,0.0,1147.59,16.1685,0.0,13.8338,0.0,2.80038,4.63508,0.0,0.05187
2022-09-27 16:40:00,16.8972,1856.72,28.161,0,0.0,17.1143,56.9925,27.6996,0.0,7.19959,0.0,6.67506,0.16907,15.8972,11.2333,2.12,20.3047,0,1378.95,0.0,2.121,66.2442,20.6339,21.8982,0.001,0.215,0.351,2.39106,0.0,63.2955,56.7486,37.36,14.3851,962.651,46.0394,6.16773,1.991,8.97311,0.373001,2.29374,37.108,619.101,670.820007324,29.96,32.5,9.99924,0.0,8.98604,31.1832,199.428,0.17395,0.0,331.077,61.6,0.0,131.327,30.0984,113.055,0,54.2788,0.0,1165.98,7.74792,0.00093,15.1461,0.0,3.82946,6.96666,0.0,0.05318
2022-09-27 16:45:00,19.4998,1881.67,26.2122,0,0.65,15.9818,53.6306,21.9997,0.0,7.89998,0.0,11.0185,0.0,13.0961,5.36474,2.55,23.3263,0,1376.9,0.0,2.51774,60.8361,12.3159,20.6012,0.61499,0.0,0.0,2.06098,0.0,65.3947,56.3087,35.3,22.3345,960.692,42.4138,5.55706,2.35,18.2279,0.273001,2.76493,34.624,639.487,563.820007324,57.1,29.0,9.70016,0.0,13.7102,22.1091,200.611,0.17395,0.0,328.091,61.6,0.0,139.292,21.1994,19.9911,0,49.5619,0.0,1190.1,12.8579,0.00093,13.7789,0.0,3.70983,6.55589,0.0,0.05008
2022-09-27 16:50:00,26.497,1903.28,17.7398,0,0.52,17.0912,45.5811,26.0996,0.0,8.20211,0.0,12.0577,0.0,13.7997,3.59322,4.02,24.844,0,1377.76,0.0,3.122,54.3152,25.3654,19.3011,2.33996,0.0,0.0,3.50747,0.0,42.1294,55.1643,30.25,8.54426,967.779,31.5775,4.13925,2.824,16.817,0.273001,2.71122,31.52,670.347,738.190002441,20.39,25.75,28.8014,0.0,14.7265,16.2639,202.155,0.15386,9.9,337.86,62.4,0.0,124.241,16.2371,12.3861,0,56.1831,0.0,1209.41,13.5439,0.00093,11.5389,0.0,3.18003,8.1355,0.0,0.05278
2022-09-27 16:55:00,22.2977,1937.38,5.98054,0,0.22,18.5021,50.3493,8.19987,0.0,7.79698,0.0,8.74189,0.09827,16.6982,3.16672,4.06,28.6922,0,1378.9,0.0,4.08637,48.2021,47.0576,18.1994,1.77497,0.0,3.19927,1.49682,0.0,8.38528,56.3087,25.09,5.1072,972.924,24.8098,3.28609,4.925,18.2226,0.223001,3.03105,28.624,702.599,662.489990234,16.56,22.5,10.7011,0.0,12.3278,15.5983,201.192,0.17395,122.0,337.076,62.2,0.0,120.967,11.4488,7.54955,0,45.4676,0.0,1212.59,13.3217,0.00093,8.86549,0.0,2.72958,9.98001,0.0,0.04755
2022-09-27 17:00:00,16.0964,1964.48,4.35033,0,0.0,16.12,35.0304,6.7999,0.0,7.79698,0.0,5.82437,0.0,11.596,16.4654,2.35,32.5268,0,1384.93,0.0,5.07515,42.6581,7.69909,9.59945,1.63497,0.0,0.90138,1.99908,0.0,5.08288,55.9856,22.94,3.48198,975.231,22.6647,3.04006,5.457,14.2743,0.173001,16.2832,25.192,739.416,835.510009766,17.66,19.75,4.39918,0.0,12.1172,44.3891,200.813,0.17395,126.2,338.053,62.4,0.0,124.955,7.67681,5.01167,0,27.2007,0.0,1229.36,12.8823,0.00093,6.60105,0.0,2.24006,11.7122,0.0,0.0532
2022-09-27 17:05:00,11.4968,1932.89,4.0211,0,0.0,16.0028,40.0403,13.3998,0.0,8.49737,0.0,4.32364,0.09827,5.99825,13.439,2.3,25.0472,0,1369.5,0.0,5.41695,36.409,4.01495,15.8984,1.99497,0.43499,1.13307,0.96519,0.0,4.57318,56.4563,17.85,2.72973,975.854,19.5225,2.55329,2.38,6.17247,0.123001,12.3012,22.226,746.496,891.400024414,11.54,17.5,4.39918,0.0,13.0327,14.6725,198.433,0.15386,116.8,228.294,66.9,0.0,124.186,8.47334,0.0,0,11.4424,0.0,1242.54,9.13466,0.0,3.23796,0.0,1.77007,11.4949,0.0,0.04907
2022-09-27 17:10:00,9.09926,1977.76,3.79011,0,0.0,18.0206,13.0025,5.19992,0.0,9.60288,0.0,3.15785,0.0,5.59998,11.1094,1.96,23.1366,0,1379.68,0.0,6.66819,31.1923,5.30404,14.2992,1.41998,0.51499,0.90773,0.36533,0.0,3.77357,56.0164,7.58,2.47104,991.601,14.8597,1.62225,3.116,4.23518,0.0,4.29572,18.894,786.902,872.950012207,12.52,15.0,11.4,0.0,13.7011,35.589,198.396,0.17395,119.3,243.311,68.1,0.0,137.655,4.71962,0.9955,0,11.2923,0.0,1249.13,5.13069,0.0,1.56558,0.0,1.47954,10.1058,0.0595,0.04944
2022-09-27 17:15:00,6.89708,2002.96,3.49009,0,0.0,18.1902,8.85328,4.19994,0.0,10.9007,0.0,1.33822,0.0,7.39658,9.59232,0.3,19.722,0,1379.64,0.0,8.46876,24.9835,11.559,12.7001,1.03109,0.45,1.182,3.67013,0.0,4.37299,55.3704,3.54,2.18432,1002.19,7.06477,0.77263,1.952,6.26196,0.0,1.78836,15.72,856.287,1024.9699707,17.33,13.25,6.59953,0.0,12.1355,11.0024,199.426,0.15386,2.9,254.858,68.1,0.0,134.195,3.44701,0.0,0,14.8959,0.0,1260.83,3.02373,0.0,0.73548,0.0,1.14994,9.77371,0.0515,0.04582
2022-09-27 17:20:00,2.19974,1988.17,3.24051,0,0.44,16.0823,6.27146,5.69991,0.0,17.4033,0.0,0.0,0.0,8.09575,2.30208,1.3,16.6462,0,1379.2,0.0,11.4046,20.2955,22.7701,11.1009,0.85159,0.511,0.452,2.27362,0.0,7.13754,56.5732,5.55,1.50682,988.122,5.26207,0.63633,1.625,7.56752,0.0,0.19898,12.586,884.242,1071.60998535,14.53,11.5,18.1018,0.0,11.6045,7.24503,198.738,0.15386,39.2,244.628,68.1,0.0,135.073,3.52026,0.0,0,20.1035,0.0,1246.3,2.31083,0.0,0.0,0.0,0.87039,10.1058,0.0515,0.05156
2022-09-27 17:25:00,3.59625,1969.27,2.78119,0,5.03,15.8332,4.95308,5.09992,0.0,29.7013,0.0,0.0,0.0,9.29938,1.39424,0.67,14.424,0,1375.8,0.0,12.3995,15.5319,13.4755,9.40108,2.20497,0.49499,0.44117,3.80502,0.0,14.1307,55.4288,2.51,1.04269,986.987,5.61456,0.69651,1.388,2.40318,0.395001,0.0,9.57,911.196,1020.69000244,7.34,8.5,9.30037,0.0,11.2016,6.43901,197.607,0.17395,117.7,236.947,67.2,0.0,139.787,2.28428,0.0,0,10.5086,0.0,1235.07,1.12917,0.00093,0.0,0.0,0.61037,9.30495,0.0525,0.05212
2022-09-27 17:30:00,4.29938,1993.37,2.19176,0,14.08,20.723,3.65301,5.19992,0.0,35.2014,0.0,0.0,0.0,7.19745,1.08979,1.64,17.8657,0,1379.59,0.0,11.1299,10.7784,2.48661,7.29839,2.22497,0.40499,0.0,2.48072,0.0,11.756,55.5181,1.5,0.93213,1002.64,4.24491,0.39915,0.649,1.33452,0.646001,0.0,6.232,947.158,1096.43005371,15.14,6.75,2.40024,0.0,10.1122,4.38301,198.573,0.2041,120.1,241.724,68.1,0.0,141.698,1.89059,0.0,0,10.5818,0.0,1239.64,1.21706,0.0,0.0,0.0,0.4004,9.24636,0.0455,0.05371
2022-09-27 17:35:00,4.19684,1991.24,1.59171,0,11.18,23.8629,5.60128,11.1998,0.0,29.0009,0.0,0.0,0.0,6.99832,0.98874,1.36,20.4266,0,1379.1,0.0,11.4046,3.45182,1.14626,4.29847,1.8038,0.466,0.003,1.8023,0.0,6.35622,56.5148,1.5,1.03402,997.369,3.53994,0.57969,0.0,0.687,0.496001,0.0,3.78,976.504,922.940002441,11.88,5.25,0.89876,0.0,9.03182,2.75637,198.289,0.15386,231.8,284.24,67.5,0.0,138.897,2.87022,0.0,0,10.3255,0.0,1241.49,0.5359,0.00093,0.0,0.0,0.3003,8.6482,0.0545,0.05387
2022-09-27 17:40:00,7.2948,1991.61,1.90236,0,9.08,25.3616,6.64134,3.99994,0.0,22.6974,0.0,0.0,0.19837,8.19753,0.88758,0.66,24.4646,0,1378.83,0.0,14.0536,2.43465,1.15602,4.39918,0.315,0.0,1.70755,1.57299,0.0,3.58515,56.3363,1.5,0.93203,994.769,3.88235,0.46464,0.0,0.29744,0.546001,0.87526,2.298,1007.97,1088.09997559,4.62,3.75,0.99947,0.0,7.66766,2.02885,198.068,0.17395,243.2,298.141,68.1,0.0,133.436,1.65255,0.0,0,7.88281,0.0,1235.76,1.27565,2.6835,2.65202,0.0,0.26978,7.47753,0.0475,0.04904
2022-09-27 17:45:00,9.49607,1997.25,1.59171,0,10.43,24.832,1.88052,4.29993,0.0,17.4994,0.0,0.0,0.23865,11.596,0.68531,0.68,20.657,0,1379.15,0.0,18.4604,1.76997,1.04616,1.29854,0.0,0.0,0.77125,1.29052,0.0,2.88307,56.1917,0.5,0.78237,998.706,2.47242,0.22568,0.326,0.0,0.546001,0.9192,1.218,1040.74,1112.60998535,5.72,2.5,1.10018,0.0,6.66056,1.76721,238.096,0.184,248.5,299.615,67.5,0.0,135.689,0.0,0.0,0,5.5317,-3.64691,1240.49,0.63844,0.00093,2.31632,0.0,0.17945,7.05516,0.0565,0.05046
2022-09-27 17:50:00,8.49866,1992.17,1.25187,0,10.44,23.5614,1.22133,3.79994,0.0,9.80201,0.0,0.0,0.1886,14.8972,0.48304,0.06,16.0906,0,1379.44,0.0,5.79538,1.10025,1.19265,0.700389,0.0,0.0,0.0,1.66821,0.0,5.10592,55.312,0.5,0.78922,990.429,0.73014,0.0,0.0,0.0,0.395001,0.45777,0.512,1069.94,1153.5300293,3.03,1.5,1.39925,0.0,6.1387,1.11855,238.537,0.17395,250.0,299.276,67.5,0.0,136.842,0.0,0.0,0,2.94621,40.4761,1240.17,0.42603,0.00093,1.14443,0.0,0.1001,7.01244,0.0515,0.04874
2022-09-27 17:55:00,8.59762,1978.69,0.70227,0,12.06,25.3114,1.10048,3.99994,0.0,8.09911,0.0,0.0,0.09827,15.499,0.38026,0.0,10.0744,0,1373.36,0.0,4.12909,0.43053,0.32349,0.801099,0.0,0.0,0.0,1.95068,0.0,4.98202,56.6901,0.5,0.27301,984.808,1.06249,0.0,0.0,0.0,0.295001,0.0,0.058,1087.54,1021.57000732,1.81,1.0,0.59968,0.0,7.42046,0.68649,237.547,0.15386,316.9,294.969,66.9,0.0,136.875,0.0,0.0,0,0.63539,80.3876,1232.97,0.0,16.9359,0.0,0.0,0.0,6.78172,0.0475,0.05333
2022-09-27 18:00:00,7.69565,1989.78,0.0,0,14.01,28.4428,0.65003,4.09994,0.0,3.60151,0.0,0.0,0.0,13.0961,0.27771,-0.16,6.95793,0,1380.95,0.0,2.57877,0.0,0.0,0.700389,0.0,0.0,0.0,2.29981,0.0,2.71347,55.7795,0.5,0.16526,995.154,0.0,0.0,0.0,0.0,0.195001,0.0,0.0,1113.01,1070.06994629,0.89,0.25,0.40131,0.0,8.42756,0.15371,238.528,0.17395,246.6,300.09,67.5,0.0,141.105,0.0,0.0,0,0.0,80.3632,1246.91,0.17456,6.00087,0.0,0.0,0.0,7.53613,0.0515,0.052
2022-09-27 18:05:00,4.79744,1989.61,0.0,0,11.52,34.1427,0.0,2.59996,0.0,1.69947,0.0,0.0,0.0,9.39673,0.1765,-0.09,2.35093,0,1378.93,0.0,1.29091,0.0,0.0,0.300603,0.0,0.0,0.0,1.47143,0.0,1.64749,55.6626,0.5,0.06519,997.699,0.0,0.0,0.0,0.0,0.0,0.0,0.0,1144.3,1029.63000488,0.41,0.0,0.09918,0.0,10.8812,0.0,239.065,0.2041,249.3,342.937,67.6,0.0,145.247,0.0,0.0,0,0.0,80.5219,1240.59,0.0,0.13497,0.0,0.0,0.0,7.13329,0.0125,0.05335
2022-09-27 18:10:00,9.39712,2004.35,0.0,0,10.37,36.3929,0.0,0.54999,0.0,0.0,0.0,2.63828,0.0,11.596,0.07362,-0.02,0.0,0,1378.51,0.0,0.63783,0.0,0.0,0.099184,0.0,0.0,0.0,0.35581,0.0,0.65782,55.0474,0.5,0.0,998.907,0.0,0.0,0.0,0.0,0.0,0.0,0.0,1181.15,1150.79003906,0.0,0.0,0.00153,0.0,13.8659,0.0,239.659,0.184,251.7,372.621,67.9,0.0,136.864,0.0,0.0,0,0.0,80.4608,1235.12,0.0,0.00093,0.0,0.0,0.0,6.76463,0.0045,0.0513
2022-09-27 18:15:00,10.7985,2007.01,0.0,0,9.95,43.5518,0.0,1.09998,0.0,0.0,0.0,1.38552,0.0,10.7995,0.0,0.0,0.0,0,1379.37,0.0,0.0,0.0,0.0,0.099184,0.001,0.0,0.001,0.18759,0.0,0.11272,56.0164,0.5,0.0,987.225,0.0,0.0,0.0,0.0,0.0,0.0,0.0,1202.46,1135.70996094,0.0,0.0,0.00153,0.0,17.6654,0.0,238.789,0.17395,249.3,360.516,67.2,0.0,140.753,0.0,0.0,0,0.0,80.1129,1239.2,0.0,3.64408,0.0,0.0,0.0,8.30762,0.0025,0.0497
2022-09-27 18:20:00,10.1979,2009.21,0.0,0,9.78,50.3025,0.0,0.0,0.0,0.0,0.0,0.0,0.0,10.2995,0.0,0.0,0.0,0,1378.71,0.0,0.0,0.0,0.0,0.001526,0.0,0.0,0.0,1.00725,0.0,0.0,55.6626,0.5,0.0,990.411,0.0,0.0,0.0,0.0,0.0,0.0,0.0,1219.35,1131.84997559,0.0,0.0,0.00153,0.0,21.1536,0.0,238.644,0.17395,249.1,360.271,67.2,0.0,150.136,0.0,0.0,0,0.0,80.0885,1234.07,0.0,5.76072,0.0,0.0,0.0,10.2937,0.0,0.05432
2022-09-27 18:25:00,14.395,2025.86,0.0,0,10.11,48.3725,0.0,0.0,0.0,0.0,0.0,0.0,0.0,10.9986,0.0,0.5,0.0,0,1379.59,0.0,0.0,0.0,0.0,0.001526,0.0,0.0,0.0,1.35241,0.0,0.0,56.1025,0.5,0.0,1000.24,0.0,0.0,0.0,0.0,0.0,0.0,0.0,1236.2,1146.17004395,0.0,0.0,0.00153,0.0,21.4008,0.0,239.863,0.19405,260.3,366.512,68.1,0.0,145.093,0.0,0.0,0,0.4596,79.7528,1232.68,0.0,7.88481,0.0,0.0,0.0,11.9356,0.0035,0.04842
2022-09-27 18:30:00,19.4998,2032.89,0.0,0,10.23,44.1002,0.0,0.0,0.0,0.0,0.0,0.0,0.0,12.6979,0.0,0.34,0.0,0,1378.71,0.0,0.0,0.0,0.0,0.001526,0.38499,0.0,0.0,0.36771,0.0,0.0,56.2779,0.0,0.0,993.121,0.0,0.0,0.0,0.0,0.0,0.0,0.0,1251.12,1174.14001465,0.0,0.0,0.00153,0.0,19.5788,0.0,239.717,0.184,252.1,364.535,67.8,0.0,144.808,0.0,0.0,0,3.56146,80.4303,1224.62,0.0,0.0,0.0,0.0,0.0,12.253,0.0,0.04771
2022-09-27 18:35:00,20.1949,2044.39,0.0,0,11.09,34.1134,0.0,0.0,0.0,0.0,0.0,0.0,0.0,16.6982,0.0,0.53,0.0,0,1378.46,0.0,0.0,0.0,0.0,0.001526,1.37998,0.0,0.74586,0.0,0.0,0.0,56.4563,0.0,0.0,1000.81,0.0,0.0,0.0,0.0,0.0,0.0,0.0,1268.48,1160.56005859,0.0,0.0,0.00153,0.0,17.3358,0.0,239.273,0.184,256.6,379.25,67.8,0.0,136.029,0.0,0.0,0,7.187,80.1129,1230.19,0.0,6.87955,0.0,0.0,0.0,12.3409,0.0,0.04807
2022-09-27 18:40:00,22.2977,2024.91,0.0,0,11.57,35.9199,0.0,0.0,0.0,0.0,0.0,0.0,0.0,18.4992,0.0,0.63,0.0,0,1378.49,0.0,0.0,0.0,0.0,0.001526,0.50395,0.0,0.0,1.96417,0.0,0.0,56.5424,0.0,0.0,993.268,0.0,0.0,0.0,0.0,0.0,0.0,0.0,1274.09,1197.69995117,0.0,0.0,0.00153,0.0,16.0266,0.0,238.346,0.184,250.8,366.789,67.1,0.0,138.798,0.0,0.0,0,11.5633,79.826,1221.01,0.0,5.78306,0.0,0.0,0.0,12.5618,0.0,0.05248
2022-09-27 18:45:00,33.4991,2034.33,0.0,0,18.48,42.7313,0.0,0.0,0.0,0.0,0.0,0.0,0.0,16.1981,0.0,0.0,0.0,0,1379.64,0.0,0.0,0.0,0.0,0.001526,1.32998,0.0,0.0,3.02583,0.0,0.0,56.2194,0.0,0.0,1002.72,0.0,0.0,0.0,0.0,0.0,0.0,0.0,1292.4,1038.06005859,0.0,0.0,0.00153,0.0,14.1863,0.0,238.732,0.19405,251.2,372.617,67.7,0.0,138.743,0.0,0.0,0,11.3545,79.8383,1217.1,0.0,9.35734,0.0,0.0,0.0,9.7908,0.0005,0.04894
2022-09-27 18:50:00,29.0996,2005.26,0.0,0,19.17,51.5124,0.0,0.0,0.0,0.0,0.0,0.0,0.0,16.7999,0.0,0.0,0.0,0,1375.58,0.0,0.0,0.0,0.0,0.001526,2.79996,0.0,0.0,0.4669,0.0,0.0,57.0715,0.0,0.0,989.55,0.0,0.0,0.0,0.0,0.0,0.0,0.0,1282.05,1029.9699707,0.0,0.0,0.00153,0.0,12.6848,0.0,238.636,0.184,243.3,365.005,67.1,0.0,143.775,0.0,0.0,0,11.9441,79.9115,1214.08,0.0,0.00093,0.0,0.0,0.0,6.59739,0.0,0.05188
2022-09-27 18:55:00,36.6973,2039.36,0.0,0,19.08,47.8827,0.0,0.0,0.0,0.0,0.0,0.0,0.0,20.7958,0.0,-0.17,0.0,0,1379.61,0.0,0.0,0.0,0.0,0.001526,3.97494,0.0,0.4983,0.0,0.0,0.0,56.0749,0.0,0.0,1000.68,0.0,0.0,0.0,0.0,0.0,0.0,0.0,1296.46,920.859985352,0.0,0.0,0.00153,0.0,12.163,0.0,239.619,0.184,252.2,372.455,68.0,0.0,142.797,0.0,0.0,0,13.1966,80.0885,1218.37,0.0,4.79455,0.0,0.0,0.0,4.49409,0.0,0.05247
2022-09-27 19:00:00,19.2996,2037.68,0.0,0,19.27,36.5918,0.0,0.0,0.0,0.0,0.0,0.0,0.0,18.8975,0.0,0.0,0.0,0,1378.24,0.0,0.0,0.0,0.0,0.001526,4.78493,0.0,3.99274,0.31693,0.0,0.0,56.484,0.0,0.0,996.326,0.0,0.0,0.0,0.0,0.0,0.0,0.0,1301.83,1020.33001709,0.0,0.0,0.00153,0.0,11.6136,0.0,239.175,0.17395,252.2,370.021,67.8,0.0,139.995,0.0,0.0,0,15.295,80.058,1218.74,0.0,0.0,0.0,0.0,0.0,2.37797,0.95149,0.04736
2022-09-27 19:05:00,11.9997,2026.47,0.0,0,17.41,26.9525,0.0,0.0,0.0,0.0,0.0,0.0,0.0,20.5967,0.0,0.0,0.0,0,1376.53,0.0,0.0,0.0,0.0,0.001526,11.3348,0.0,2.36136,0.41373,0.0,0.0,55.4012,0.0,0.0,991.729,0.0,0.0,0.0,0.0,0.0,0.0,0.0,1287.91,1034.60998535,0.0,0.0,0.00153,0.0,8.75715,0.0,238.298,0.2041,246.4,362.361,67.2,0.0,144.862,0.0,0.0,0,16.8002,79.8688,1216.88,0.0,0.0,0.0,0.0,0.0,1.5314,4.75943,0.05584
2022-09-27 19:10:00,6.19882,2025.64,0.0,0,12.24,20.0301,0.0,0.0,0.0,0.0,0.0,0.0,0.0,22.0968,0.0,-0.14,0.0,0,1376.39,0.0,0.0,0.0,0.0,0.001526,14.2098,0.0,3.69122,4.29697,0.0,0.0,55.7519,0.0,0.0,990.466,0.0,0.0,0.0,0.0,0.0,0.0,0.0,1288.72,964.159973145,0.0,0.0,0.00153,0.0,5.74502,0.0,238.2,0.184,248.2,362.189,67.2,0.0,138.49,0.0,0.0,0,12.8194,79.8383,1219.57,0.0,1.66334,0.0,0.0,0.0,0.51026,0.2185,0.04545
2022-09-27 19:15:00,3.69566,2040.39,0.0,0,7.66,18.8119,0.0,0.0,0.0,0.0,0.0,0.0,5.09773,27.9999,0.0,-0.07,0.0,0,1379.98,0.0,0.0,0.0,0.0,0.001526,10.3648,0.0,5.0782,11.1914,0.0,0.0,56.3671,0.0,0.0,999.31,0.0,0.0,0.0,0.0,0.0,0.0,0.0,1312.54,941.090026855,0.0,0.0,0.00153,0.0,4.01465,0.0,239.521,0.184,254.3,374.154,67.8,0.0,135.381,0.0,0.0,0,18.2138,79.7528,1219.69,0.0,12.0492,0.0,0.0,0.0,0.14282,0.0005,0.05224
2022-09-27 19:20:00,1.29641,2030.45,0.0,0,8.89,14.0812,0.0,0.0,0.0,0.0,0.0,0.0,11.0359,28.2964,0.0,0.06,0.0,0,1379.61,0.0,0.0,0.0,0.0,0.001526,5.04992,0.0,2.24076,11.7746,0.0,0.0,55.4873,0.0,0.0,994.568,0.0,0.0,0.0,0.0,0.0,0.0,0.0,1304.59,1004.0300293,0.0,0.0,0.00153,0.0,3.5111,0.0,238.838,0.184,247.0,361.733,67.2,0.0,133.535,0.0,0.0,0,16.5365,80.4608,1220.79,0.0,10.7219,0.0,0.0,0.0,0.0,0.0,0.05273
2022-09-27 19:25:00,0.0,2041.97,0.0,0,8.22,15.783,0.0,0.0,0.0,0.0,0.0,0.0,11.3252,28.7964,0.0,0.0,0.0,0,1379.73,0.0,0.0,0.0,0.0,0.001526,4.97267,0.0,5.163,9.7481,0.0,0.0,55.9856,0.0,0.0,998.175,0.0,0.0,0.0,0.0,0.0,0.0,0.0,1310.1,911.260009766,0.0,0.0,0.00153,0.0,3.30053,0.0,238.94,0.184,251.2,368.423,67.8,0.0,133.854,0.0,0.0,0,11.6805,79.8688,1223.4,0.0,7.57765,0.0,0.0,0.0,0.54627,0.0005,0.05315
2022-09-27 19:30:00,0.0,2025.91,0.0,0,8.9,12.7708,0.0,0.0,0.0,0.0,0.0,0.0,9.35439,28.8982,0.0,2.53,0.0,0,1376.78,0.0,0.0,0.0,0.0,0.001526,0.0,0.0,0.0,6.0069,0.0,0.0,55.7211,0.0,0.0,994.659,0.0,0.0,0.0,0.0,0.0,0.0,0.0,1301.39,907.960021973,0.0,0.0,0.00153,0.0,2.94347,0.0,238.353,0.1639,247.9,359.532,67.2,0.0,130.163,0.0,0.0,0,10.1533,79.9969,1210.41,0.0,0.0,0.0,0.0,0.0,0.0,0.0,0.05459
2022-09-27 19:35:00,0.0,2034.31,0.0,0,10.26,12.0905,0.0,0.0,0.0,0.0,0.0,0.0,14.2641,32.8985,0.0,5.74,0.0,0,1379.61,0.0,0.0,0.0,0.0,0.001526,0.49499,0.0,0.0,2.95442,0.0,0.0,55.6042,0.0,0.0,988.8,0.0,0.0,0.0,0.0,0.0,0.0,0.0,1307.71,826.119995117,0.0,0.0,0.00153,0.0,2.35752,0.0,238.647,0.184,247.7,358.89,67.6,0.0,129.932,0.0,0.0,0,9.23781,61.5946,1217.1,0.0,0.0,0.0,0.0,0.0,0.0,0.0,0.05134
2022-09-27 19:40:00,0.0,2036.97,0.0,0,6.85,15.6092,0.0,0.0,0.0,0.0,0.0,5.76638,14.7756,31.0975,0.0,7.4,0.0,0,1380.98,0.0,0.0,0.0,0.0,0.001526,0.95999,0.0,0.0,0.56449,0.0,0.0,55.5765,0.0,0.0,1004.42,0.0,0.0,0.0,0.0,0.0,0.0,0.0,1316.55,773.309997559,0.0,0.0,0.00153,0.0,0.0,0.0,239.477,0.184,257.7,368.487,68.2,0.0,140.688,0.0,0.0,0,8.21973,11.9295,1219.96,0.0,0.00093,0.0,0.0,0.0,0.0,0.0035,0.04741
2022-09-27 19:45:00,0.29541,2045.59,0.0,0,5.6,15.6302,0.0,0.0,0.0,0.0,0.0,15.8877,12.9928,26.8981,0.0,2.17,0.0,0,1379.27,0.0,0.0,0.0,0.0,0.001526,0.80999,0.0,0.0,0.0,0.0,0.0,56.2779,0.0,0.0,997.205,0.0,0.0,0.0,0.0,0.0,0.0,0.0,1311.01,809.390014648,0.0,0.0,0.00153,0.0,0.0,0.0,240.081,0.17395,253.8,363.707,67.9,0.0,141.665,0.0,0.0,0,9.06935,0.0,1220.25,0.0,0.0,0.0,0.0,0.0,0.0,0.0,0.04983
2022-09-27 19:50:00,0.39796,2033.8,0.0,0,4.83,19.0903,0.0,0.0,0.0,0.0,0.0,27.7592,11.1452,25.898,0.0,0.66,0.0,0,1378.98,0.0,0.0,0.0,0.0,0.001526,0.265,0.0,0.0,0.0,0.0,0.0,56.484,0.0,0.0,1000.59,0.0,0.0,0.0,0.0,0.0,0.0,0.0,1308.93,813.25,0.0,0.0,0.00153,0.0,0.0,0.0,239.935,0.184,249.3,361.481,68.2,0.0,144.983,0.0,0.0,0,12.4074,0.0,1215.12,0.0,0.0,0.0,0.0,0.0,0.0,0.0,0.0416
2022-09-27 19:55:00,1.59915,2031.87,0.0,0,9.9,24.7211,0.0,0.0,0.0,0.0,0.0,10.6981,8.21546,29.7965,0.0,-0.19,0.0,0,1378.46,0.0,0.0,0.0,0.0,0.001526,0.58334,0.0,0.044,0.0,0.0,0.0,55.5765,0.0,0.0,993.396,0.0,0.0,0.0,0.0,0.0,0.0,0.0,1306.22,695.41998291,0.0,0.0,0.00153,0.0,0.0,0.0,239.007,0.17395,251.1,363.307,67.6,0.0,143.401,0.0,0.0,0,16.1868,0.0,1218.27,0.0,0.0,0.0,0.0,0.0,0.0,0.0005,0.04862
2022-09-27 20:00:00,2.2974,2032.11,0.0,0,19.04,26.9713,0.0,0.0,0.0,0.0,0.0,0.0,9.43496,29.8983,0.0,-0.05,0.0,0,1378.49,0.0,0.0,0.0,0.0,0.001526,0.285,0.0,0.0,0.0,0.0,0.0,55.5765,0.0,0.0,993.451,0.0,0.0,0.0,0.0,0.0,0.0,0.0,1291.18,715.289978027,0.0,0.0,0.00153,0.0,0.0,0.0,239.349,0.2041,251.6,362.897,67.6,0.0,139.16,0.0,0.0,0,25.1646,0.0,1216.98,0.0,0.0,0.0,0.0,0.0,0.0,0.0015,0.05032
2022-09-27 20:05:00,0.69581,2047.27,0.0,0,12.36,29.2425,0.0,0.0,0.0,0.0,0.0,0.0,7.70581,28.0973,0.0,-0.07,0.0,0,1379.85,0.0,0.0,0.0,0.0,0.001526,0.55499,0.0,0.0,0.0,0.0,0.0,55.1951,0.0,0.0,1000.99,0.0,0.0,0.0,0.0,0.0,0.0,0.0,1274.87,653.960021973,0.0,0.0,0.00153,0.0,0.0,0.0,239.695,0.184,253.0,379.185,68.2,0.0,141.468,0.0,0.0,0,18.7594,0.0,1232.51,0.0,0.0,0.0,0.0,0.0,0.0,0.0015,0.05048
2022-09-27 20:10:00,0.89601,2033.55,0.0,0,9.68,31.1012,0.0,0.0,0.0,0.0,0.0,0.0,0.27832,32.1994,0.0,0.0,0.0,0,1378.49,0.0,0.0,0.0,0.0,0.001526,0.34499,0.0,0.0,0.0,0.0,0.0,55.958,0.0,0.0,993.579,0.0,0.0,0.0,0.0,0.0,0.0,0.0,1244.48,683.200012207,0.0,0.0,0.00153,0.0,0.0,0.0,239.012,0.184,250.2,369.385,67.6,0.0,152.256,0.0,0.0,0,7.5642,0.0,1236.83,0.0,0.00093,0.0,0.0,0.0,0.0,0.0015,0.04849
2022-09-27 20:15:00,4.39704,2038.26,0.0,0,7.68,27.2141,0.0,0.0,0.0,0.0,0.0,0.0,0.0,29.0,0.0,-0.05,0.0,0,1378.98,0.0,0.0,0.0,0.0,0.001526,2.57496,0.0,0.0,0.0,0.0,0.0,55.8995,0.0,0.0,995.318,0.0,0.0,0.0,0.0,0.0,0.0,0.0,1201.92,708.559997559,0.0,0.0,0.00153,0.0,0.0,0.0,238.565,0.17395,244.8,367.792,67.7,0.0,150.916,0.0,0.0,0,2.83268,0.0,1219.79,0.0,0.00093,0.0,0.0,0.0,0.0,0.0035,0.04794
2022-09-27 20:20:00,4.49958,2033.38,0.0,0,3.58,14.9603,0.0,0.0,0.0,0.0,0.0,0.0,0.0,22.5969,0.0,-0.05,0.0,0,1379.64,0.0,0.0,0.0,0.0,0.001526,3.48995,0.0,0.0,0.0,0.0,0.0,55.6626,0.0,0.0,998.962,0.0,0.0,0.0,0.0,0.0,0.0,0.0,1173.09,687.510009766,0.0,0.0,0.00153,0.0,0.0,0.0,239.398,0.2041,251.2,372.137,68.0,0.0,157.31,0.0,0.0,0,0.0,0.0,1198.91,0.0,0.0,0.0,0.0,0.0,0.0,0.0005,0.04915
2022-09-27 20:25:00,4.29938,2044.59,0.0,0,2.31,5.98246,0.0,0.0,0.0,0.0,0.0,0.0,0.0,23.3978,0.0,-0.06,0.0,0,1380.27,0.0,0.0,0.0,0.0,0.001526,2.11497,0.0,0.0,0.0,0.0,0.0,55.8995,0.0,0.0,1006.38,0.0,0.0,0.0,0.0,0.0,0.0,0.0,1174.6,652.239990234,0.0,0.0,0.00153,0.0,0.0,0.0,240.135,0.184,259.1,382.449,68.0,0.0,151.949,0.0,0.0,0,0.0,0.0,1202.16,0.0,0.02699,0.0,0.0,0.0,0.0,0.0,0.04551
2022-09-27 20:30:00,5.09529,2036.46,0.0,0,2.28,11.3223,0.0,0.0,0.0,0.0,0.0,0.0,0.7776,15.5963,0.0,-0.04,0.0,0,1379.83,0.0,0.0,0.0,0.0,0.001526,1.61023,0.0,0.0,0.0,0.0,0.0,56.3948,0.0,0.0,1003.54,0.0,0.0,0.0,0.0,0.0,0.0,0.0,1163.18,700.200012207,0.0,0.0,0.00153,0.0,0.0,0.0,240.548,0.15386,257.6,375.88,68.3,0.0,154.52,0.0,0.0,0,0.0,0.0,1201.77,0.0,0.00093,0.0,0.0,0.0,0.0,0.0,0.05105
2022-09-27 20:35:00,6.59922,2035.46,0.0,0,1.88,27.9028,0.0,0.0,0.0,0.0,0.0,0.0,1.33791,21.6986,0.0,-0.03,0.0,0,1364.74,0.0,0.0,0.0,0.0,0.001526,0.0,0.0,0.0,0.0,0.0,0.0,55.0197,0.0,0.0,993.176,0.0,0.0,0.0,0.0,0.0,0.0,0.0,1130.88,803.41998291,0.0,0.0,0.00153,0.0,0.0,0.0,198.756,0.184,250.9,344.528,67.4,0.0,157.541,0.0,0.0,0,0.0,0.0,1202.62,0.0,0.00093,0.0,0.0,0.0,0.0,0.0005,0.0508
2022-09-27 20:40:00,4.09918,2045.12,0.0,0,0.31,43.8721,0.0,0.0,0.0,0.0,0.0,0.0,0.81788,22.0968,0.0,-0.08,0.0,0,1341.72,0.0,0.0,0.0,0.0,0.001526,0.0,0.0,0.0,0.0,0.0,0.0,55.8995,0.0,0.0,990.521,0.0,0.0,0.0,0.0,0.0,0.0,0.0,1097.04,833.109985352,0.0,0.0,0.00153,0.0,0.0,0.0,159.244,0.2041,247.7,341.688,67.4,0.0,159.189,0.0,0.0,0,0.0,0.0,1201.94,0.0,0.00093,0.0,0.0,0.0,0.0,0.0,0.0494
2022-09-27 20:45:00,2.19974,2079.84,0.0,0,0.03,41.6218,0.0,0.0,0.0,0.0,0.0,0.0,0.0,24.1987,0.0,-0.06,0.0,0,1331.86,0.0,0.0,0.0,0.0,0.001526,0.0,0.0,0.0,0.0,0.0,0.0,56.3948,0.0,0.0,1004.05,0.0,0.0,0.0,0.0,0.0,0.0,0.0,1082.9,740.479980469,0.0,0.0,0.00153,0.0,0.0,0.0,160.028,0.17395,257.9,360.561,68.1,0.0,160.397,0.0,0.0,0,0.0,0.0,1200.94,0.0,0.0,0.0,0.0,0.0,0.0,0.0,0.05526
2022-09-27 20:50:00,2.0972,2074.03,0.0,0,0.0,29.9521,0.0,0.0,0.0,0.0,0.0,0.0,0.0,16.2999,0.0,0.0,0.0,0,1323.53,0.0,0.0,0.0,0.0,0.001526,0.0,0.0,0.89186,0.0,0.0,0.0,55.7795,0.0,0.0,994.952,0.0,0.0,0.0,0.0,0.0,0.0,0.0,1050.19,787.590026855,0.0,0.0,0.00153,0.0,0.0,0.0,159.647,0.17395,252.5,346.527,67.5,0.0,161.122,0.0,0.0,0,0.62989,0.0,1201.92,0.0,0.00093,0.0,0.0,0.0,0.0,0.0,0.04902
2022-09-27 20:55:00,5.99863,2079.84,0.0,0,0.0,33.4017,0.0,0.0,0.0,0.0,0.0,0.0,0.0,53.0992,0.0,0.0,0.0,0,1321.07,0.0,0.0,0.0,0.0,0.001526,0.0,0.0,4.7259,0.0,0.0,0.0,56.5424,0.0,0.0,992.663,0.0,0.0,0.0,0.0,0.0,0.0,0.0,1016.4,776.570007324,0.0,0.0,0.00153,0.0,0.0,0.0,159.141,0.184,250.4,345.342,67.5,0.0,157.914,0.0,0.0,0,3.24651,0.0,1202.97,0.0,0.00093,0.0,0.0,0.0,0.0,0.0,0.04611
2022-09-27 21:00:00,5.19783,2077.45,0.0,0,0.34,38.281,0.0,0.0,0.0,0.0,0.0,0.0,0.0,23.3978,0.0,0.0,0.0,0,1308.03,0.0,0.0,0.0,0.0,0.001526,0.35499,0.0,9.64541,0.13602,0.0,0.0,56.3363,0.0,0.0,997.241,0.0,0.0,0.0,0.0,0.0,0.0,0.0,982.486,816.909973145,0.0,0.0,0.00153,0.0,0.0,0.0,159.242,0.2041,251.7,346.855,67.8,0.0,155.398,0.0,0.0,0,2.11307,0.0,1203.26,0.0,0.00093,0.0,0.0,0.0,0.0,0.0,0.05178
2022-09-27 21:05:00,0.79835,2062.56,0.0,0,1.73,50.4699,0.0,0.0,0.0,0.0,0.0,0.0,0.0,34.996,0.0,1.22,0.0,0,1288.06,0.0,0.0,0.0,0.0,0.001526,1.77497,0.0,5.62728,1.08898,0.0,0.0,55.6934,0.0,0.0,995.483,0.0,0.0,0.0,0.0,0.0,0.0,0.0,951.138,1077.2800293,0.0,0.0,0.00153,0.0,0.0,0.0,109.53,0.184,127.3,326.624,67.8,0.0,157.222,0.0,0.0,0,0.75807,0.0,1199.62,0.0,0.00093,0.0,0.0,0.0,0.0,0.0015,0.05019
2022-09-27 21:10:00,2.99565,2058.43,0.0,0,2.53,65.5098,0.0,0.0,0.0,0.0,0.0,1.42901,0.47547,40.7974,0.0,3.59,0.0,0,1279.73,0.0,0.0,0.0,0.0,0.001526,2.21997,0.0,2.62162,2.1792,0.0,0.0,56.161,0.0,0.0,1003.89,0.0,0.0,0.0,0.0,0.0,0.0,0.0,920.864,1013.0300293,0.0,0.0,0.00153,0.0,0.0,0.0,0.0,0.184,121.6,323.984,67.8,0.0,159.178,0.0,0.0,0,0.0,0.0,1199.13,0.0,0.00093,0.0,0.0,0.0,0.0,0.0045,0.046
2022-09-27 21:15:00,1.897,2070.05,0.0,0,3.07,69.5623,0.0,0.0,0.0,0.0,0.0,1.4992,3.26543,26.6989,0.0,3.66,0.0,0,1266.16,0.0,0.0,0.0,0.0,0.001526,2.64996,0.0,3.07866,2.35535,0.0,0.0,55.7795,0.0,0.0,1002.4,0.0,0.0,0.0,0.0,0.0,0.0,0.0,900.795,1015.65997314,0.0,0.0,0.00153,0.0,0.0,0.0,0.0,0.184,130.0,333.072,68.1,0.0,161.848,0.0,0.0,0,0.0,0.0,1199.72,0.0,0.00093,0.0,0.0,0.0,0.0,0.0,0.04446
2022-09-27 21:20:00,1.99954,2054.06,0.0,0,2.7,74.5212,0.0,0.0,0.0,0.0,0.0,1.2665,13.4145,15.7999,0.0,2.37,0.0,0,1251.46,0.0,0.0,0.0,0.0,0.001526,1.96997,0.0,3.13579,1.34051,0.0,0.0,55.3427,0.0,0.0,991.62,0.0,0.0,0.0,0.0,0.0,0.0,0.0,871.62,1120.31005859,0.0,0.0,0.00153,0.0,0.0,0.0,0.0,0.17395,123.9,326.128,67.7,0.0,161.43,0.0,0.0,0,0.0,0.0,1227.89,0.0,0.00093,0.0,0.0,0.0,0.0,0.0015,0.05243
2022-09-27 21:25:00,2.19661,2046.74,0.0,0,1.64,81.1086,0.0,0.0,0.0,0.0,0.0,4.08255,35.0744,29.5974,0.0,0.05,0.0,0,1248.41,0.0,0.0,0.0,0.0,0.001526,4.55493,0.0,3.19927,1.78723,0.0,0.0,55.8688,0.0,0.0,993.268,0.0,0.0,0.0,0.0,0.0,0.0,0.0,839.612,1100.86999512,0.0,0.0,0.00153,0.0,2.14694,0.0,0.0,0.184,129.2,331.53,67.8,0.0,159.266,0.0,0.0,0,0.0,0.0,1202.92,0.0,0.00093,0.0,0.0,0.0,0.0,0.0,0.05501
2022-09-27 21:30:00,2.79545,2068.1,0.0,0,1.27,71.2725,0.0,0.0,0.0,0.0,0.0,10.4799,30.3441,27.7964,0.0,0.3,0.0,0,1251.97,0.0,0.0,0.0,0.0,0.001526,11.3898,0.0,7.4237,1.46667,0.0,0.0,55.7519,0.0,0.0,998.962,0.0,0.0,0.0,0.0,0.0,0.0,0.0,811.756,1010.60998535,0.0,0.0,0.00153,0.0,3.43786,0.0,0.0,0.184,129.6,330.62,68.1,0.0,156.266,0.0,0.0,0,0.0,0.0,1201.72,0.0,0.00093,0.0,0.0,0.0,0.0,0.0055,0.04899
2022-09-27 21:35:00,4.09918,2046.76,0.0,0,1.17,31.051,0.0,0.0,0.0,0.0,0.0,5.21859,19.1244,47.5988,0.0,0.58,0.0,0,1256.07,0.0,0.0,0.0,0.0,0.001526,9.94485,0.0,18.1355,0.77079,0.0,0.0,55.2535,0.0,0.0,1005.99,0.0,0.0,0.0,0.0,0.0,0.0,0.0,791.76,938.010009766,0.0,0.0,0.00153,0.0,2.95262,0.0,0.0,0.1639,133.3,428.985,68.1,0.0,161.331,0.0,0.0,0,0.0,0.0,1204.31,0.0,0.00093,0.0,0.0,0.0,1.06264,0.0,0.05104
2022-09-27 21:40:00,2.2974,2027.03,0.0,0,0.06,8.12174,0.0,0.0,0.0,0.0,0.0,0.84611,13.3834,74.1981,0.0,0.48,0.0,0,1247.68,0.0,0.0,0.0,0.0,0.001526,6.7049,0.0,35.9854,0.87315,0.0,0.0,56.1025,0.0,0.0,997.699,0.0,0.0,0.0,0.0,0.0,0.0,0.0,762.536,1114.0,0.0,0.0,0.00153,0.0,2.81529,0.0,0.0,0.17395,-1.4,430.636,67.8,0.0,156.695,0.0,0.0,0,0.0,0.0,1200.74,0.0,0.00093,0.0,0.0,0.0,3.60235,0.0,0.04881
2022-09-27 21:45:00,1.09621,2034.48,0.0,0,0.0,4.65326,0.0,0.0,0.0,0.0,0.0,1.21996,2.82414,78.6985,0.0,0.83,0.0,0,1249.19,0.0,0.0,0.0,0.0,0.001526,10.6148,0.0,42.6696,3.35036,0.0,0.0,55.3704,0.0,0.0,999.915,0.0,0.0,0.0,0.0,0.0,0.0,0.0,757.336,1062.35998535,0.0,0.0,0.00153,0.0,1.78073,0.0,0.0,0.2041,0.0,440.374,67.8,0.0,157.98,0.0,0.0,0,0.0,0.0,1211.66,0.0,0.00093,0.0,0.0,0.0,6.96117,0.0,0.05155
2022-09-27 21:50:00,0.29541,2038.19,0.0,0,0.0,5.91234,0.0,0.0,0.0,0.0,0.0,1.07271,0.0,34.1995,0.0,1.41,0.0,0,1264.08,0.0,0.0,0.0,0.0,0.001526,4.08494,0.0,32.5386,6.48536,0.0,0.0,55.7519,0.0,0.0,1004.68,0.0,0.0,0.0,0.0,0.0,0.0,0.0,751.183,1017.32000732,0.0,0.0,0.00153,0.0,2.43992,0.0,0.0,0.184,0.0,442.557,68.1,0.0,161.606,0.0,0.0,0,0.0,0.0,1202.62,0.0,0.00093,0.0,0.0,0.0,9.08278,0.0,0.05295
2022-09-27 21:55:00,1.39895,2002.79,0.0,0,0.0,8.73192,0.0,0.0,0.0,0.0,0.0,4.30686,0.0,38.5981,0.0,2.28,0.0,0,1246.26,0.0,0.0,0.0,0.0,0.001526,4.51493,0.0,29.6377,14.8811,0.0,0.0,56.2194,0.0,0.0,990.667,0.0,0.0,0.0,0.0,0.0,0.0,0.0,720.763,1034.05004883,0.0,0.0,0.00153,0.0,2.00046,0.0,0.0,0.19405,0.0,435.521,67.5,0.0,161.386,0.0,0.0,0,2.2211,0.0,1199.67,0.0,0.02141,0.0,0.0,0.0,14.504,0.0,0.0475
2022-09-27 22:00:00,5.69589,2019.05,0.0,0,0.0,12.034,0.0,0.0,0.0,0.0,0.0,6.65751,0.0,21.9995,0.0,2.32,0.0,0,1250.12,0.0,0.0,0.0,0.0,0.001526,2.89496,0.0,27.6572,15.4317,0.0,0.0,56.2779,0.0,0.0,1008.43,0.0,0.0,0.0,0.0,0.0,0.0,0.0,723.107,1135.76000977,0.0,0.0,0.00153,0.0,2.33921,0.0,0.0,0.2041,0.0,370.158,67.8,0.0,162.573,0.0,0.0,0,6.05539,0.0,1204.36,0.0,0.02885,0.0,0.0,0.0,16.816,0.0015,0.04918
2022-09-27 22:05:00,6.99649,1996.64,0.0,0,0.0,20.0301,0.0,0.0,0.0,0.0,0.0,10.8995,0.08789,9.1976,0.0,3.38,0.0,0,1273.48,0.0,0.0,0.0,0.0,0.001526,2.39496,0.0,15.9329,13.1283,0.0,0.0,56.5424,0.0,0.0,993.579,0.0,0.0,0.0,0.0,0.0,0.0,0.0,687.608,1183.01000977,0.0,0.0,0.00153,0.0,3.10826,0.0,0.0,0.184,0.0,392.25,67.8,0.0,158.98,0.0,0.0,0,8.86427,0.0,1215.56,0.0,0.02699,0.0,0.60206,0.0,17.3178,0.0015,0.0537
2022-09-27 22:10:00,7.39513,1990.46,0.0,0,0.0,26.5903,0.0,0.0,0.0,0.0,0.0,19.7986,0.12879,3.99809,0.0,6.13,0.0,0,1306.54,0.0,0.0,0.0,0.0,0.001526,0.88999,0.0,9.97867,10.8701,0.0,0.0,57.0408,0.0,0.0,986.035,0.0,0.0,0.0,0.0,0.0,0.0,0.0,676.963,1228.18994141,0.0,0.0,0.00153,0.0,3.17235,0.0,0.0,0.1639,0.0,391.958,67.5,0.0,160.364,0.0,0.0,0,13.2332,0.0,1219.28,0.0,0.00093,0.0,3.85406,0.0,16.6561,0.0025,0.05264
2022-09-27 22:15:00,5.79438,1972.86,0.0,0,0.0,29.2529,0.0,0.0,0.0,0.0,0.0,28.2795,0.0,1.4979,0.0,8.05,0.0,0,1295.84,0.0,0.0,0.0,0.0,0.001526,0.93999,0.0,7.87756,9.30297,0.0,0.0,56.2194,0.0,0.0,994.971,0.0,0.0,0.0,0.0,0.0,0.0,0.0,650.694,1146.70996094,0.0,0.0,0.00153,0.0,4.14282,0.0,0.0,0.2041,0.0,391.645,67.8,0.0,156.937,0.0,0.0,0,15.632,0.0,1217.96,0.0,0.00093,0.0,6.38535,0.0,14.1683,0.0005,0.05117
2022-09-27 22:20:00,2.0972,1921.44,0.0,0,0.0,36.5834,0.0,0.0,3.9317,0.0,0.0,28.1285,0.0,1.09964,0.0,7.52,0.0,0,1304.71,0.0,0.0,0.0,0.0,0.001526,1.18998,0.0,9.3312,8.38334,0.0,0.0,55.4596,0.0,0.0,984.368,0.0,0.0,0.0,0.0,0.0,0.0,0.0,640.293,1160.59997559,0.0,0.0,0.00153,0.0,7.64935,0.0,0.0,0.184,0.0,382.583,67.2,0.0,156.442,0.0,0.0,0,14.4747,0.0,1219.89,0.0,0.00093,0.0,8.04651,0.0,10.7613,0.0,0.05341
2022-09-27 22:25:00,0.0,1933.72,0.0,0,0.0,35.4635,0.0,0.0,8.25599,0.0,0.0,35.9976,0.0,3.09979,0.0,6.64,0.0,0,1341.94,0.0,0.0,0.0,0.0,0.001526,1.13498,0.0,8.30921,5.60858,0.0,0.0,56.0441,0.0,0.0,995.135,0.0,0.0,0.0,0.0,0.0,0.0,0.0,643.833,1130.31994629,0.0,0.0,0.00153,0.0,13.5912,0.0,0.0,0.1639,0.0,399.942,67.5,0.0,157.178,0.0,0.0,0,13.995,0.0,1219.98,0.0,0.00093,0.0,7.66857,0.0,9.45266,0.0005,0.05152
2022-09-27 22:30:00,0.0,1908.01,0.0,0,0.0,40.1712,0.0,0.0,9.30678,0.0,0.0,39.0707,0.0,2.69711,0.0,5.25,0.0,0,1313.18,0.0,0.0,0.0,0.0,0.001526,0.0,0.0,4.97664,3.89706,0.0,0.0,55.2843,0.0,0.0,989.294,0.0,0.0,0.0,0.0,0.0,0.0,0.0,603.696,1221.60998535,0.0,0.0,0.00153,0.0,15.2667,0.0,0.0,0.184,0.0,391.464,67.2,0.0,156.332,0.0,0.0,0,11.1714,0.0,1224.84,0.0,0.00093,0.0,9.96255,0.0,7.61059,0.0,0.05447
2022-09-27 22:35:00,0.79835,1907.28,0.0,0,0.0,42.0216,0.0,0.0,16.6467,0.0,0.0,30.4738,0.0,29.1991,0.0,1.74,0.0,0,1323.34,0.0,0.0,0.0,0.0,0.001526,0.0,0.0,0.53004,2.65608,0.0,0.0,56.3363,0.0,0.0,978.253,0.0,0.0,0.0,0.0,0.0,0.0,0.0,615.952,1186.14001465,0.0,0.0,0.00153,0.0,12.7306,0.0,0.0,0.184,0.0,355.584,66.9,0.0,161.771,0.0,0.0,0,8.03296,0.0,1221.64,0.0,0.0,0.0,13.1267,0.0,5.30037,0.0,0.05248
2022-09-27 22:40:00,9.19692,1931.67,0.0,0,0.0,36.663,0.0,0.0,23.0687,0.0,0.0,31.1788,0.0,48.6962,0.0,0.88,0.0,0,1297.77,0.0,0.0,0.0,0.0,0.001526,0.50499,0.0,0.80934,0.90172,0.0,0.0,55.5181,0.0,0.0,991.949,0.0,0.0,0.0,0.0,0.0,0.0,0.0,581.186,1159.81994629,0.0,0.0,0.00153,0.0,10.1671,0.0,0.0,0.1639,0.0,369.028,67.6,0.0,161.386,0.0,0.0,0,1.33669,0.0,1224.4,0.0,0.0,0.0,10.0241,0.0,3.1397,0.0005,0.04727
2022-09-27 22:45:00,11.3991,1959.67,0.0,0,0.11,34.733,0.0,0.0,37.0904,0.0,0.0,22.3682,0.0,34.6996,0.0,0.94,0.0,0,1263.72,0.0,0.0,0.0,0.0,0.001526,0.92499,0.0,0.45386,0.39548,0.0,0.0,56.161,0.0,0.0,998.596,0.0,0.0,0.0,0.0,0.0,0.0,0.0,561.727,1099.83996582,0.0,0.0,0.00153,0.0,10.1305,0.0,0.0,0.184,0.0,375.487,67.6,0.0,162.683,0.0,0.0,0,0.0,0.0,1222.16,0.0,0.02699,0.0,8.96938,0.0,0.94362,0.0,0.05377
2022-09-27 22:50:00,15.3982,1950.54,0.0,0,0.29,43.9914,0.0,0.0,48.4304,0.0,0.0,19.1241,0.0,24.2961,0.0,0.08,0.0,0,1246.77,0.0,0.0,0.0,0.0,0.001526,1.61498,0.0,0.0,1.01677,0.0,0.0,55.958,0.0,0.0,990.356,0.0,0.0,0.0,0.0,0.0,0.0,0.0,554.379,1095.41003418,0.0,0.0,0.00153,0.0,8.63813,0.0,0.0,0.184,0.0,362.554,67.5,0.0,156.321,0.0,0.0,0,0.0,0.0,1221.01,0.0,0.00093,0.0,12.7663,0.0,0.64881,0.0,0.05122
2022-09-27 22:55:00,12.0974,1964.41,0.0,0,0.0,53.1493,0.0,0.0,62.4541,0.0,0.0,14.8455,0.0,26.398,0.0,0.0,0.0,0,1246.75,0.0,0.0,0.0,0.0,0.001526,1.33998,0.0,1.76468,1.40319,0.0,0.0,55.5457,0.0,0.0,1000.52,0.0,0.0,0.0,0.0,0.0,0.0,0.0,558.187,1080.58996582,0.0,0.0,0.00153,0.0,9.15084,0.0,0.0,0.184,0.0,367.991,67.8,0.0,157.486,0.0,0.0,0,0.0,0.0,1209.19,0.0,0.0121,0.0,13.9616,0.0,2.05509,0.0,0.05804
2022-09-27 23:00:00,11.0964,1951.15,0.0,0,0.0,61.8508,0.0,0.0,69.9893,0.0,0.0,11.2078,0.41932,22.796,0.0,0.07,0.0,0,1248.99,0.0,0.0,0.0,0.0,0.001526,1.98997,0.0,5.32894,1.77929,0.0,0.0,56.9516,0.0,0.0,994.733,0.0,0.0,0.0,0.0,0.0,0.0,0.0,561.508,1016.57000732,0.0,0.0,0.00153,0.0,10.2312,0.0,0.0,0.184,0.0,375.34,68.1,0.0,158.661,0.0,0.0,0,0.83314,0.0,1201.31,0.0,0.02699,0.0,14.4802,0.0,2.43839,0.0045,0.0539
2022-09-27 23:05:00,10.2956,1931.72,0.0,0,0.0,70.0207,0.0,0.0,71.63,0.0,0.0,6.02121,2.38773,24.1987,0.0,0.24,0.0,0,1265.18,0.0,0.0,0.0,0.0,0.001526,1.86497,0.0,7.22374,1.87689,0.0,0.0,55.7795,0.0,0.0,997.699,0.0,0.0,0.0,0.0,0.0,0.0,0.0,558.993,1184.66003418,0.0,0.0,0.00153,0.0,12.1904,0.0,0.0,0.184,0.0,349.058,67.8,0.0,159.343,0.0,0.0,0,0.9485,0.0,1215.25,0.0,0.00093,0.0,12.7399,0.0,1.60586,0.0,0.0485
2022-09-27 23:10:00,10.3981,1904.81,0.0,0,0.0,75.9718,0.0,0.0,72.6105,0.0,0.0,4.06424,2.3566,16.6982,0.0,1.22,0.0,0,1247.33,0.0,0.0,0.0,0.0,0.001526,1.85497,0.0,4.45612,2.79652,0.0,0.0,56.0164,0.0,0.0,995.026,0.0,0.0,0.0,0.0,0.0,0.0,0.0,557.406,1072.36999512,0.0,0.0,0.00153,0.0,15.697,0.0,0.0,0.184,0.0,340.139,67.2,0.0,163.759,0.0,0.0,0,0.0,0.0,1228.04,0.0,0.00093,0.0,9.11879,0.0,0.70253,0.0,0.05587
2022-09-27 23:15:00,11.3991,1870.22,0.0,0,0.0,78.8102,0.0,0.0,74.0519,0.0,0.0,5.69467,1.93668,14.9989,0.0,1.77,0.0,0,1241.94,0.0,0.0,0.0,0.0,0.001526,2.81996,0.0,0.97438,3.46304,0.0,0.0,55.5765,0.0,0.0,991.198,0.0,0.0,0.0,0.0,0.0,0.0,0.0,549.276,1113.59997559,0.0,0.0,0.00153,0.0,17.3358,0.0,0.0,0.2041,0.0,344.299,67.2,0.0,165.012,0.0,0.0,0,0.0,0.0,1221.52,0.0,0.00093,0.0,8.20471,0.0,0.37232,0.0035,0.0521
2022-09-27 23:20:00,14.2995,1868.95,0.0,0,0.0,74.4123,0.0,0.0,67.5635,0.0,0.0,9.74289,3.78363,8.69757,0.0,0.61,0.0,0,1249.87,0.0,0.0,0.0,0.0,0.001526,5.30492,0.0,0.65064,2.99806,0.0,0.0,55.8103,0.0,0.0,998.413,0.0,0.0,0.0,0.0,0.0,0.0,0.0,566.171,1106.34997559,0.0,0.0,0.00153,0.0,13.4722,0.0,0.0,0.184,0.0,356.434,67.8,0.0,165.858,0.0,0.0,0,0.0,0.0,1208.63,0.0,0.0,0.0,4.87361,0.0,0.30335,0.0035,0.05637
2022-09-27 23:25:00,11.2966,1879.57,0.0,0,0.0,66.5208,0.0,0.0,67.2393,0.0,0.0,10.9651,4.57466,4.299,0.0,1.64,0.0,0,1256.37,0.0,0.0,0.0,0.0,0.001526,5.46492,0.0,0.43482,2.4228,0.0,0.0,56.161,0.0,0.0,998.633,0.0,0.0,0.0,0.0,0.0,0.0,0.0,548.568,1112.69995117,0.0,0.0,0.00153,0.0,11.8883,0.0,0.0,0.184,0.0,362.076,67.8,0.0,164.77,0.0,0.0,0,0.0,0.0,1218.42,0.0,0.00093,0.0,4.45173,0.0,0.63722,0.0,0.05435
2022-09-27 23:30:00,8.49866,1870.0,0.0,0,0.0,74.6803,0.0,0.0,64.419,0.0,0.0,10.5959,6.0853,5.49821,0.0,2.12,0.0,0,1249.16,0.0,0.0,0.0,0.0,0.001526,6.16991,0.0,3.50079,1.59759,0.0,0.0,56.0441,0.0,0.0,1000.34,0.0,0.0,0.0,0.0,0.0,0.0,0.0,522.176,1106.63000488,0.0,0.0,0.00153,0.0,10.5516,0.0,0.0,0.21414,0.0,351.426,68.1,0.0,168.363,0.0,0.0,0,0.96681,0.0,1219.69,0.0,0.00093,0.0,4.97908,0.0,0.18677,0.0,0.05626
2022-09-27 23:35:00,7.29747,1825.56,0.0,0,0.0,80.8699,0.0,0.0,41.1569,0.0,0.0,13.1289,7.34325,6.79919,0.0,1.88,0.0,0,1278.58,0.0,0.0,0.0,0.0,0.001526,7.22489,0.0,6.77305,1.68249,0.0,0.0,55.6042,0.0,0.0,992.224,0.0,0.0,0.0,0.0,0.0,0.0,0.0,530.965,1137.05004883,0.0,0.0,0.00153,0.0,11.2016,0.0,0.0,0.184,0.0,339.772,67.4,0.0,164.473,0.0,0.0,0,1.02174,0.0,1219.96,0.0,0.0,0.0,4.41657,0.0,0.15198,3.86144,0.04933
2022-09-27 23:40:00,7.39513,1820.76,0.0,0,0.0,75.0005,0.0,0.0,45.2194,0.0,0.0,18.1231,7.43359,12.1978,0.0,1.44,0.0,0,1265.03,0.0,0.0,0.0,0.0,0.001526,7.09489,0.0,10.9245,3.36544,0.0,0.0,56.2502,0.0,0.0,997.241,0.0,0.0,0.0,0.0,0.0,0.0,0.0,514.681,1182.16003418,0.0,0.0,0.00153,0.0,12.3919,0.0,0.0,0.184,0.0,352.191,68.0,0.0,160.397,0.0,0.0,0,0.87526,0.0,1220.86,0.0,0.0121,0.0,6.14804,0.0,0.07324,0.0655,0.0518
2022-09-27 23:45:00,6.39902,1806.99,0.0,0,0.0,72.8529,0.0,0.0,45.4187,0.0,0.0,13.4279,8.38453,5.09995,0.0,0.96,0.0,0,1286.18,0.0,0.0,0.0,0.0,0.001526,7.21489,0.0,4.91951,4.94762,0.0,0.0,56.0164,0.0,0.0,990.301,0.0,0.0,0.0,0.0,0.0,0.0,0.0,472.517,1227.70996094,0.0,0.0,0.00153,0.0,14.7448,0.0,0.0,0.184,0.0,353.175,67.4,0.0,159.233,0.0,0.0,0,0.2948,0.0,1220.13,0.0,0.00093,0.0,4.70661,0.0,0.99428,0.0025,0.05322
2022-09-27 23:50:00,3.89899,1800.52,0.0,0,0.0,74.8121,0.0,0.0,34.9302,0.0,0.0,8.89601,11.4839,0.0,0.0,1.52,0.0,0,1268.23,0.0,0.0,0.0,0.0,0.001526,5.92491,0.0,4.77668,4.94603,0.0,0.0,55.9272,0.0,0.0,998.12,0.0,0.0,0.0,0.0,0.0,0.0,0.0,448.615,1216.98999023,0.0,0.0,0.00153,0.0,17.821,0.0,0.0,0.19405,0.0,344.543,67.9,0.0,156.398,0.0,0.0,0,0.0,0.0,1219.28,0.0,0.00093,0.0,3.9068,0.0,1.83291,0.0,0.05648
2022-09-27 23:55:00,3.39605,1806.69,0.0,0,0.0,70.7534,0.0,0.0,27.0668,0.0,0.0,9.71389,12.3238,0.0,0.0,2.07,0.0,0,1249.34,0.0,0.0,0.0,0.0,0.001526,5.40992,0.0,4.04352,5.57049,0.0,0.0,55.1366,0.0,0.0,1003.3,0.0,0.0,0.0,0.0,0.0,0.0,0.0,437.946,1187.42004395,0.0,0.0,0.00153,0.0,15.7794,0.0,0.0,0.19405,0.0,348.507,67.9,0.0,153.97,0.0,0.0,0,0.0,0.0,1222.06,0.0,0.00093,0.0,2.56205,0.0,2.44694,0.0,0.04876
2022-09-28 00:00:00,3.99664,1794.97,0.0,0,0.0,72.4614,0.0,0.0,21.0355,0.0,0.0,9.35378,13.9132,0.0,0.0,1.54,0.0,0,1248.36,0.0,0.0,0.0,0.0,0.001526,4.89493,0.0,4.84651,5.49987,0.0,0.0,55.8995,0.0,0.0,998.358,0.0,0.0,0.0,0.0,0.0,0.0,0.0,436.847,1244.30004883,0.0,0.0,0.00153,0.0,17.8943,0.0,0.0,0.184,0.0,348.176,67.9,0.0,153.157,0.0,0.0,0,0.33875,0.0,1221.99,0.0,0.00093,0.0,1.26125,0.0,2.97612,0.0,0.05592
2022-09-28 00:05:00,1.99954,1836.43,0.0,0,0.0,67.6114,0.0,0.0,20.3167,0.0,0.0,5.52834,7.25414,0.0,0.0,2.29,0.0,0,1281.9,0.0,0.0,0.0,0.0,0.001526,5.24492,0.0,4.5196,6.16083,0.0,0.0,56.3948,0.0,0.0,997.296,0.0,0.0,0.0,0.0,0.0,0.0,0.0,457.453,1081.60998535,0.0,0.0,0.00153,0.0,25.6947,0.0,0.0,0.1639,0.0,354.862,67.9,0.0,150.916,0.0,0.0,0,4.18769,0.0,1223.47,0.0,0.00093,0.0,1.48977,0.0,2.54398,3.76744,0.05306
2022-09-28 00:10:00,3.69879,1864.58,0.0,0,0.0,56.421,0.0,0.0,14.1565,0.0,0.0,5.26131,6.02487,0.0,0.0,2.09,0.0,0,1321.11,0.0,0.0,0.0,0.0,0.001526,5.08992,0.0,3.3167,7.15822,0.0,0.0,56.2779,0.0,0.0,1000.89,0.0,0.0,0.0,0.0,0.0,0.0,0.0,473.542,1025.4699707,0.0,0.0,0.00153,0.0,31.2612,0.0,0.0,0.21414,0.0,351.256,68.3,0.0,142.478,0.0,0.0,0,5.46212,0.0,1227.82,0.0,0.00093,0.0,1.33156,0.0,3.11406,3.74644,0.05026
2022-09-28 00:15:00,0.49561,1876.81,0.0,0,2.63,47.6294,0.0,0.0,6.2247,0.0,0.0,4.27405,3.95392,0.0,0.0,2.0,0.0,0,1355.68,0.0,0.0,0.0,0.0,0.001526,5.90491,0.0,3.29766,5.66571,0.0,0.0,55.8103,0.0,0.0,990.558,0.0,0.0,0.0,0.0,0.0,0.0,0.0,456.428,1001.32000732,0.0,0.0,0.00153,0.0,34.6303,0.0,0.0,0.17395,0.0,351.742,67.7,0.0,135.678,0.0,0.0,0,3.17876,0.0,1230.14,0.0,0.0,0.0,1.51614,0.0,3.17632,3.03045,0.05058
2022-09-28 00:20:00,0.0,1871.27,0.0,0,4.67,52.2722,0.0,0.0,0.0,0.0,0.0,1.95239,2.43473,0.2987,0.0,1.78,0.0,0,1341.7,0.0,0.0,0.0,0.0,0.001526,6.10491,0.0,10.8769,3.69473,0.0,0.0,55.7211,0.0,0.0,1001.45,0.0,0.0,0.0,0.0,0.0,0.0,0.0,444.489,997.08001709,0.0,0.0,0.00153,0.0,37.5143,0.0,0.0,0.184,0.0,355.925,68.0,0.0,140.017,0.0,0.0,0,1.94095,0.0,1231.24,0.0,0.0,0.0,0.93605,0.0,4.18097,0.0415,0.052
2022-09-28 00:25:00,0.0,1849.03,0.0,0,6.17,47.3908,0.0,0.0,0.0,0.0,0.0,2.68864,3.4052,6.19738,0.0,2.19,0.0,0,1365.5,0.0,0.0,0.0,0.0,0.001526,7.50489,0.0,9.57241,3.97641,0.0,0.0,56.0441,0.0,0.0,997.974,0.0,0.0,0.0,0.0,0.0,0.0,0.0,437.458,969.190002441,0.0,0.0,0.00153,0.0,40.2609,0.0,0.0,0.184,0.0,345.341,67.7,0.0,134.865,0.0,0.0,0,2.45731,0.0,1226.11,0.0,0.02885,0.0,0.0,0.0,3.91608,0.0,0.04879
2022-09-28 00:30:00,0.0,1843.24,0.0,0,7.11,50.9911,0.0,0.0,0.0,0.0,0.0,4.2153,2.69535,9.49851,0.0,2.33,0.0,0,1344.97,0.0,0.0,0.0,0.0,0.001526,7.26989,0.0,4.37678,4.46201,0.0,0.0,56.6009,0.0,0.0,999.53,0.0,0.0,0.0,0.0,0.0,0.0,0.0,442.145,983.260009766,0.0,0.0,0.00153,0.0,40.032,0.0,0.0,0.184,0.0,351.28,68.1,0.0,136.249,0.0,0.0,0,3.88006,0.0,1229.26,0.0,0.0,0.0,0.8921,0.0,4.8188,0.0,0.05679
2022-09-28 00:35:00,0.0,1830.18,0.0,0,9.59,50.763,0.0,0.0,0.0,0.0,0.0,5.85412,0.91554,6.79919,0.0,2.28,0.0,0,1341.01,0.0,0.0,0.0,0.0,0.001526,11.9698,0.0,5.90976,4.51438,0.0,0.0,55.5181,0.0,0.0,998.761,0.0,0.0,0.0,0.0,0.0,0.0,0.0,443.195,942.979980469,0.0,0.0,0.00153,0.0,41.149,0.0,0.0,0.184,0.0,347.507,67.7,0.0,134.03,0.0,0.0,0,7.4287,0.0,1234.75,0.0,0.0,0.0,0.0,0.0,3.37285,0.0015,0.05555
2022-09-28 00:40:00,0.0,1828.1,0.0,0,9.46,52.9211,0.0,0.0,0.0,0.0,0.0,5.66491,0.0,8.29931,0.0,2.22,0.0,0,1360.79,0.0,0.0,0.0,0.0,0.001526,14.4798,0.0,4.35138,4.53422,0.0,0.0,55.5181,0.0,0.0,999.64,0.0,0.0,0.0,0.0,0.0,0.0,0.0,439.118,976.609985352,0.0,0.0,0.00153,0.0,47.4113,0.0,0.0,0.19405,0.0,346.277,67.8,0.0,133.305,0.0,0.0,0,12.3433,0.0,1230.6,0.0,0.00093,0.0,0.0,0.0,3.70733,0.0025,0.05295
2022-09-28 00:45:00,0.0,1811.99,0.0,0,6.46,54.3215,0.0,0.0,0.0,0.0,0.0,6.09369,0.0,10.1977,0.0,2.2,0.0,0,1340.35,0.0,0.0,0.0,0.0,0.001526,20.2547,0.0,2.21219,3.58761,0.0,0.0,55.8688,0.0,0.0,1003.52,0.0,0.0,0.0,0.0,0.0,0.0,0.0,442.585,974.469970703,0.0,0.0,0.00153,0.0,51.7784,0.0,0.0,0.17395,0.0,345.481,67.7,0.0,140.039,0.0,0.0,0,10.8125,0.0,1233.12,0.0,0.0,0.0,0.0,0.0,3.50713,0.0015,0.04718
2022-09-28 00:50:00,0.0,1812.89,0.0,0,3.95,49.4338,0.0,0.0,0.0,0.0,0.0,5.37041,0.0,9.49851,0.0,3.91,0.0,0,1316.87,0.0,0.0,0.0,0.0,0.001526,28.2546,0.0,2.31058,4.26523,0.0,0.0,54.9889,0.0,0.0,1000.57,0.0,0.0,0.0,0.0,0.0,0.0,0.0,441.682,939.41998291,0.0,0.0,0.00153,0.0,51.1284,0.0,0.0,0.2041,0.0,351.283,68.0,0.0,143.621,0.0,0.0,0,5.51339,0.0,1227.85,0.0,0.0,0.0,0.6548,0.0,2.87297,0.0,0.05524
2022-09-28 00:55:00,0.0,1810.57,0.0,0,2.32,46.0427,0.0,0.0,0.0,0.0,0.0,9.20424,0.1886,5.09995,0.0,4.36,0.0,0,1289.94,0.0,0.0,0.0,0.0,0.001526,20.4047,0.0,10.442,3.56301,0.0,0.0,56.0164,0.0,0.0,992.315,0.0,0.0,0.0,0.0,0.0,0.0,0.0,441.291,950.91998291,0.0,0.0,0.00153,0.0,52.2728,0.0,0.0,0.19405,0.0,348.079,67.9,0.0,144.324,0.0,0.0,0,3.07805,0.0,1229.07,0.0,0.0,0.0,0.62843,0.0,2.41581,0.0025,0.04887
2022-09-28 01:00:00,0.0,1816.8,0.0,0,1.9,36.3448,0.0,0.0,0.0,0.0,0.0,9.42474,0.0,3.89631,0.0,2.76,0.0,0,1272.6,0.0,0.0,0.0,0.0,0.001526,15.2198,0.0,7.96326,3.10677,0.0,0.0,55.8103,0.0,0.0,998.505,0.0,0.0,0.0,0.0,0.0,0.0,0.0,442.902,1027.11999512,0.0,0.0,0.00153,0.0,56.4294,0.0,0.0,0.184,0.0,348.893,67.9,0.0,146.961,0.0,0.0,0,2.63859,0.0,1234.85,0.0,0.0,0.0,0.64601,0.0,2.851,0.0025,0.04826
2022-09-28 01:05:00,0.0,1810.55,0.0,0,2.5,30.2702,0.0,0.0,0.0,0.0,0.0,8.81819,0.0,4.19722,0.0,3.42,0.0,0,1298.53,0.0,0.0,0.0,0.0,0.001526,17.2847,0.0,6.48423,3.60745,0.0,0.0,55.635,0.0,0.0,970.983,0.0,0.0,0.0,0.0,0.0,0.0,0.0,439.85,934.109985352,0.0,0.0,0.00153,0.0,59.3866,0.0,0.0,0.21414,0.0,334.724,67.3,0.0,146.873,0.0,0.0,0,2.25406,0.0,1232.44,0.0,0.0,0.0,0.75148,0.0,4.94148,0.0,0.05481
2022-09-28 01:10:00,0.0,1779.71,0.0,0,2.94,24.3234,0.0,0.0,0.0,0.0,0.0,10.2663,4.12665,3.79896,0.0,4.04,0.0,0,1334.15,0.0,0.0,0.0,0.0,0.001526,24.2346,0.0,14.0984,4.25333,0.0,0.0,56.6593,0.0,0.0,954.851,0.0,0.0,0.0,0.0,0.0,0.0,0.0,439.899,844.270019531,0.0,0.0,0.00153,0.0,60.3937,0.0,0.0,0.2041,0.0,329.956,66.7,0.0,149.147,0.0,0.0,0,0.63355,0.0,1230.75,0.0,0.00093,0.0,0.7339,0.0,6.21286,0.0,0.04913
2022-09-28 01:15:00,1.6968,1806.25,0.0,0,3.53,22.833,0.0,0.0,0.0,0.0,0.0,15.285,10.6538,0.79873,0.0,4.94,0.0,0,1304.29,0.0,0.0,0.0,0.0,0.001526,26.9946,0.0,20.535,4.70402,0.0,0.0,56.2779,0.0,0.0,961.553,0.0,0.0,0.0,0.0,0.0,0.0,0.0,440.143,834.820007324,0.0,0.0,0.00153,0.0,67.1687,0.0,0.0,0.17395,0.0,341.741,67.9,0.0,149.169,0.0,0.0,0,0.0,0.0,1228.33,0.0,0.00093,0.0,0.61085,0.0,6.70481,0.0,0.04814
2022-09-28 01:20:00,0.39796,1803.74,0.0,0,2.97,22.1694,0.0,0.0,0.0,0.0,0.0,14.1161,9.24269,0.0,0.0,3.95,0.0,0,1266.5,0.0,0.0,0.0,0.0,0.001526,28.2546,0.0,21.2078,8.25718,0.0,0.0,55.0474,0.0,0.0,962.578,0.0,0.0,0.0,0.0,0.0,0.0,0.0,436.384,780.070007324,0.0,0.0,0.00153,0.0,74.4198,0.0,0.0,0.184,0.0,337.19,67.9,0.0,144.478,0.0,0.0,0,0.0,0.0,1233.09,0.0,0.0,0.0,0.0,0.0,7.40185,0.0,0.05377
2022-09-28 01:25:00,0.0,1802.96,0.0,0,4.2,30.4733,0.0,0.0,0.0,0.0,0.0,12.2408,15.0436,0.2987,0.0,3.81,0.0,0,1248.51,0.0,0.0,0.0,0.0,0.001526,31.3845,0.0,30.2344,8.58012,0.0,0.0,56.161,0.0,0.0,967.467,0.0,0.0,0.0,0.0,0.0,0.0,0.0,440.534,787.270019531,0.0,0.0,0.00153,0.0,84.3626,0.0,0.0,0.21414,0.0,338.08,67.3,0.0,139.457,0.0,0.0,0,0.40833,0.0,1232.95,0.0,0.01582,0.0,0.0,0.0,6.97215,0.0035,0.05328
2022-09-28 01:30:00,0.59815,1782.35,0.0,0,5.22,35.2333,0.0,0.0,0.0,0.0,0.0,13.3166,13.0843,0.39605,0.0,3.8,0.0,0,1245.26,0.0,0.0,0.0,0.0,0.001526,24.5746,0.0,34.0557,6.81386,0.0,0.0,55.635,0.0,0.0,959.795,0.0,0.0,0.0,0.0,0.0,0.0,0.0,442.438,776.25,0.0,0.0,0.00153,0.0,84.9393,0.0,0.0,0.1639,0.0,337.581,67.3,0.0,138.117,0.0,0.0,0,0.0,0.0,1208.44,0.0,0.03816,0.0,0.0,0.0,8.19776,0.0,0.04914
2022-09-28 01:35:00,2.2974,1754.35,0.0,0,5.97,36.8911,0.0,0.0,0.0,0.0,0.0,14.2138,14.0035,0.39605,0.0,6.02,0.0,0,1247.48,0.0,0.0,0.0,0.0,0.001526,27.2046,0.0,21.7982,8.86973,0.0,0.0,55.9856,0.0,0.0,955.583,0.0,0.0,0.0,0.0,0.0,0.0,0.0,441.633,759.799987793,0.0,0.0,0.00153,0.0,78.4573,0.0,0.0,0.19405,0.0,325.426,67.9,0.0,143.028,0.0,0.0,0,0.0,0.0,1226.55,0.0,0.00093,0.0,0.0,0.0,9.70535,0.0,0.04583
2022-09-28 01:40:00,6.09628,1723.88,0.0,0,3.74,35.2333,0.0,0.0,0.0,0.0,0.0,20.4212,16.4035,1.89616,0.0,7.52,0.0,0,1245.84,0.0,0.0,0.0,0.0,0.001526,20.4247,0.0,22.1156,10.728,0.0,0.0,55.8995,0.0,0.0,939.689,0.0,0.0,0.0,0.0,0.0,0.0,0.0,442.512,785.450012207,0.0,0.0,0.00153,0.0,81.7807,0.0,0.0,0.184,0.0,323.182,67.7,0.0,147.104,0.0,0.0,0,1.29274,0.0,1226.48,0.0,0.00093,0.0,0.0,0.0,11.3399,0.0,0.05359
2022-09-28 01:45:00,7.49767,1714.28,0.0,0,3.21,30.7496,0.0,0.0,11.1427,0.0,0.0,28.5145,16.8344,0.49783,0.0,7.52,0.0,0,1244.72,0.0,0.0,0.0,0.0,0.001526,18.6947,0.0,24.3563,9.00145,0.0,0.0,55.8688,0.0,0.0,933.317,0.0,0.0,0.0,0.0,0.0,0.0,0.0,440.241,720.91998291,0.0,0.0,0.00153,0.0,82.8428,0.0,0.0,0.2041,0.0,322.059,67.4,0.0,147.653,0.0,0.0,0,2.48661,0.0,1230.92,0.0,0.00093,0.0,0.0,0.0,12.1956,0.0065,0.05267
2022-09-28 01:50:00,6.59609,1697.05,0.0,0,1.57,28.401,0.0,0.0,14.0881,0.0,0.0,39.1638,15.6429,0.49783,0.0,9.05,0.0,0,1247.16,0.0,0.0,0.0,0.0,0.001526,21.0647,0.0,25.1054,9.15459,0.0,0.0,55.6042,0.0,0.0,946.904,0.0,0.0,0.0,0.0,0.0,0.0,0.0,442.853,715.929992676,0.0,0.0,0.00153,0.0,79.9863,0.0,0.0,0.1639,0.0,318.697,68.0,0.0,149.828,0.0,0.0,0,4.84138,0.0,1229.33,0.0,0.0,0.0,0.0,0.0,11.7012,0.0,0.05467
2022-09-28 01:55:00,6.39902,1710.94,0.0,0,0.78,21.3928,0.0,0.0,14.7444,0.0,0.0,44.4022,14.3441,0.0,0.0,7.06,0.0,0,1242.23,0.0,0.0,0.0,0.0,0.001526,20.1447,0.0,14.968,8.69041,0.0,0.0,55.4873,0.0,0.0,930.68,0.0,0.0,0.0,0.0,0.0,0.0,0.0,438.947,687.340026855,0.0,0.0,0.00153,0.0,82.2934,0.0,0.0,0.184,0.0,321.314,67.7,0.0,152.476,0.0,0.0,0,7.57153,0.0,1230.24,0.0,0.0,0.0,0.0,0.0,11.9002,0.0,0.05306
2022-09-28 02:00:00,3.99664,1675.32,0.0,0,0.72,18.613,0.0,0.0,17.8929,0.0,0.0,41.326,15.3744,1.19699,0.0,5.03,0.0,0,1237.47,0.0,0.0,0.0,0.0,0.001526,21.3847,0.0,7.30309,9.7846,0.0,0.0,56.2194,0.0,0.0,927.128,0.0,0.0,0.0,0.0,0.0,0.0,0.0,439.094,683.520019531,0.0,0.0,0.00153,0.0,82.0829,0.0,0.0,0.184,0.0,309.466,67.1,0.0,154.245,0.0,0.0,0,9.38796,0.0,1227.82,0.0,0.0,0.0,0.76027,0.0,10.9847,0.0005,0.05239
2022-09-28 02:05:00,0.99855,1643.31,0.0,0,1.26,15.492,0.0,0.0,14.5491,0.0,0.0,27.3503,14.1549,3.69718,0.0,4.82,0.0,0,1240.33,0.0,0.0,0.0,0.0,0.001526,20.5547,0.0,4.23712,8.16831,0.0,0.0,55.5181,0.0,1e-05,927.183,0.0,0.0,0.0,0.0,0.0,0.0,0.0,438.972,677.530029297,0.0,0.0,0.00153,0.0,78.8968,0.0,0.0,0.2041,0.0,276.197,67.4,0.0,155.398,0.0,0.0,0,15.0643,0.0,1228.04,0.0,0.0,0.0,2.05228,0.0,10.3169,0.0,0.05609
2022-09-28 02:10:00,0.99855,1618.34,0.0,0,2.54,13.0094,0.0,0.0,10.4865,0.0,0.0,31.0094,12.043,4.59991,0.0,7.15,0.0,0,1237.23,0.0,0.0,0.0,0.0,0.001526,19.2247,0.0,2.03763,5.37926,0.0,0.0,55.9272,0.0,1e-05,930.68,0.0,0.0,0.0,0.0,0.0,0.0,0.0,441.047,680.719970703,0.0,0.0,0.00153,0.0,80.6821,0.0,0.0,0.184,0.0,272.459,67.1,0.0,161.595,0.0,0.0,0,22.3996,0.0,1232.7,0.0,0.0,0.0,1.84134,0.0,10.8834,0.0015,0.0542
2022-09-28 02:15:00,1.39627,1614.28,0.0,0,1.82,11.2218,0.0,0.0,18.4808,0.0,0.0,41.2696,10.2132,7.69749,0.0,8.05,0.0,0,1231.24,0.0,0.0,0.0,0.0,0.001526,14.5548,0.0,0.0,3.95975,0.0,0.0,55.3427,0.0,1e-05,935.862,0.0,0.0,0.0,0.0,0.0,0.0,0.0,440.07,636.479980469,0.0,0.0,0.00153,0.0,83.0167,0.0,0.0,0.184,0.0,250.104,67.7,0.0,159.156,0.0,0.0,0,27.9734,0.0,1235.95,0.0,0.0,0.0,4.85603,0.0,12.8926,0.0005,0.04871
2022-09-28 02:20:00,1.6968,1595.8,0.0,0,2.14,9.53258,0.0,0.0,26.2152,0.0,0.0,36.022,10.5647,9.89677,0.0,6.99,0.0,0,1237.69,0.0,0.0,0.0,0.0,0.001526,9.47486,0.0,0.0,1.71978,0.0,0.0,56.0749,0.0,1e-05,933.482,0.0,0.0,0.0,0.0,0.0,0.0,0.0,438.923,635.030029297,0.0,0.0,0.00153,0.0,84.9668,0.0,0.0,0.184,0.0,267.634,67.7,0.0,165.045,0.0,0.0,0,26.2339,0.0,1230.38,0.0,0.00093,0.0,8.60023,0.0,11.8611,0.0005,0.05549
2022-09-28 02:25:00,1.4966,1599.8,0.0,0,2.2,8.68064,0.0,0.0,34.1451,0.0,0.0,25.8091,9.24392,7.69749,0.0,4.45,0.0,0,1224.16,0.0,0.0,0.0,0.0,0.001526,5.93491,0.0,0.0,0.15824,0.0,0.0,55.7519,0.0,1e-05,929.911,0.0,0.0,0.0,0.0,0.0,0.0,0.0,436.555,657.020019531,0.0,0.0,0.00153,0.0,92.282,0.0,0.0,0.2041,0.0,206.838,67.4,0.0,163.913,0.0,0.0,0,22.2129,0.0,1234.36,0.0,0.0,0.0,10.8415,0.0,14.1463,0.0045,0.05648
2022-09-28 02:30:00,0.79835,1612.94,0.0,0,2.27,12.0026,0.0,0.0,42.3366,0.0,0.0,13.8262,8.29419,6.79919,0.0,2.98,0.0,0,1216.16,0.0,0.0,0.0,0.0,0.001526,2.95495,0.0,0.0,0.0,0.0,0.0,55.5765,0.0,1e-05,935.807,0.0,0.0,0.0,0.0,0.0,0.0,0.0,442.927,642.400024414,0.0,0.0,0.00153,0.0,91.989,0.0,0.0,0.184,0.0,131.636,68.0,0.0,163.792,0.0,0.0,0,24.1575,0.0,1231.07,0.0,0.0,0.0,9.97134,0.0,14.1866,0.0,0.04931
2022-09-28 02:35:00,1.6968,1612.06,0.0,0,2.19,15.603,0.0,0.0,39.4537,0.0,0.0,5.91592,7.36584,5.69734,0.0,1.64,0.0,0,1221.06,0.0,0.0,0.0,0.0,0.001526,2.09997,0.0,0.0,0.0,0.0,0.0,55.3427,0.0,1e-05,932.896,0.0,0.0,0.0,0.0,0.0,0.0,0.0,436.628,581.559997559,0.0,0.0,0.00153,0.0,99.3317,0.0,0.0,0.184,0.0,181.826,67.7,0.0,164.451,0.0,0.0,0,25.3587,0.0,1227.89,0.0,0.00093,0.0,9.95376,0.0,18.1186,0.0,0.05036
2022-09-28 02:40:00,0.69581,1593.77,0.0,0,2.22,19.1112,0.0,0.0,35.9107,0.0,0.0,2.93736,4.39582,4.39635,0.0,1.65,0.0,0,1218.38,0.0,0.0,0.0,0.0,0.001526,0.93499,0.0,0.0,0.0,0.0,0.0,55.7211,0.0,1e-05,933.665,0.0,0.0,0.0,0.0,0.0,0.0,0.0,436.091,633.239990234,0.0,0.0,0.00153,0.0,109.384,0.0,0.0,0.17395,0.0,191.385,67.4,0.0,164.144,0.0,0.0,0,18.3822,0.0,1231.31,0.0,0.00093,0.0,10.4987,0.0,17.8024,0.0,0.05511
2022-09-28 02:45:00,1.19875,1617.51,0.0,0,1.91,22.2197,0.0,0.0,36.1099,0.0,0.0,3.20439,3.4345,4.99817,0.0,1.43,0.0,0,1218.67,0.0,0.0,0.0,0.0,0.001526,1.07998,0.0,0.0,0.0,0.0,0.0,56.6009,0.0,0.0,937.199,0.0,0.0,0.0,0.0,0.0,0.0,0.0,433.722,557.760009766,0.0,0.0,0.00153,0.0,112.287,0.0,0.0,0.19405,0.0,186.973,67.7,0.0,165.825,0.0,0.0,0,16.379,0.0,1235.02,0.0,0.00093,0.0,10.0856,0.0,17.4899,0.0,0.05128
2022-09-28 02:50:00,0.89601,1586.03,0.0,0,0.97,24.0408,0.0,0.0,37.6842,0.0,0.0,4.26337,4.0351,6.39651,0.0,0.83,0.0,0,1214.18,0.0,0.0,0.0,0.0,0.001526,0.95999,0.0,0.0,0.0,0.0,0.0,55.9856,0.0,0.0,925.224,0.0,0.0,0.0,0.0,0.0,0.0,0.0,443.0,543.309997559,0.0,0.0,0.00153,0.0,116.104,0.0,0.0,0.19405,0.0,188.793,67.1,0.0,167.594,0.0,0.0,0,13.1893,0.0,1233.48,0.0,0.00093,0.0,9.9274,0.0,19.7482,0.0025,0.05637
2022-09-28 02:55:00,0.0,1593.97,0.0,0,0.37,26.6615,0.0,0.0,41.8131,0.0,0.0,4.01465,4.2829,5.09995,0.0,0.14,0.0,0,1198.55,0.0,0.0,0.0,0.0,0.001526,0.83499,0.0,0.0,0.0,0.0,0.0,55.4596,0.0,0.0,934.416,0.0,0.0,0.0,0.0,0.0,0.0,0.0,435.773,561.539978027,0.0,0.0,0.00153,0.0,123.74,0.0,0.0,0.1639,0.0,103.544,67.4,0.0,166.308,0.0,0.0,0,16.6281,0.0,1226.55,0.0,0.0,0.0,9.66372,0.0,20.7468,0.0005,0.05313
2022-09-28 03:00:00,0.0,1595.24,0.0,0,0.67,23.8817,0.0,0.0,35.7154,0.0,0.0,2.08667,4.58503,2.09972,0.0,0.0,0.0,0,1159.83,0.0,0.0,0.0,0.0,0.001526,0.89499,0.0,0.0,0.0,0.0,0.0,56.5732,0.0,0.0,941.374,0.0,0.0,0.0,0.0,0.0,0.0,0.0,439.142,548.880004883,0.0,0.0,0.00153,0.0,130.845,0.0,0.0,0.2041,0.0,95.9877,67.7,0.0,167.769,0.0,0.0,0,12.6803,0.0,1204.31,0.0,0.00093,0.0,7.8092,0.0,22.3667,0.0,0.05206
2022-09-28 03:05:00,0.0,1609.52,0.0,0,0.67,22.5295,0.0,0.0,30.145,0.0,0.0,0.0,6.54368,0.89609,0.0,0.0,0.0,0,1156.27,0.0,0.0,0.0,0.0,0.001526,0.40499,0.0,0.0,0.0,0.0,0.0,56.161,0.0,0.0,925.645,0.0,0.0,0.0,0.0,0.0,0.0,0.0,433.478,556.059997559,0.0,0.0,0.00153,0.0,144.12,0.0,0.0,0.21414,0.0,-0.52489,68.0,0.0,166.451,0.0,0.0,0,8.72145,0.0,1225.75,0.0,0.00093,0.0,5.38338,0.0,24.9802,0.0,0.05358
2022-09-28 03:10:00,0.0,1609.74,0.0,0,1.16,21.9413,0.0,0.0,23.3324,0.0,0.0,0.0,1.77615,1.29877,0.0,-0.05,0.0,0,1142.91,0.0,0.0,0.0,0.0,0.001526,0.0,0.0,0.0,0.0,0.0,0.0,55.7211,0.0,0.0,940.019,0.0,0.0,0.0,0.0,0.0,0.0,0.0,440.681,549.309997559,0.0,0.0,0.00153,0.0,149.165,0.0,0.0,0.1639,0.0,-0.04379,67.7,0.0,168.352,0.0,0.0,0,9.57107,0.0,1230.24,0.0,0.00093,0.0,3.05425,0.0,26.7552,0.0015,0.04936
2022-09-28 03:15:00,0.0,1612.26,0.0,0,1.56,18.8098,0.0,0.0,16.9729,0.0,0.0,0.0,0.81666,2.79889,0.0,-0.05,0.0,0,1142.64,0.0,0.0,0.0,0.0,0.001526,0.0,0.0,0.0,0.0,0.0,0.0,55.6626,0.0,0.0,934.928,0.0,0.0,0.0,0.0,0.0,0.0,0.0,439.167,504.899993896,0.0,0.0,0.00153,0.0,147.654,0.0,0.0,0.2041,0.0,30.0589,68.0,0.0,165.297,0.0,0.0,0,4.71138,0.0,1229.6,0.0,0.02141,0.0,3.00151,0.0,27.7073,0.0,0.05529
2022-09-28 03:20:00,0.0,1621.17,0.0,0,0.88,17.6313,0.0,0.0,15.5979,0.0,0.0,0.0,0.85634,3.79896,0.0,-0.1,0.0,0,1143.3,0.0,0.0,0.0,0.0,0.001526,0.0,0.0,2.14554,0.0,0.0,0.0,55.838,0.0,0.0,938.646,0.0,0.0,0.0,0.0,0.0,0.0,0.0,445.124,542.570007324,0.0,0.0,0.00153,0.0,156.608,0.0,0.0,0.22419,0.0,49.5984,68.0,0.0,160.024,0.0,0.0,0,3.46258,0.0,1230.65,0.0,0.00093,0.0,3.19487,0.0,29.5189,0.0,0.0589
2022-09-28 03:25:00,0.0,1605.76,0.0,0,0.15,17.221,0.0,0.0,4.06452,0.0,0.0,0.0,0.85817,4.89639,0.0,-0.08,0.0,0,1148.53,0.0,0.0,0.0,0.0,0.001526,0.0,0.0,0.78395,0.0,0.0,0.0,56.161,0.0,0.0,938.865,0.0,0.0,0.0,0.0,0.0,0.0,0.0,438.923,482.279998779,0.0,0.0,0.00153,0.0,163.594,0.0,0.0,0.184,0.0,82.384,67.4,0.0,153.036,0.0,0.0,0,2.44999,0.0,1226.82,0.0,0.00093,0.0,3.57281,0.0,37.9065,0.0,0.05055
2022-09-28 03:30:00,0.0,1587.18,0.0,0,0.0,16.9594,0.0,0.0,1.90042,0.0,0.0,0.0,0.39673,11.2995,0.0,-0.07,0.0,0,1143.3,0.0,0.0,0.0,0.0,0.001526,0.305,0.0,0.83473,0.0,0.0,0.0,55.9272,0.0,0.0,929.6,0.0,0.0,0.0,0.0,0.0,0.0,0.0,440.143,493.470001221,0.0,0.0,0.00153,0.0,168.299,0.0,0.0,0.184,0.0,86.4415,67.4,0.0,147.84,0.0,0.0,0,0.0,0.0,1231.78,0.0,0.00093,0.0,3.29155,0.0,44.9036,0.0035,0.05216
2022-09-28 03:35:00,0.0,1596.41,0.0,0,0.0,14.7803,0.0,0.0,3.99811,0.0,0.0,0.0,0.35767,16.6982,0.0,-0.09,0.0,0,1106.56,0.0,0.0,0.0,0.0,0.001526,0.0,0.0,0.46656,0.0,0.0,0.0,56.8654,0.0,0.0,935.533,0.0,0.0,0.0,0.0,0.0,0.0,0.0,437.751,522.299987793,0.0,0.0,0.00153,0.0,173.582,0.0,0.0,0.19405,0.0,76.409,67.4,0.0,146.631,0.0,0.0,0,0.6537,0.0,1216.76,0.0,9.44669,0.0,3.67828,0.0,45.5518,0.0005,0.04786
2022-09-28 03:40:00,0.0,1589.99,0.0,0,0.0,11.2616,0.0,0.0,6.29111,0.0,0.0,0.0,0.55604,18.7957,0.0,-0.05,0.0,0,1083.29,0.0,0.0,0.0,0.0,0.001526,0.0,0.0,6.02402,0.47404,0.0,0.0,56.2194,0.0,0.0,930.79,0.0,0.0,0.0,0.0,0.0,0.0,0.0,438.923,485.119995117,0.0,0.0,0.00153,0.0,182.316,0.0,0.0,0.19405,0.0,47.6006,67.4,0.0,144.632,0.0,0.0,0,1.51614,0.0,1228.58,0.0,2.3391,0.0,4.12653,0.0,48.9845,0.0,0.05116
2022-09-28 03:45:00,0.0,1607.67,0.0,0,0.0,11.3516,0.0,0.0,6.35752,0.0,0.0,0.0,0.44617,16.7999,0.0,-0.04,0.0,0,1072.28,0.0,0.0,0.0,0.0,0.001526,0.0,0.0,5.60189,1.07231,0.0,0.0,55.8995,0.0,0.0,938.078,0.0,0.0,0.0,0.0,0.0,0.0,0.0,442.219,563.309997559,0.0,0.0,0.00153,0.0,189.192,0.0,0.0,0.184,0.0,29.6522,68.0,0.0,143.83,0.0,0.0,0,3.1165,0.0,1224.33,0.0,19.2778,0.0,4.90877,0.0,47.1009,0.0,0.05182
2022-09-28 03:50:00,0.29541,1610.42,0.0,0,0.0,10.4913,0.0,0.0,0.0,0.0,0.0,0.0,0.13855,13.1979,0.0,-0.05,0.0,0,1091.72,0.0,0.0,0.0,0.0,0.001526,0.0,0.0,3.24053,1.48174,0.0,0.0,55.838,0.0,0.0,944.212,0.0,0.0,0.0,0.0,0.0,0.0,0.0,440.339,501.089996338,0.0,0.0,0.00153,0.0,183.479,0.0,0.0,0.184,0.0,26.3196,68.0,0.0,142.281,0.0,0.0,0,2.53788,0.0,1235.12,0.0,11.1836,0.0,4.44294,0.0,48.1788,0.0015,0.05254
2022-09-28 03:55:00,4.89998,1605.49,0.0,0,0.0,9.85075,0.0,0.0,0.0,0.0,0.0,0.0,0.0,12.2996,0.0,-0.05,0.0,0,1124.75,0.0,0.0,0.0,0.0,0.001526,0.315,0.0,0.47291,4.03989,0.0,0.0,55.5765,0.0,0.0,935.478,0.0,0.0,0.0,0.0,0.0,0.0,0.0,438.874,446.160003662,0.0,0.0,0.00153,0.0,190.977,0.0,0.0,0.184,0.0,75.1137,67.7,0.0,140.083,0.0,0.0,0,1.355,0.0,1227.99,0.0,0.0,0.0,3.02788,0.0,43.6341,0.0,0.0526
2022-09-28 04:00:00,5.29549,1592.75,0.0,0,0.65,8.23268,0.0,0.0,0.0,0.0,0.0,4.12146,0.0,18.0965,0.0,-0.04,0.0,0,1153.0,0.0,0.0,0.0,0.0,0.001526,0.67999,0.0,0.0,4.89921,0.0,0.0,55.958,0.0,0.0,929.435,0.0,0.0,0.0,0.0,0.0,0.0,0.0,441.169,419.089996338,0.0,0.0,0.00153,0.0,182.756,0.0,0.0,0.2041,0.0,84.2892,67.4,0.0,141.325,0.0,0.0,0,0.0,0.0,1236.32,0.0,0.0,0.0,2.1929,0.0,45.8302,0.0,0.0504
2022-09-28 04:05:00,5.29549,1584.16,0.0,0,1.79,7.54192,0.0,0.0,0.0,0.0,0.0,5.02174,0.0,32.8985,0.0,0.41,0.0,0,1123.45,0.0,0.0,0.0,0.0,0.001526,0.35499,0.0,0.0,3.82644,0.0,0.0,55.3427,0.0,0.0,928.593,0.0,0.0,0.0,0.0,0.0,0.0,0.0,441.193,488.200012207,0.0,0.0,0.00153,0.0,180.467,0.0,0.0,0.184,0.0,76.8107,66.8,0.0,140.94,0.0,0.0,0,0.0,0.0,1229.33,0.0,0.0,0.0,2.15775,0.0,50.7668,0.0,0.05452
2022-09-28 04:10:00,4.79744,1619.34,0.0,0,1.92,8.47968,0.0,0.0,0.0,0.0,0.0,0.50507,0.23682,48.798,0.0,0.66,0.0,0,1107.07,0.0,0.0,0.0,0.0,0.001526,0.0,0.0,0.0,1.36431,0.0,0.0,55.8103,0.0,0.0,940.403,0.0,0.0,0.0,0.0,0.0,0.0,0.0,439.997,452.200012207,0.0,0.0,0.00153,0.0,170.121,0.0,0.0,0.19405,0.0,49.6786,67.9,0.0,139.358,0.0,0.0,0,0.66651,0.0,1234.39,0.0,0.0,0.0,0.76027,0.0,50.4958,0.0,0.05956
2022-09-28 04:15:00,4.59724,1655.84,0.0,0,1.77,8.20338,0.0,0.0,0.0,0.0,0.0,1.93103,0.0,58.9979,0.0,1.1,0.0,0,1123.04,0.0,0.0,0.0,0.0,0.001526,0.0,0.0,0.0,0.14395,0.0,0.0,56.5148,0.0,0.0,944.578,0.0,0.0,0.0,0.0,0.0,0.0,0.0,443.83,388.869995117,0.0,0.0,0.00153,0.0,163.026,0.0,0.0,0.21414,0.0,63.4455,67.9,0.0,139.193,0.0,0.0,0,0.74708,0.0,1234.53,0.0,0.0,0.0,0.0,0.0,54.9514,0.0,0.05713
2022-09-28 04:20:00,2.89799,1672.71,0.0,0,1.36,6.41157,0.0,0.0,0.0,0.0,0.0,3.10521,0.21912,36.6997,0.0,1.22,0.0,0,1131.46,0.0,0.0,0.0,0.0,0.001526,0.0,0.0,0.0,0.0,0.0,0.0,55.5765,0.0,0.0,936.448,0.0,0.0,0.0,0.0,0.0,0.0,0.0,439.533,349.200012207,0.0,0.0,0.00153,0.0,146.693,0.0,0.0,0.19405,0.0,62.4288,67.9,0.0,142.028,0.0,0.0,0,1.25246,0.0,1227.38,0.0,0.0,0.0,0.0,0.0,56.3662,0.0,0.05408
2022-09-28 04:25:00,3.19585,1705.4,0.0,0,1.13,4.15297,0.0,0.0,0.0,0.0,0.0,4.16877,0.48646,33.1994,0.0,1.17,0.0,0,1129.97,0.0,0.0,0.0,0.0,0.001526,0.0,0.0,0.0,0.0,0.0,0.0,56.9823,0.0,0.0,940.22,0.0,0.0,0.0,0.0,0.0,0.0,0.0,441.828,357.040008545,0.0,0.0,0.00153,0.0,124.573,0.0,0.0,0.184,0.0,51.3845,67.9,0.0,149.312,0.0,0.0,0,3.78485,0.0,1231.29,0.0,0.00093,0.0,0.0,0.0,61.3724,0.0,0.05233
2022-09-28 04:30:00,7.29747,1695.78,0.0,0,0.22,2.6134,0.0,0.0,0.0,0.0,0.0,3.7438,0.30762,25.5971,0.0,0.92,0.0,0,1139.47,0.0,0.0,0.0,0.0,0.001526,0.48499,0.0,0.0,0.02811,0.0,0.0,56.161,0.0,0.0,931.761,0.0,0.0,0.0,0.0,0.0,0.0,0.0,437.897,307.160003662,0.0,0.0,0.00153,0.0,113.175,0.0,0.0,0.2041,0.0,146.652,67.3,0.0,153.443,0.0,0.0,0,2.64775,0.0,1237.17,0.0,0.01955,0.0,0.0,0.0,65.6486,0.0,0.05446
2022-09-28 04:35:00,6.09628,1689.63,0.0,0,0.2,2.04509,0.0,0.0,0.0,0.0,0.0,3.70031,0.29786,30.4957,0.0,0.77,0.0,0,1157.39,0.0,0.0,0.0,0.0,0.001526,0.43499,0.0,0.0,0.06857,0.0,0.0,55.5181,0.0,0.0,937.236,0.0,0.0,0.0,0.0,0.0,0.0,0.0,440.607,218.740005493,0.0,0.0,0.00153,0.0,83.8132,0.0,0.0,0.19405,0.0,271.78,67.6,0.0,153.564,0.0,0.0,0,2.2504,0.0,1234.73,0.0,0.02513,0.0,0.0,0.0,67.4491,0.0,0.05411
2022-09-28 04:40:00,7.99702,1696.49,0.0,0,0.6,1.86716,0.0,0.0,0.0,0.0,0.0,3.57366,0.77699,30.8984,0.0,0.19,0.0,0,1175.53,0.0,0.0,0.0,0.0,0.001526,0.55999,0.0,0.0,0.04477,0.0,0.0,55.8103,0.0,0.0,938.865,0.0,0.0,0.0,0.0,0.0,0.0,0.0,439.606,299.170013428,0.0,0.0,0.00153,0.0,71.7189,0.0,0.0,0.184,0.0,273.884,67.9,0.0,153.333,0.0,0.0,0,1.10231,0.0,1229.29,0.0,0.00093,0.0,0.0,0.0,59.6146,0.0,0.05419
2022-09-28 04:45:00,10.4971,1703.1,0.0,0,0.68,1.29571,0.0,0.0,0.0,0.0,0.0,2.13016,1.78286,26.398,0.0,0.0,0.0,0,1197.89,0.0,0.0,0.0,0.0,0.001526,0.52499,0.0,0.0,0.0,0.0,0.0,56.3087,0.0,0.0,940.605,0.0,0.0,0.0,0.0,0.0,0.0,0.0,441.315,214.119995117,0.0,0.0,0.00153,0.0,47.2007,0.0,0.0,0.184,0.0,309.807,67.9,0.0,152.377,0.0,0.0,0,2.35843,0.0,1233.95,0.0,0.0,0.0,0.0,0.0,54.8562,0.0,0.05082
2022-09-28 04:50:00,12.4995,1681.81,0.0,0,0.0,0.05547,0.0,0.0,0.0,0.0,0.0,0.0,2.77409,27.7964,0.0,0.08,0.0,0,1211.49,0.0,0.0,0.0,0.0,0.001526,1.31998,0.0,0.0,0.0,0.0,0.0,56.1025,0.0,0.0,928.996,0.0,0.0,0.0,0.0,0.0,0.0,0.0,438.679,283.720001221,0.0,0.0,0.00153,0.0,40.5356,0.0,0.0,0.184,0.0,313.49,67.6,0.0,154.289,0.0,0.0,0,7.79858,0.0,1233.73,0.0,0.00093,0.0,0.0,0.0,56.8313,0.0,0.0549
2022-09-28 04:55:00,12.0986,1692.9,0.0,0,0.0,0.0,0.0,0.0,0.0,0.0,0.0,0.0,3.07439,25.9998,0.0,0.31,0.0,0,1232.78,0.0,0.0,0.0,0.0,0.001526,1.97997,0.0,0.0,0.0,0.0,0.0,56.1917,0.0,0.0,931.23,0.0,0.0,0.0,0.0,0.0,0.0,0.0,439.411,227.339996338,0.0,0.0,0.00153,0.0,45.7633,0.0,0.0,0.2041,0.0,316.969,67.9,0.0,154.542,0.0,0.0,0,12.6363,0.0,1232.53,0.0,0.03072,0.0,0.0,0.0,51.0829,0.0,0.05212
2022-09-28 05:00:00,11.8989,1692.26,0.0,0,0.0,0.0,0.0,0.0,0.0,0.0,0.0,0.31815,4.12604,24.3979,0.0,0.04,0.0,0,1247.38,0.0,0.0,0.0,0.0,0.001526,1.88997,0.0,0.0,0.0,0.0,0.0,55.312,0.0,0.0,936.613,0.0,0.0,0.0,0.0,0.0,0.0,0.0,442.194,316.299987793,0.0,0.0,0.00153,0.0,50.0664,0.0,0.0,0.184,0.0,322.302,67.9,0.0,158.464,0.0,0.0,0,17.9098,0.0,1234.8,0.0,0.00093,0.0,0.0,0.0,41.2378,0.0,0.05341
2022-09-28 05:05:00,8.99801,1645.12,0.0,0,0.0,0.00942,0.0,0.0,0.0,0.0,0.0,0.0,5.00618,25.3979,0.0,0.11,0.0,0,1230.07,0.0,0.0,0.0,0.0,0.001526,0.69499,0.0,0.0,0.0,0.0,0.0,55.8995,0.0,0.0,931.632,0.0,0.0,0.0,0.0,0.0,0.0,0.0,460.432,373.149993896,0.0,0.0,0.00153,0.0,55.6878,0.0,0.0,0.184,0.0,332.916,66.7,0.0,156.53,0.0,0.0,0,14.7018,0.0,1229.48,0.0,0.0,0.0,0.0,0.0,55.3628,0.0,0.05778
2022-09-28 05:10:00,10.4936,1685.35,0.0,0,0.0,0.0,0.0,0.0,0.0,0.0,0.0,0.0,5.1545,22.1986,0.0,-0.04,0.0,0,1243.89,0.0,0.0,0.0,0.0,0.001526,0.0,0.0,0.0,0.0,0.0,0.0,55.6934,0.0,0.0,930.149,0.0,0.0,0.0,0.0,0.0,0.0,0.0,500.764,330.220001221,0.0,0.0,0.00153,0.0,63.1311,0.0,0.0,0.2041,0.0,353.558,67.9,0.0,160.991,0.0,0.0,0,10.959,0.0,1229.77,0.0,0.00093,0.0,0.0,0.0,38.7024,0.0,0.05424
2022-09-28 05:15:00,10.0967,1710.48,0.0,0,0.0,0.0,0.0,0.0,0.0,0.0,0.0,0.0,4.76387,17.3,0.0,-0.05,0.0,0,1254.51,0.0,0.0,0.0,0.0,0.001526,0.93999,0.0,0.93629,0.0,0.0,0.0,55.2843,0.0,0.0,933.683,0.0,0.0,0.0,0.0,0.0,0.0,0.0,530.965,347.950012207,0.0,0.0,0.00153,0.0,61.0529,0.0,0.0,0.184,0.0,351.329,67.3,0.0,159.134,0.0,0.0,0,6.14328,0.0,1233.22,0.0,0.00093,0.0,0.0,0.0,43.7769,0.0,0.04754
2022-09-28 05:20:00,9.89692,1751.98,0.0,0,0.0,0.0,0.0,0.0,0.0,0.0,0.0,0.0,6.08347,17.1982,0.0,-0.13,0.0,0,1285.96,0.0,0.0,0.0,0.0,0.001526,1.98497,0.0,3.52618,0.0,0.0,0.0,55.9272,0.0,0.0,928.886,0.0,0.0,0.0,0.0,0.0,0.0,0.0,559.042,315.070007324,0.0,0.0,0.00153,0.0,55.2667,0.0,0.0,0.184,0.0,348.087,67.3,0.0,159.694,0.0,0.0,0,5.8613,0.0,1231.75,0.0,0.0,0.0,0.0,0.0,47.245,0.0,0.05186
2022-09-28 05:25:00,8.49554,1761.23,0.0,0,0.0,0.0,0.0,0.0,0.0,0.0,0.0,0.0,4.87373,12.897,0.0,0.0,0.0,0,1304.54,0.0,0.0,0.0,0.0,0.001526,3.08495,0.0,5.06233,0.0,0.0,0.0,55.2843,0.0,0.0,929.435,0.0,0.0,0.0,0.0,0.0,0.0,0.0,550.814,335.369995117,0.0,0.0,0.00153,0.0,56.5576,0.0,0.0,0.184,0.0,342.645,67.3,0.0,154.498,0.0,0.0,0,10.212,0.0,1236.93,0.0,0.0,0.0,0.0,0.0,47.1095,0.0,0.05246
2022-09-28 05:30:00,9.19867,1759.26,0.0,0,0.0,0.0,0.0,0.0,0.0,0.0,0.0,0.0,7.69482,15.499,0.0,0.0,0.0,0,1273.51,0.0,0.0,0.0,0.0,0.001526,5.60491,0.0,1.23146,0.0,0.0,0.0,55.8995,0.0,0.0,935.112,0.0,0.0,0.0,0.0,0.0,0.0,0.0,559.017,358.440002441,0.0,0.0,0.00153,0.0,54.6075,0.0,0.0,0.19405,0.0,351.38,67.3,0.0,154.64,0.0,0.0,0,12.7022,0.0,1256.22,0.0,0.00093,0.0,0.0,0.0,43.9039,0.0,0.05219
2022-09-28 05:35:00,8.29534,1734.4,0.0,0,0.0,0.0,0.0,0.0,0.0,0.0,0.0,0.0,16.2033,14.698,0.0,0.27,0.0,0,1239.23,0.0,0.0,0.0,0.0,0.001526,9.59485,0.0,2.14554,0.0,0.0,0.0,56.0441,0.0,0.0,933.134,0.0,0.0,0.0,0.20268,0.0,0.0,0.0,554.867,485.5,0.0,0.0,0.00153,0.0,39.7391,0.0,0.0,0.17395,0.0,344.839,67.3,0.0,156.838,0.0,0.0,0,18.027,0.0,1253.7,0.0,0.0,0.0,0.0,0.0,31.5929,0.0,0.05424
2022-09-28 05:40:00,8.19768,1698.51,0.0,0,0.0,0.0,0.0,0.0,0.0,0.0,0.0,0.0,18.1247,15.6981,0.0,-0.07,0.0,0,1236.79,0.0,0.0,0.0,0.0,0.001526,11.9248,0.0,1.79641,0.0,0.0,0.0,56.7486,0.0,0.0,932.328,0.0,0.0,0.0,0.36061,0.0,0.0,0.0,552.035,499.980010986,0.0,0.0,0.00153,0.0,34.9325,0.0,78.8058,0.19405,0.0,345.444,67.6,0.0,158.442,0.0,0.0,0,23.7839,0.0,1247.16,0.0,0.02885,0.0,0.0,0.0,20.0253,0.0,0.06131
2022-09-28 05:45:00,8.69886,1674.59,0.0,0,0.1,0.0,0.0,0.0,0.0,0.0,0.0,0.0,19.3637,17.4991,0.0,-0.05,0.0,0,1238.37,0.0,0.0,1.10529,0.0,0.001526,8.82487,0.0,6.30967,0.0,0.0,0.0,55.312,0.0,0.0,934.049,0.0,0.0,0.0,0.49748,0.0,0.0,0.0,559.579,471.679992676,0.0,0.0,0.00153,0.0,42.3484,0.0,78.3968,0.184,0.0,347.827,67.6,0.0,157.991,0.0,0.0,0,31.8956,0.0,1245.91,0.0,0.01396,0.0,0.0,0.0,20.7651,0.0,0.05499
2022-09-28 05:50:00,7.99573,1657.3,0.34118,0,0.0,0.0,0.0,0.0,0.0,0.0,0.0,0.0,12.6534,14.5962,0.0,-0.05,0.0,0,1233.86,0.0,0.0,2.7821,0.0,0.001526,8.90486,0.0,13.0002,2.11096,0.0,0.0,55.312,0.0,0.0,922.312,0.0,0.0,0.0,0.30797,0.0,0.0,0.034,544.808,503.700012207,0.05,0.0,0.09918,0.0,47.8782,0.12583,195.474,0.17395,0.0,339.977,66.7,0.0,157.53,0.0,0.0,0,36.0046,0.0,1252.87,0.0,0.0,0.86366,0.0,0.0,24.091,0.0,0.05464
2022-09-28 05:55:00,8.39612,1685.57,0.68103,0,0.0,0.0,0.44129,0.0,0.0,0.0,0.0,0.0,13.2039,11.9987,0.0,-0.05,0.0,0,1225.46,0.0,0.0,3.38132,0.0,0.001526,10.4498,0.0,13.5525,3.76059,0.0,0.0,55.7519,0.0,0.0,938.609,0.0,0.0,0.0,0.50275,0.0,0.53346,1.216,559.677,449.850006104,0.64,0.0,0.19989,0.0,56.0815,0.17249,200.418,0.184,0.0,320.922,67.9,0.0,154.344,0.0,0.0,0,40.4431,0.0,1250.21,0.0,0.00093,1.17494,0.0,0.0,27.5877,0.0,0.05086
2022-09-28 06:00:00,7.59533,1686.77,1.25187,0,0.0,0.0,0.99062,0.0,0.0,0.0,0.0,0.0,19.0927,5.99825,0.0,-0.05,0.0,0,1237.42,0.0,0.0,3.7892,0.36255,0.099184,8.03988,0.0,14.4284,3.6249,0.0,0.0,56.6009,0.0,0.14546,933.995,0.0,0.0,0.31,0.90284,0.0,0.98756,2.68,562.826,452.429992676,0.93,0.0,0.40131,0.0,67.1778,0.46899,202.404,0.17395,0.0,342.692,67.9,0.0,156.179,0.0,1.87564,0,46.3795,0.0,1251.8,0.28931,0.00093,1.91348,0.0,0.0,30.0304,0.0,0.054
2022-09-28 06:05:00,6.89708,1711.23,1.95015,0,0.0,0.0,1.44106,0.0,0.0,0.0,0.0,0.0,22.6731,3.89631,0.0,0.0,0.0,0,1245.11,0.0,0.0,4.15175,0.45777,0.300603,8.78487,0.0,17.4817,0.43357,0.0,0.24218,56.484,0.0,0.34974,942.363,0.0,0.0,1.118,1.603,0.0,1.53201,4.044,558.334,354.380004883,1.88,0.0,0.40131,0.0,70.7942,1.98963,203.212,0.17395,254.9,266.915,67.9,0.0,148.455,0.0,3.5761,0,44.9586,0.0,1253.19,0.45289,0.00093,3.23186,0.68116,0.08057,37.312,0.0,0.05149
2022-09-28 06:10:00,6.79942,1727.66,3.1821,0,0.09,0.0,2.19181,0.0,0.0,0.0,0.0,0.0,15.3329,3.49805,0.0,-0.05,0.0,0,1276.22,0.0,0.0,10.4159,0.907,0.49897,10.7148,0.0,19.221,1.33098,0.0,0.63469,55.312,0.0,0.58643,934.617,3.1371,0.38322,2.246,2.17155,0.0,2.53544,6.982,583.676,279.660003662,3.67,0.75,0.70039,0.0,75.6008,3.45409,201.018,0.17395,247.8,329.381,67.3,0.0,151.553,0.0,5.832,0,43.1421,0.0,1251.43,0.6482,0.0,5.52682,0.93605,0.15992,32.0446,0.0,0.05354
2022-09-28 06:15:00,6.59922,1768.48,5.10172,0,1.11,0.0,2.94255,0.0,0.0,0.0,0.0,0.0,12.0833,1.69703,0.0,-0.05,0.96883,0,1263.91,0.0,0.60731,18.4324,1.04372,0.898756,8.59987,0.0,13.8635,1.8761,0.0,0.6312,54.8136,0.0,0.58643,929.765,3.18746,0.38322,2.59,9.23106,0.0,4.15412,8.768,612.485,343.160003662,6.33,1.75,0.89876,0.0,86.688,6.91424,199.095,0.14381,247.3,247.953,67.3,0.0,153.849,0.0,11.6768,0,33.0712,0.0,1248.74,0.79713,0.0,8.97536,1.10304,0.2002,36.1523,0.0,0.04944
2022-09-28 06:20:00,7.79553,1778.23,7.74086,0,4.12,0.0,3.122,0.0,0.0,0.0,0.0,0.0,13.0648,0.89609,0.0,-0.11,1.86313,0,1264.06,0.0,2.67643,16.0053,1.39773,1.20089,7.72988,0.0,7.38244,0.66526,0.0,0.70506,55.8103,0.0,0.80611,932.017,2.85512,0.32303,2.127,13.611,0.0,5.62387,11.554,642.49,337.5,4.08,2.75,1.10018,0.0,105.759,10.5553,198.971,0.17395,246.0,247.462,67.3,0.0,156.838,0.0,15.1888,0,22.634,0.0,1252.58,0.66285,0.0,12.9061,0.90968,0.25025,39.3249,0.0,0.05502
2022-09-28 06:25:00,7.99573,1744.02,10.7809,0,7.67,0.0,3.01213,0.0,6.0958,0.0,0.0,1.59762,12.8621,0.0,0.0,2.05,2.97423,0,1237.93,0.0,3.10369,28.1105,0.91188,1.39925,8.92486,0.0,4.23713,1.45715,0.0,1.67981,56.3363,0.0,2.53568,926.89,3.52987,0.51597,3.527,16.9644,0.0,1.86648,14.888,659.727,312.160003662,3.47,4.0,1.39925,0.0,103.845,14.8159,198.459,0.17395,241.1,249.27,67.3,0.0,156.838,1.00252,19.3246,0,15.35,0.0,1252.16,0.48463,0.00093,17.3251,0.83058,0.76052,38.2593,0.0,0.05091
2022-09-28 06:30:00,8.19593,1720.49,14.2909,0,8.48,0.0,3.68231,0.0,6.2247,4.80316,0.0,19.8581,12.9647,0.99786,0.91114,5.06,4.60023,0,1240.89,0.0,4.13519,31.0966,2.06912,1.79904,9.04486,0.0,1.37746,1.87927,0.0,3.31418,55.5181,0.6,4.7401,933.995,6.63172,0.99742,2.365,26.4139,0.0,8.03845,19.166,684.385,324.779998779,4.19,5.5,1.29854,0.0,108.084,19.6822,197.9,0.1639,246.0,249.658,67.3,0.0,157.574,6.72465,25.742,0,21.7917,0.0,1249.92,1.18044,0.0,22.7146,1.00636,0.90945,45.3309,0.0045,0.05356
2022-09-28 06:35:00,7.99573,1729.08,18.2018,0,7.51,0.0,5.52071,1.09998,6.81456,6.4992,0.0,43.7903,12.253,6.19738,1.21638,1.85,11.0771,0,1260.61,0.0,5.02022,29.0522,1.41726,1.29854,8.94486,0.0,0.46656,2.09985,0.0,4.86554,55.8995,0.6,6.26406,930.168,12.352,1.7373,3.865,31.9836,0.0,5.82406,20.084,651.157,261.989990234,4.09,7.25,1.10018,0.0,106.601,24.7132,197.45,0.08352,244.7,231.732,67.3,0.0,165.484,11.0368,31.2621,0,28.7681,0.0,1251.28,2.68925,0.0121,28.4153,0.76905,0.63967,45.3858,0.0,0.05223
2022-09-28 06:40:00,9.59731,1743.24,22.2216,0,17.61,0.0,10.3108,0.0,6.42393,8.90249,0.0,36.9314,13.0135,11.7996,1.11603,0.97,13.8549,0,1244.7,0.0,4.74556,16.7304,2.38407,1.49996,12.8048,0.0,0.60621,1.18895,0.0,9.152,55.4288,0.6,7.9831,938.737,15.2927,2.06476,6.503,36.3741,0.148001,4.43,8.392,658.482,119.190002441,4.52,9.25,1.70138,0.0,105.933,30.1279,197.784,0.12371,253.0,242.549,67.9,0.0,163.605,9.92905,39.3713,0,27.5816,0.0,1250.21,5.24056,0.01396,34.7265,0.0,0.48952,48.3241,0.0005,0.05127
2022-09-28 06:45:00,10.8962,1736.26,26.252,0,15.94,0.0,27.1531,1.09998,0.0,10.5985,0.0,16.4416,17.7328,16.2999,1.21709,0.34,16.321,0,1273.02,0.0,4.50141,11.0453,3.39483,2.59861,16.4147,0.0,0.0,1.27861,0.0,12.2742,55.312,0.6,9.50067,936.229,19.3211,2.59754,4.033,40.1908,0.248001,13.6367,19.954,655.601,9.76000022888,6.37,11.5,2.40024,0.0,91.8975,35.6655,198.08,0.08352,245.8,236.223,67.9,0.0,162.814,36.3241,45.669,0,16.2033,0.0,1248.16,9.75967,0.0,41.2635,0.0,0.9302,53.5683,0.0,0.05686
2022-09-28 06:50:00,12.7956,1733.16,30.4417,0,15.45,0.0,35.8618,2.09997,0.0,11.6972,0.0,4.18097,19.8642,16.2999,1.62938,-0.13,22.1475,0,1315.62,0.0,5.57565,22.5715,5.03059,3.09911,20.4247,0.0,0.0,1.44683,0.0,9.15558,55.4288,0.6,11.5866,934.8,23.6315,3.41707,4.076,42.1596,0.600001,17.7578,22.42,656.187,0.0,6.7,14.0,3.80102,0.0,92.1263,41.6601,197.841,0.08352,245.4,234.313,67.3,0.0,168.099,51.0643,53.6587,0,9.83108,0.0,1249.26,12.1035,0.0,47.9835,0.0,1.70049,46.5333,0.0,0.06128
2022-09-28 06:55:00,13.0983,1725.91,34.7111,0,15.5,0.0,40.8203,3.09995,0.0,13.7984,0.0,0.0,17.4935,11.8969,1.62938,-0.07,27.5404,0,1331.73,0.0,6.22263,36.2177,5.59213,6.80095,22.6047,0.0,0.0,1.31273,0.0,5.12026,55.9856,1.5,2.91981,928.666,27.4786,4.27909,5.683,46.4501,1.053,19.1543,29.824,645.42,0.0,32.61,20.5,5.10109,1.008,78.7595,47.5396,196.455,0.12371,242.4,230.252,67.0,0.0,168.088,14.8089,57.9739,0,6.10666,0.0,1256.68,13.0019,0.0,54.728,0.0,1.20975,57.4868,0.0,0.05834
2022-09-28 07:00:00,13.9968,1726.08,38.8397,0,12.16,0.0,46.1598,3.69994,0.0,15.8034,0.0,0.0,13.6361,5.99825,1.93626,-0.05,32.4319,0,1337.74,0.0,8.12696,77.6093,7.18395,11.9005,26.6146,0.36499,0.0,2.79731,0.0,5.11898,57.0131,1.5,3.33709,933.537,32.1112,4.76939,9.451,52.5726,0.853001,20.9439,38.3,654.112,0.0,37.06,11.75,5.10109,2.007,69.1371,53.7341,197.48,0.08352,246.4,235.94,67.3,0.0,170.593,79.4644,68.3049,0,3.10552,0.0,1252.89,15.3579,0.0,61.9058,0.0,1.11942,35.7262,0.0,0.04981
2022-09-28 07:05:00,13.2985,1762.65,43.0002,0,12.62,0.0,52.7993,3.09995,0.0,14.6979,0.0,2.4773,12.1944,7.49836,2.57254,0.05,38.7869,0,1336.62,0.0,8.92042,81.7636,8.77577,14.5983,24.8946,0.33499,0.77125,3.10439,0.0,3.53178,55.4288,1.5,4.13978,929.838,35.2937,5.04198,9.08,55.6838,1.306,22.4186,43.202,629.77,0.0,45.8,13.25,6.09903,1.337,70.2541,59.5304,197.277,0.12371,243.6,195.433,67.3,0.0,168.989,93.2616,73.0303,0,1.80179,0.0,1249.28,18.1265,0.0,69.2302,0.0,0.0,35.7446,0.0,0.04911
2022-09-28 07:10:00,17.2,1799.98,47.0704,0,13.33,0.0,60.9696,3.49995,0.0,15.5013,0.0,1.15053,12.6546,6.99832,3.40122,2.89,44.3153,0,1330.59,0.0,14.1695,51.0522,6.63462,15.8007,23.0546,0.62499,4.08795,3.96847,0.0,1.95386,55.7211,1.5,4.78234,936.76,39.312,6.07214,15.005,54.0782,2.075,23.9567,46.22,606.406,0.0,50.43,28.75,4.79896,1.943,74.3557,65.1498,198.413,0.12371,253.6,187.672,67.9,0.0,169.857,75.8206,81.1225,0,3.32525,0.0,1245.86,16.5298,8.61828,76.8841,0.0,0.0,27.2642,0.0,0.05596
2022-09-28 07:15:00,16.9998,1818.53,51.1512,0,12.95,0.0,57.6297,4.09994,0.0,14.6017,0.0,0.66148,10.7344,6.79919,3.40122,3.58,48.8004,0,1339.99,0.0,12.9305,61.5058,4.53742,17.0001,24.1546,1.02498,12.8669,4.53263,0.0,1.98944,55.8688,2.25,4.67251,944.56,39.2314,5.19597,19.385,53.7465,1.143,26.2003,48.9,577.987,0.0,62.9,34.75,3.49889,2.13,72.2866,70.5421,198.564,0.13376,250.6,206.641,67.9,0.0,169.428,73.6141,88.3003,0,11.3985,0.0,1254.34,11.0195,10.2956,84.1779,0.0,0.0,21.2204,0.0,0.05369
2022-09-28 07:20:00,16.7996,1814.65,55.2613,0,13.85,0.0,50.9316,6.09991,0.0,15.1991,0.0,0.0,9.23537,4.09987,3.19795,2.9,58.6783,0,1341.26,0.0,8.13306,84.9107,4.51789,17.1984,21.8547,0.97499,12.7844,4.40806,0.0,2.26637,55.1643,2.25,5.4656,936.155,37.9423,6.51289,30.157,53.657,1.345,27.4137,50.874,559.481,0.0,32.84,13.5,3.80102,1.066,78.0728,75.828,198.382,0.12371,248.2,202.951,68.0,0.0,170.758,54.2138,95.4525,0,22.7988,0.0,1250.26,16.7593,0.5985,91.0506,0.0,0.0,21.5976,0.0,0.0512
2022-09-28 07:25:00,17.5955,1816.75,59.2917,0,12.18,0.0,78.6102,8.09988,0.0,14.1966,0.0,0.0,9.49416,3.09979,3.83078,2.19,67.7297,0,1343.55,0.0,6.93675,39.4001,4.40314,17.9004,20.9797,0.99498,10.5182,5.69427,0.0,1.79187,56.484,2.5,5.84858,942.766,37.9222,4.4437,31.28,37.3796,0.993001,27.0378,51.782,560.092,0.0,19.93,12.25,4.30152,0.664002,73.0373,80.2014,198.427,0.12371,256.1,203.923,68.0,0.0,165.44,22.5269,101.964,0,30.6139,0.0,1249.09,21.0538,7.24442,97.8866,0.0,0.0,22.2654,0.0,0.05502
2022-09-28 07:30:00,16.9998,1793.31,63.2902,0,12.07,0.0,81.192,8.09988,0.0,17.3003,0.0,0.0,7.87427,3.89631,4.9984,1.29,79.7079,0,1336.86,0.0,4.57465,30.729,4.36408,15.3002,21.2547,1.08498,7.29992,6.32349,0.0,3.03936,55.5181,2.5,8.95437,936.247,35.8173,5.22606,29.621,18.2858,0.741001,27.0622,52.586,555.233,0.0,17.86,14.0,4.60059,0.0,74.2641,84.1943,197.894,0.12371,245.7,197.749,67.4,0.0,162.737,29.1737,108.569,0,29.8082,0.0,1253.19,19.2251,0.01396,105.278,0.0,0.0,20.1218,0.0,0.05366
2022-09-28 07:35:00,17.3953,1766.58,67.2303,0,10.66,0.0,41.5894,9.99985,0.0,21.997,0.0,0.0,5.18379,5.99825,5.0985,0.43,83.9898,0,1341.5,0.0,4.11078,79.1653,5.12093,16.0998,21.4047,2.17497,11.1403,6.13306,0.0,3.75398,55.838,2.5,9.79405,938.536,43.1692,5.54113,36.553,12.6003,0.842001,27.465,53.32,563.729,0.0,31.53,15.75,5.29946,0.0,77.6242,86.5158,197.677,0.14381,252.6,108.373,68.0,0.0,164.473,15.2575,126.727,0,32.119,0.0,1251.11,10.2211,1.93327,111.308,0.0,0.0,17.3043,0.0,0.05359
2022-09-28 07:40:00,18.4988,1721.78,70.4111,0,12.32,0.0,33.5509,7.39989,0.0,28.3005,0.0,0.0,4.60517,9.09583,5.0985,0.07,68.7595,0,1335.27,0.0,4.27558,75.6354,6.19516,16.2005,20.3347,0.97499,16.3264,5.55303,0.0,6.88154,55.7795,3.51,10.8216,937.144,28.818,4.17997,38.171,9.12577,1.545,27.5651,53.918,574.911,0.0,47.33,29.5,5.29946,0.0,83.6484,87.9535,197.831,0.13376,243.7,5.26429,67.3,0.0,158.332,17.8119,139.408,0,30.2989,0.0,1250.06,9.76699,0.0,119.384,0.0,0.0,20.5087,0.0,0.05528
2022-09-28 07:45:00,14.2995,1692.09,73.3901,0,11.35,0.0,26.0801,8.29987,0.0,29.097,62.0252,0.0,4.06317,9.49851,4.674,0.19,49.383,0,1306.51,0.0,7.27245,71.6523,8.03357,21.0986,19.8847,1.18498,15.6155,5.484,0.0,10.4115,56.1917,4.52,29.9407,936.174,35.062,5.10393,40.033,6.95686,1.495,27.4186,54.212,483.455,0.0,48.12,34.25,6.70024,0.964002,77.7615,89.1986,197.34,0.12371,245.0,0.0,67.6,0.0,156.904,10.8446,140.058,0,32.4376,0.0,1241.52,7.78454,0.00093,127.953,0.0,0.0,16.1202,0.0,0.0528
2022-09-28 07:50:00,11.8972,1651.56,76.0293,0,10.61,0.0,23.3701,7.09989,0.0,28.6027,120.66,0.0,6.1445,12.897,6.39104,0.0,54.2475,0,1274.34,0.0,10.8675,77.8359,5.96078,23.1983,19.8947,1.19498,15.7361,4.70481,0.0,10.7187,55.6042,5.52,19.1273,923.283,40.9737,6.30756,37.34,5.31964,0.993001,27.3649,54.64,457.234,0.0,41.01,51.75,4.30152,1.551,73.2937,90.2427,170.319,0.04333,247.2,0.0,67.6,0.0,155.871,26.7842,143.647,0,31.2035,0.0,1213.17,6.61753,0.0,134.936,0.0,0.0,22.0969,0.0,0.05666
2022-09-28 07:55:00,10.0954,1651.05,77.1789,0,14.13,0.0,23.22,6.09991,0.0,25.8011,173.787,0.0,7.51293,13.4988,8.32794,0.21,56.9575,0,1231.46,0.0,11.7098,85.3085,5.13558,23.5004,19.2047,1.19498,14.365,5.34752,0.0,12.5635,56.5148,7.55,16.1577,936.558,67.3193,7.9537,40.501,4.60368,0.842001,27.4137,54.91,455.744,0.0,95.05,42.0,3.30053,2.795,74.3282,89.9701,119.99,0.12371,121.7,0.0,67.9,0.0,157.508,24.8249,140.271,0,34.9389,0.0,1187.73,7.12779,0.86658,139.239,0.0,0.0,20.9738,0.0,0.0515
2022-09-28 08:00:00,9.49966,1662.53,77.4603,0,20.6,0.0,22.8501,6.09991,0.0,24.2012,168.532,0.0,7.42504,12.2996,12.1262,0.53,65.2365,0,1199.07,0.0,8.74952,81.824,6.50767,22.9999,16.5748,0.66499,11.2673,5.13725,0.0,15.5469,55.6934,9.55,9.43923,939.488,50.3497,5.87921,20.659,9.49428,0.390001,27.3307,55.072,442.805,0.0,61.04,56.0,5.50088,2.681,70.2815,89.977,120.381,0.12371,2.8,0.0,67.9,0.0,158.958,26.0243,97.6315,0,34.2101,0.0,1191.49,7.48424,8.69274,142.412,0.0,0.0,18.6874,0.0,0.05388
2022-09-28 08:05:00,7.79553,1643.97,77.8294,0,19.24,0.0,41.8897,6.4999,0.0,29.5022,165.924,0.0,6.68589,16.2999,10.3101,0.87,55.3044,0,1168.72,0.0,9.28664,86.1344,6.58335,21.8982,14.9548,0.81499,7.59191,6.07672,0.0,17.7213,55.5181,8.54,10.836,942.857,35.3843,4.5145,39.567,11.6158,0.189001,27.3063,55.252,449.86,73.7200012207,39.33,61.5,5.10109,1.87,66.7933,90.026,117.106,0.12371,0.0,0.0,67.9,0.0,161.331,17.0886,55.2651,0,27.783,0.0,1204.11,8.36805,15.1022,144.463,0.0,0.0,23.3774,0.0,0.05476
2022-09-28 08:10:00,7.09728,1665.67,78.14,0,14.91,0.0,61.5225,6.19991,0.0,60.2987,164.749,0.0,7.06493,16.5964,6.91994,1.82,55.8193,0,1195.33,0.0,12.5948,93.8689,6.9276,17.5006,13.5548,1.06498,3.12627,4.33347,0.0,15.467,55.1951,6.53,15.2689,941.081,30.9732,4.19059,43.439,21.0653,0.139001,27.2843,55.35,442.634,43.6599998474,43.43,51.25,5.00038,0.0,63.5706,90.0587,0.0,0.12371,20.6,0.0,67.9,0.0,154.75,13.9574,57.5125,0,25.2232,0.0,1228.63,19.8624,0.00093,146.148,0.0,0.0,20.9543,0.0,0.05265
2022-09-28 08:15:00,5.99863,1594.87,78.3498,0,14.74,0.0,55.0405,5.49992,0.0,63.6015,164.119,0.0,5.16426,13.7997,5.34502,1.26,62.3639,0,1162.25,0.0,15.2682,86.8897,6.1854,22.3987,12.9348,1.10498,0.62525,3.53524,0.0,16.3645,55.7519,5.52,29.7923,913.376,0.0,0.0,42.43,46.8502,0.0,26.8547,55.528,440.485,75.2900009155,75.38,44.5,8.00031,0.0,68.3772,90.1247,0.0,0.14381,116.6,0.0,66.7,0.0,156.607,11.4946,56.7092,0,24.7251,0.0,1236.34,10.1723,0.0,148.309,0.0,0.0,20.0681,0.0,0.05232
2022-09-28 08:20:00,5.09529,1609.3,78.6206,0,15.59,0.44691,44.0394,5.79991,0.0,60.0034,164.749,0.0,3.42351,18.7957,6.31962,2.07,38.5972,0,1127.78,0.0,24.2283,83.4253,10.5409,22.6001,12.8148,1.17498,0.0,2.55451,0.0,23.4455,55.6626,4.52,29.7923,934.91,0.0,0.0,29.541,49.0823,0.0,27.1818,55.642,442.609,0.0,47.67,38.75,11.0002,0.0,68.3955,90.0303,0.0,0.08352,123.4,0.0,67.6,0.0,154.607,17.8393,60.8023,0,22.5644,0.0,1208.48,11.6005,0.0,149.389,0.0,0.0,17.8463,0.0,0.05235
2022-09-28 08:25:00,4.29938,1597.56,79.6401,0,17.75,1.70284,45.2223,6.6999,0.0,57.0989,163.866,0.0,2.62577,21.8977,6.31962,1.19,51.0361,0,1084.32,0.0,30.8873,83.4102,11.5712,24.0986,12.0048,1.61498,0.0,2.34821,0.0,26.1714,55.7211,4.52,19.7519,939.268,0.0,0.0,24.256,46.9976,0.139001,27.0451,55.772,441.901,121.61000061,71.99,31.25,9.90158,0.0,85.5528,90.0618,0.0,0.12371,122.2,0.0,67.9,0.0,157.87,28.3864,61.1698,0,22.5827,0.0,1181.63,27.1525,0.0,150.817,0.0,0.0,22.0957,0.0,0.05024
2022-09-28 08:30:00,4.19684,1620.39,80.4606,0,18.07,1.77611,39.8901,6.09991,0.0,61.1021,164.705,0.0,3.23369,23.5969,7.72736,1.06,36.0498,0,1050.04,0.0,35.4589,87.0558,11.7714,24.9989,9.94485,1.53498,1.21242,2.21888,0.0,21.8982,55.1951,4.52,19.6157,954.869,0.0,0.0,26.158,48.7717,0.139001,27.0231,55.786,448.933,247.740005493,36.5,46.25,9.59945,0.0,79.6384,90.0036,0.0,0.15386,2.9,0.0,67.9,0.0,159.848,23.1586,59.5633,0,22.7036,0.0,1155.28,21.608,1.59632,151.238,0.0,0.0,27.7379,0.0,0.05498
2022-09-28 08:35:00,3.39605,1547.02,81.7801,0,15.36,4.06296,100.649,6.09991,0.0,88.8018,114.775,0.0,4.59419,24.8979,8.17766,1.38,33.5566,0,1015.79,0.0,50.0588,83.8583,11.5688,25.9998,8.29487,1.32498,0.45386,1.7658,0.0,28.3095,55.4873,5.52,10.6624,926.981,0.0,0.0,43.029,49.8772,0.0,26.5885,55.896,439.313,371.730010986,41.17,71.25,9.30037,0.0,64.0192,90.1051,0.0,0.12371,0.0,0.0,67.0,0.0,163.671,18.9014,72.4065,0,20.6455,0.0,1175.65,26.6593,0.0,150.646,0.0,0.0,25.1695,0.0,0.05084
2022-09-28 08:40:00,2.79545,1536.3,81.7111,0,14.6,4.46068,92.9586,6.09991,0.0,82.4022,55.4699,0.0,5.44259,26.8981,7.71533,1.94,47.4589,0,1012.12,0.0,74.5037,59.5571,10.1869,26.5003,6.96489,1.03498,0.0,2.01019,0.0,66.1381,55.6934,5.52,10.1012,941.868,0.0,0.0,24.619,48.9665,0.0,27.0353,55.934,451.887,348.549987793,44.88,53.0,7.8996,0.0,73.8155,90.1155,0.0,0.00565,0.0,0.0,68.1,0.0,166.77,20.6043,114.047,0,15.5624,0.0,1161.22,18.2925,0.00093,151.043,0.0,0.0,20.6845,0.0,0.05275
2022-09-28 08:45:00,5.19761,1510.89,82.0111,0,13.59,4.15088,63.7711,6.5999,0.0,60.6008,0.0,0.0,2.58366,25.7962,10.1704,2.48,62.5536,0,1009.9,0.0,86.1372,67.6391,9.77188,27.1992,6.6649,1.37498,0.0,2.3379,0.0,67.4161,56.6593,6.53,10.3496,940.971,0.0,0.0,24.178,49.7877,0.139001,26.9816,55.928,449.128,471.0,17.42,63.0,8.40009,0.0,68.1483,89.9349,0.0,0.12371,0.0,0.0,68.1,0.0,167.912,19.8901,113.218,0,15.1522,0.0,1131.11,9.61318,0.00093,151.586,0.0,0.0,17.1615,0.0,0.05009
2022-09-28 08:50:00,5.69428,1461.91,81.5199,0,14.47,4.7935,36.7407,6.4999,0.0,52.1,0.0,0.0,1.68582,23.7961,11.8287,2.01,52.6215,0,1000.33,0.0,102.275,93.5969,9.82315,24.8981,6.12491,2.36496,0.0,1.56506,0.0,44.6853,55.5765,7.53,12.7611,938.371,0.0,0.0,22.622,42.5334,0.189001,26.8962,55.98,441.047,513.780029297,9.44,41.25,7.79889,0.0,68.1575,90.0656,0.0,0.15386,0.0,0.0,68.0,0.0,166.055,21.1902,73.6541,0,10.5397,0.0,1100.5,6.9691,0.00093,152.404,0.0,0.0,25.7981,0.0,0.05317
2022-09-28 08:55:00,4.59609,1461.35,81.8093,0,17.07,5.19122,28.9403,6.6999,0.0,78.0968,0.0,0.0,2.42435,25.6989,10.2784,2.03,83.4342,0,1009.0,0.0,61.7166,77.5942,10.1405,21.9989,4.01494,3.89494,0.0,0.62956,0.0,64.3359,55.4873,8.54,16.3221,947.398,0.0,0.0,24.238,41.0647,0.189001,26.9279,55.966,446.467,574.489990234,11.53,41.5,6.70024,0.0,61.6663,90.077,0.0,0.00565,0.0,0.0,68.0,0.0,163.375,18.1598,65.5192,0,6.00412,0.0,1078.21,6.33188,0.00093,153.185,0.0,0.0,22.6352,0.0,0.05276
2022-09-28 09:00:00,4.59747,1468.36,82.1811,0,19.34,7.27398,23.0112,6.7999,0.0,79.2985,0.0,0.0,3.6054,24.3979,9.95942,2.02,79.1524,0,1007.61,0.0,100.578,77.6748,12.7748,19.0997,4.17494,4.11494,0.0,0.65098,0.0,48.5827,56.484,8.54,29.8701,942.125,0.0,0.0,21.249,39.2221,0.240001,26.8571,55.994,447.81,631.359985352,15.21,47.0,8.40009,0.302001,55.0011,90.0133,0.0,0.12371,0.0,0.0,68.0,0.0,166.627,22.6276,58.0765,0,2.94804,0.0,1052.35,5.6141,0.00093,156.725,0.0,0.0,21.3523,0.0,0.05616
2022-09-28 09:05:00,3.8957,1464.43,80.3809,0,19.6,8.96113,22.883,6.09991,0.0,72.3976,0.0,0.0,3.05486,20.8976,8.71629,1.69,112.147,0,1008.02,0.0,48.1849,77.9215,13.102,27.1992,3.51995,3.87494,0.42213,0.49705,0.0,53.461,56.3363,9.54,29.8701,939.14,0.0,0.0,26.055,37.0164,0.240001,26.7521,56.014,446.491,592.989990234,29.45,25.75,8.69917,1.218,61.0712,90.0978,0.0,0.12371,0.0,0.0,68.0,0.0,167.11,29.0089,55.7864,0,2.68803,0.0,1024.81,6.12924,0.00093,143.432,0.0,0.0,21.0459,0.0,0.04863
2022-09-28 09:10:00,4.49981,1477.68,63.7097,0,26.51,10.1333,24.4505,6.09991,0.0,35.2014,0.0,0.0,3.57366,16.0964,13.2971,1.47,164.206,0,1019.16,0.0,49.485,77.7906,13.2973,27.1992,3.75994,4.04494,0.0,0.38199,0.0,77.2014,56.2194,10.54,29.8701,956.828,0.0,0.0,32.256,47.703,0.290001,25.6168,56.046,453.791,493.089996338,28.61,21.0,9.0013,0.0,56.466,89.9532,0.0,0.08352,0.0,11.6551,68.0,0.0,159.925,40.1511,75.7989,0,2.35477,0.0,1005.57,6.20249,0.00093,115.691,0.0,0.0,26.7649,0.0,0.05379
2022-09-28 09:15:00,4.39635,1439.52,68.3003,0,28.2,10.2401,22.103,6.09991,0.0,53.1025,0.0,0.0,2.64469,17.1982,6.93504,1.16,208.501,0,1030.41,0.0,60.0382,78.6114,13.4121,19.0997,4.21994,4.44493,0.0,0.23362,0.0,66.2856,56.1333,12.55,23.338,936.723,0.0,0.0,41.79,52.4831,0.239001,26.3908,56.064,440.949,398.390014648,48.2,15.75,9.30037,0.0,61.4282,90.1163,0.0,0.12371,0.0,70.8885,67.7,0.0,158.958,62.9114,84.2328,0,4.11627,0.0,999.445,4.6009,0.00093,142.699,0.0,0.0,21.0788,0.0,0.04989
2022-09-28 09:20:00,4.49584,1393.77,60.3617,0,32.07,8.59272,18.06,7.09989,0.0,56.3985,0.0,0.56077,2.83268,9.89677,4.47002,1.37,211.306,0,994.717,0.0,96.5805,77.9265,11.537,16.7987,3.70994,7.39489,0.0,0.34946,0.0,84.9961,57.0408,13.54,20.8261,914.676,0.0,0.0,39.431,49.7193,0.189001,26.027,56.04,440.021,436.220001221,79.47,25.25,8.60151,0.0,63.0854,90.0681,0.0,0.14381,0.0,38.7128,66.8,0.0,154.245,141.245,88.1807,0,4.99702,0.0,977.398,2.08865,0.0,140.343,0.0,0.0,26.7002,0.0,0.05816
2022-09-28 09:25:00,3.79942,1373.31,67.5596,0,43.29,6.21062,17.0529,7.09989,0.0,106.003,0.0,0.0,2.46403,13.5962,5.13075,2.13,248.297,0,952.016,0.0,79.173,77.7503,11.0121,15.8984,5.49492,4.93493,0.0,0.62083,0.0,84.9674,55.4288,13.54,19.2727,919.803,0.0,0.0,35.522,45.492,0.189001,25.0407,56.052,440.192,367.149993896,68.74,31.25,7.49981,0.0,63.0762,90.0071,0.0,0.12371,0.0,38.9558,66.8,0.0,153.399,152.415,110.347,0,5.5903,0.0,952.617,3.17266,0.0,119.182,0.0,0.0,24.741,0.0,0.05683
2022-09-28 09:30:00,3.59556,1373.73,77.2001,0,42.99,5.91129,14.8226,7.09989,0.0,51.2005,0.0,0.0,2.59464,17.6982,5.13434,2.26,220.94,0,915.688,0.0,71.458,76.9245,12.0766,21.9989,5.56492,4.22494,0.0,1.47857,0.0,84.8814,55.635,13.76,26.9025,941.026,0.0,0.0,18.036,38.9905,0.189001,26.9694,56.056,441.364,326.269989014,92.44,76.75,8.40009,0.0,66.5095,89.8187,0.0,0.14381,0.0,39.9725,68.0,0.0,145.016,144.788,100.28,0,3.54681,0.0,923.954,3.22881,0.00093,106.529,0.0,0.0,27.1763,0.0,0.05438
2022-09-28 09:35:00,3.0972,1432.76,73.961,0,48.65,4.10902,12.3909,7.09989,0.0,86.3024,0.0,0.0,2.19608,21.0967,6.41638,1.58,96.1848,0,915.053,0.0,107.677,76.5619,14.4961,22.6001,5.96491,3.03495,0.0,1.70788,0.0,84.8445,55.635,13.76,29.8107,938.023,0.0,0.0,15.305,46.6607,0.239001,26.5275,56.048,465.412,373.959991455,83.51,67.5,9.99924,0.101,66.4546,89.9643,0.0,0.12371,0.0,31.6012,67.9,0.0,149.488,137.079,110.159,0,3.03593,0.0,898.44,3.1751,0.00093,99.6628,0.0,0.0,17.3227,0.0,0.0502
2022-09-28 09:40:00,2.29427,1389.08,64.3204,0,52.11,4.43137,10.7832,8.99986,0.0,78.7972,0.0,0.0,1.8555,17.4991,10.1606,1.19,132.987,0,936.953,0.0,90.9834,77.6093,15.9536,23.1006,5.49492,3.22495,0.0,1.40002,0.0,84.8773,57.1577,14.58,29.8107,922.587,0.0,0.0,13.551,51.4618,0.289001,26.403,56.018,446.101,302.609985352,79.1,47.75,10.3014,1.047,75.2438,86.3934,0.0,0.12371,0.0,56.2239,67.9,0.0,137.853,145.328,130.88,0,4.95674,0.0,920.414,3.1165,0.00093,98.0209,0.0,0.0,25.6297,0.0,0.05162
2022-09-28 09:45:00,2.69497,1409.4,74.2902,0,50.96,4.69093,10.3511,10.0998,0.0,73.7984,0.0,0.0,1.97574,18.9992,9.0967,0.71,152.607,0,934.463,0.0,81.352,79.3063,20.9659,27.2999,5.39492,3.72494,0.0,1.15721,0.0,62.3985,56.0441,17.59,29.8107,918.247,0.0,0.0,12.851,32.8786,0.339001,23.693,55.976,450.397,347.799987793,18.52,29.25,12.401,0.968002,73.2845,82.4518,0.0,0.08352,0.0,30.3416,67.9,0.0,145.566,135.789,132.418,0,6.91234,0.0,947.978,3.44854,0.01769,107.689,0.0,0.0,29.1136,0.0,0.0588
2022-09-28 09:50:00,2.19386,1397.07,74.6699,0,54.42,4.19065,11.3729,9.09986,0.0,69.8981,0.0,0.0,0.83742,19.5966,6.18394,0.12,110.426,0,898.183,0.0,87.4983,77.9316,21.005,20.6989,4.03994,9.86485,0.0,0.92949,0.0,78.3688,55.1951,19.6,29.9244,921.58,0.0,0.0,11.894,26.2929,0.389001,24.3619,56.0,444.562,316.660003662,26.7,17.5,13.8994,0.0,70.7301,67.0568,0.0,0.14381,0.0,0.72489,67.9,0.0,134.689,147.617,98.6654,0,6.5388,0.0,945.488,3.19707,0.00093,126.482,0.0,0.0,26.2022,0.0,0.05329
2022-09-28 09:55:00,1.79835,1422.6,66.4498,0,56.12,5.13261,12.3726,10.1998,0.0,76.2978,0.0,0.0,0.86671,14.7998,6.82675,0.0,91.5913,0,889.516,0.0,57.2976,77.6899,19.9795,27.0008,3.09495,9.85485,0.0,0.29709,0.0,61.8394,56.6901,19.6,29.6765,928.831,0.0,0.0,11.684,14.8955,0.590001,25.0065,55.938,458.528,399.459991455,17.45,25.25,11.9005,0.0,61.0529,47.1456,0.0,0.12371,0.0,0.0,67.9,0.0,139.04,169.517,83.8996,0,4.63447,0.0,916.654,3.96857,0.00093,92.7779,0.0,0.0,20.9409,0.0,0.05898
2022-09-28 10:00:00,1.19562,1399.56,55.3702,0,51.38,2.87819,14.0499,10.0998,0.0,85.8972,0.0,0.0,0.62745,15.499,5.97555,0.08,103.732,0,866.2,0.0,55.8144,76.5468,22.1891,27.4006,2.15497,4.25494,0.0,0.0,0.0,43.0981,55.2843,20.6,19.8185,927.641,0.0,0.0,8.983,31.2308,0.790001,18.2437,55.976,441.974,569.119995117,21.72,11.75,14.2992,1.154,64.6326,51.1591,0.0,0.12371,0.0,0.0,67.9,0.0,130.503,159.657,74.1582,0,3.9057,0.0,889.505,4.32746,0.00093,81.5961,0.0,0.0,21.1338,0.0,0.05977
2022-09-28 10:05:00,1.89388,1366.04,68.3003,0,47.44,4.75164,16.1703,10.0998,0.0,111.702,0.0,0.0,0.14832,13.2997,6.60506,0.35,148.623,0,840.613,0.0,51.8837,75.1671,18.2681,27.0008,2.36996,6.14491,0.0,0.0,0.0,59.2978,55.838,23.62,11.0275,894.388,0.0,0.0,8.734,32.5574,0.690001,16.1099,55.954,437.848,635.049987793,14.99,11.75,14.9004,0.974002,56.4935,71.6535,0.0,0.12371,0.0,0.0,66.8,0.0,132.876,146.088,83.9936,0,4.07599,0.0,916.19,4.59113,0.0,81.413,0.0,0.0,27.0945,0.0,0.05237
2022-09-28 10:10:00,3.19837,1368.82,60.3192,0,45.54,6.26295,22.6706,11.9998,0.0,125.002,0.0,0.0,0.31922,17.3,8.67584,0.52,216.536,0,822.669,0.0,63.2853,74.447,17.7652,25.3986,2.26997,4.71493,0.0,0.0,0.0,82.6532,55.9856,23.62,10.4725,913.706,0.0,0.0,9.443,25.6875,0.841001,17.9751,55.98,437.556,608.270019531,17.49,13.25,12.5017,1.34,58.2971,71.5563,0.0,0.14381,0.0,0.0,67.4,0.0,134.03,148.093,80.943,0,3.78851,0.0,885.818,5.93393,0.00093,64.3839,0.0,0.0,26.5159,0.0,0.05208
2022-09-28 10:15:00,1.79576,1388.64,82.9192,0,45.08,6.60206,21.1032,11.1998,0.0,119.399,0.0,0.0,0.0,19.7958,7.65542,0.14,231.102,0,835.34,0.0,78.8739,74.4269,15.7998,27.1992,2.88496,3.77494,0.0,0.0,0.0,54.6468,55.6042,23.31,11.0213,928.007,0.0,0.0,10.872,39.2695,1.042,18.8809,55.97,443.635,513.030029297,22.87,10.25,10.7988,1.711,55.7977,74.2236,0.0,0.00565,0.0,0.0,68.1,0.0,126.614,140.806,112.833,0,2.2504,0.0,864.406,6.27817,0.00093,63.0594,0.0,0.0,37.3962,0.0,0.05363
2022-09-28 10:20:00,1.39444,1374.61,68.9296,0,43.65,9.69167,27.3509,14.5998,0.0,128.703,0.0,0.0,0.0885,20.3976,10.2374,-0.07,255.167,0,837.635,0.0,107.353,75.1117,14.977,26.9001,1.84997,3.54495,0.0,0.0,0.0,71.4547,54.7859,25.63,11.1565,905.484,0.0,0.0,10.632,53.0095,3.544,18.0386,55.982,439.265,535.33001709,23.16,18.5,10.2007,2.448,56.1364,64.0021,0.0,0.04333,0.0,0.0,67.3,0.0,128.965,143.305,92.0089,0,2.84001,0.0,835.865,7.84802,0.0,81.9013,0.0,0.0,37.5195,0.0,0.05282
2022-09-28 10:25:00,2.89517,1381.69,69.4208,0,47.46,11.0104,29.4127,10.0998,0.0,99.6029,0.0,0.0,0.0,21.9995,11.5973,-0.1,240.601,0,843.079,0.0,91.4595,75.1318,12.0034,27.0008,0.275,2.92496,0.0,0.0,0.0,81.1172,56.4255,26.63,10.6865,923.008,0.0,0.0,11.539,41.4595,9.89,15.4946,55.928,441.242,419.940002441,28.21,39.5,9.09896,3.898,53.8384,43.2274,0.0,0.15386,0.0,0.0,67.9,0.0,127.273,141.245,82.7802,0,2.47929,0.0,811.182,8.77089,0.00093,99.5102,0.0,0.0,37.5964,0.0,0.0496
2022-09-28 10:30:00,2.29549,1408.05,70.6607,0,44.82,7.41214,24.1502,10.4998,0.0,127.2,0.0,0.0,0.0,19.9993,9.85856,-0.03,174.165,0,823.621,0.0,106.334,76.1137,10.0307,27.0008,0.0,6.00491,0.0,0.12412,0.0,76.1446,55.958,25.63,11.2476,919.126,0.0,8.95201,11.818,30.378,6.703,17.062,55.948,441.12,301.290008545,35.78,43.75,5.90066,3.514,54.4884,44.8213,0.0,0.04333,0.0,0.0,68.0,0.0,124.153,168.4,108.843,0,2.42435,0.0,779.125,8.20935,0.00093,68.8945,0.0,0.0,30.9496,0.0,0.05259
2022-09-28 10:35:00,2.79446,1410.71,59.2917,0,41.84,8.59272,29.0098,11.0998,0.0,127.2,0.0,0.0,0.0,20.5967,10.0557,0.0,216.292,0,837.659,0.0,106.914,76.3202,11.5346,25.301,0.0,3.67494,0.0,0.00034,0.0,76.3453,57.0408,25.63,12.3771,930.937,116.677,25.6028,11.116,25.9454,5.333,17.3086,55.954,455.305,242.220001221,34.19,42.0,6.30045,4.981,60.4212,49.1418,0.0,0.08352,0.0,0.0,68.0,0.0,115.507,114.896,102.553,0,3.60906,0.0,754.979,10.7509,0.00093,54.8562,0.0,0.0,29.0025,0.0,0.05652
2022-09-28 10:40:00,3.39505,1391.43,40.3903,0,45.81,10.3008,34.3713,12.0998,0.0,138.598,0.0,0.0,0.0,18.8975,12.0136,0.07,246.292,0,832.85,0.0,100.444,76.3806,12.499,22.7008,0.35499,7.40489,0.0,0.0,0.0,76.6485,55.8688,23.62,11.0443,922.861,127.554,17.2057,8.716,49.3929,5.611,20.817,55.98,436.066,323.429992676,33.74,35.25,7.79889,5.441,56.585,57.557,0.0,0.04333,0.0,0.0,68.0,0.0,115.594,115.564,75.9185,0,3.07805,0.0,725.071,11.5956,0.00093,65.0797,0.0,0.0,32.6732,0.0,0.05635
2022-09-28 10:45:00,4.49447,1362.91,59.7192,0,50.09,8.43363,33.3715,12.0998,0.0,123.299,0.0,0.0,0.0,10.5959,15.0385,0.0,199.124,0,830.579,0.0,95.964,75.4239,13.2949,22.9999,1.17498,9.87485,0.0,0.0,0.0,72.618,56.3087,23.62,11.8415,906.784,123.384,18.9652,7.183,30.1885,10.662,20.5582,55.948,441.315,347.339996338,27.71,20.5,8.90059,8.906,49.3797,74.082,0.0,0.15386,0.0,0.0,67.1,0.0,115.331,112.534,99.9472,0,1.53994,0.0,697.58,11.7812,0.0,118.395,0.0,0.0,32.0262,0.0,0.05651
2022-09-28 10:50:00,3.69688,1374.95,67.8092,0,54.74,8.05057,36.2206,13.0998,0.0,120.601,0.0,0.0,0.0,14.7998,13.4763,0.0,201.821,0,829.993,0.0,90.0191,74.6081,15.4604,27.0985,1.91497,8.66487,0.0,0.0,0.0,61.5834,54.8444,25.63,13.2782,921.268,132.176,22.7424,7.542,32.1574,12.243,19.6939,55.932,439.899,254.119995117,33.23,11.75,10.399,9.714,53.9025,82.7046,0.0,0.04333,0.0,0.0,67.9,0.0,121.824,119.638,104.382,0,0.85878,0.0,671.92,13.4536,0.02513,120.745,0.0,0.0,26.9676,0.0,0.05089
2022-09-28 10:55:00,1.49836,1379.29,67.4295,0,62.73,8.19291,42.0618,12.9998,0.0,126.403,0.0,0.0,0.27893,20.0967,15.7614,0.0,260.723,0,846.204,0.0,129.009,75.2779,16.6592,27.1992,0.79499,9.86485,0.0,0.0,0.0,57.129,55.4596,28.68,14.2362,910.959,128.138,13.4391,8.164,51.5092,12.369,18.5733,55.952,439.875,71.4400024414,42.74,21.75,12.3003,9.194,46.0288,73.8532,0.0,0.12371,0.0,0.0,67.8,0.0,121.516,117.084,109.509,0,0.94484,0.0,648.36,16.0635,0.0,96.8551,0.0,0.0,23.7864,0.0,0.05541
2022-09-28 11:00:00,0.89601,1390.35,60.9591,0,61.92,5.90082,36.2719,13.1998,0.0,137.101,0.0,0.0,0.0,15.2998,16.9882,0.0,241.021,0,856.873,0.0,105.595,76.2094,18.356,26.2989,0.75999,7.72488,0.0,0.0,0.0,77.3161,56.4563,28.67,13.994,924.528,130.031,12.5665,8.229,30.0516,11.437,20.69,55.948,443.708,7.98999977112,24.14,31.0,14.2992,9.419,53.6919,64.7572,0.0,0.13376,0.0,0.0,68.1,0.0,119.802,138.645,121.002,0,1.30556,0.0,622.529,13.5317,0.00093,77.1405,0.0,0.0,36.5246,0.0,0.04534
2022-09-28 11:05:00,1.89876,1369.19,82.9192,0,58.91,4.14355,53.7404,11.6998,0.0,127.797,0.0,0.0,0.0,13.2997,16.3799,0.0,198.284,0,865.443,0.0,125.512,76.0584,17.626,24.0986,1.37998,6.4749,0.0,0.0,0.0,82.6163,56.6901,29.67,13.5414,916.269,127.06,25.2931,9.786,34.2999,11.917,22.1793,55.826,440.29,148.350006104,11.16,37.0,14.7997,9.024,58.4344,69.6412,0.0,0.12371,0.0,0.0,67.8,0.0,114.496,116.809,120.378,0,2.09842,0.0,593.89,21.3736,0.0,63.9384,0.0,0.0,36.7517,0.0,0.05496
2022-09-28 11:10:00,2.09408,1382.39,80.5588,0,54.41,3.94993,41.5528,14.1998,0.0,138.2,0.0,0.0,0.0,14.698,17.3824,0.0,210.737,0,873.646,0.0,86.6743,76.0483,20.7657,24.4007,1.12498,5.83491,0.0,0.0,0.0,66.5129,55.9856,33.71,13.2726,922.092,122.236,20.4785,10.143,28.6513,11.453,24.7453,55.728,445.417,179.050003052,6.63,47.25,16.3989,8.064,51.9799,68.8299,0.0,0.12371,0.0,0.0,67.5,0.0,106.223,111.041,112.013,0,3.03227,0.0,579.437,13.2656,0.0,64.036,0.0,0.0,34.4091,0.0,0.05295
2022-09-28 11:15:00,3.09857,1386.2,72.6414,0,55.7,3.90179,38.9123,15.0998,0.0,116.9,0.0,0.0,0.0,20.3976,25.5887,0.23,168.745,0,872.767,0.0,93.2235,77.1309,24.8527,27.1992,0.92999,6.7549,0.0,0.0,0.0,85.1804,56.5732,27.63,14.1481,920.389,124.15,19.0484,9.429,35.0686,10.372,20.3458,55.81,439.191,207.020004272,10.28,56.75,17.7997,8.999,62.6185,58.6897,0.0,0.14381,0.0,0.0,67.9,0.0,96.39,115.656,113.269,0,2.69718,0.0,567.522,12.3745,0.00093,73.7468,0.0,0.0,30.1256,0.0,0.0543
2022-09-28 11:20:00,2.29732,1398.04,47.5005,0,64.66,5.78151,33.9904,15.1998,0.0,116.701,0.0,0.0,0.0,19.2957,16.702,0.51,112.634,0,877.357,0.0,101.714,76.4461,29.8235,27.0985,2.01497,4.50493,0.0,0.0,0.0,71.766,55.958,19.57,14.486,925.48,124.804,17.296,9.096,49.3876,12.689,19.8013,55.68,447.468,304.390014648,14.91,84.75,17.9004,7.764,67.1046,57.4766,0.0,0.00565,0.0,0.0,67.9,0.0,101.334,115.482,88.2063,0,2.47013,0.0,555.657,9.48623,0.00093,65.3605,0.0,0.0,29.3004,0.0,0.04968
2022-09-28 11:25:00,2.39543,1371.53,61.3016,0,57.23,7.98359,24.8313,17.5997,0.0,125.002,0.0,0.0,0.0,14.7998,16.1782,0.72,120.195,0,871.009,0.0,81.9013,76.7835,35.2215,22.2004,2.08497,4.67493,0.0,0.07095,0.0,79.5771,55.8995,16.54,13.4226,911.161,123.817,16.3579,13.261,52.541,12.736,17.167,55.7,439.606,314.309997559,15.78,48.75,23.299,6.015,75.9762,65.975,0.0,0.12371,0.0,0.0,67.9,0.0,99.4223,113.046,79.7638,0,3.5285,0.0,550.603,7.74304,0.00093,60.8438,0.0,0.0,29.9425,0.0,0.05813
2022-09-28 11:30:00,2.49843,1371.11,35.6005,0,51.99,9.14324,25.2232,34.1995,0.0,133.503,0.0,0.00916,0.0,17.7956,14.2203,0.77,158.203,0,870.985,0.0,68.5832,76.426,43.1782,27.1992,2.90996,4.87493,0.0,0.66447,0.0,77.7953,55.5181,14.52,13.0473,919.272,103.766,13.4639,14.486,50.9301,9.615,17.0352,55.754,441.413,445.209991455,13.25,37.75,32.3995,5.79,95.2026,62.4416,0.0,0.12371,0.0,0.0,67.6,0.0,108.398,94.2412,81.6437,0,3.66033,0.0,556.926,9.45205,0.0,59.1531,0.0,0.0,34.8107,0.0,0.05448
2022-09-28 11:35:00,2.59472,1370.28,31.6498,0,50.67,7.65076,32.7416,28.9996,0.0,135.302,0.0,0.0,0.0,12.4987,16.3318,1.27,166.604,0,869.252,0.0,46.8971,76.0936,45.2924,27.0985,2.99495,4.99492,0.0,0.62876,0.0,72.3394,56.9516,15.52,14.2664,914.878,109.859,14.494,13.769,49.8877,11.836,17.9263,55.686,438.361,324.239990234,13.96,77.75,36.202,5.486,93.5729,49.6743,0.0,0.12371,0.0,0.0,67.6,0.0,108.321,99.1485,84.0278,0,2.39322,0.0,551.067,11.6494,0.0,64.7318,0.0,0.0,31.0558,0.0,0.04847
2022-09-28 11:40:00,1.77423,1377.27,33.1101,0,51.15,9.87168,42.0105,35.7994,0.0,116.598,0.0,0.0,0.10925,12.5961,16.3333,0.89,164.545,0,872.352,0.0,71.9219,76.1691,39.5795,27.0985,3.67494,5.96491,0.0,0.50498,0.0,84.1933,56.6009,16.53,14.186,912.021,108.409,11.5823,11.503,31.8468,12.432,17.7066,55.606,439.899,181.619995117,17.62,54.75,34.5998,6.583,92.0806,48.0138,0.0,0.08352,0.0,0.0,67.9,0.0,105.278,95.761,89.7615,0,2.1387,0.0,548.308,13.3315,0.00093,76.4935,0.0,0.0,31.3085,0.0,0.05485
2022-09-28 11:45:00,2.59777,1391.96,40.4301,0,46.1,10.2401,53.4511,29.9995,0.0,88.3005,0.0,0.0,0.09827,14.2998,15.7978,0.78,148.772,0,877.772,0.0,72.2637,76.7633,35.9564,27.4983,3.49995,6.3149,0.0,0.16934,0.0,81.1418,55.2227,16.87,14.3196,932.273,91.4292,11.1203,9.442,25.2821,12.422,24.9113,55.628,447.443,207.839996338,19.38,69.5,38.3993,12.693,90.3319,51.4937,0.0,0.15386,0.0,0.0,67.9,0.0,102.048,87.1183,95.0338,0,1.67361,0.0,548.625,15.8535,0.00093,84.4404,0.0,0.0,38.7829,0.0,0.05597
2022-09-28 11:50:00,2.79751,1416.38,41.0407,0,47.25,10.1919,51.1916,27.1996,0.0,61.1982,0.0,0.0,0.17884,9.89677,16.7726,0.55,142.905,0,879.872,0.0,61.1429,78.0977,34.8431,23.1983,3.79494,3.64494,0.6316,0.23124,0.0,70.9222,56.1917,16.87,14.8787,931.87,91.832,11.3982,10.344,45.3446,11.671,26.1784,55.498,451.008,144.779998779,28.64,72.0,37.9019,17.292,88.7846,61.7165,0.0,0.13376,0.0,0.0,67.9,0.0,89.095,106.024,106.493,0,2.6807,0.0,546.989,13.8418,0.00093,89.7017,0.0,0.0,42.8125,0.0,0.05148
2022-09-28 11:55:00,2.99817,1364.94,31.9604,0,42.29,9.0302,44.7498,27.5996,0.0,61.5003,0.0,0.0,0.0,9.89677,17.666,0.15,138.0,0,870.13,0.0,77.9522,77.7251,28.2048,16.0998,4.02494,3.61494,0.0,0.2725,0.0,53.162,56.6593,16.87,14.5613,913.669,88.5992,11.7027,10.645,46.308,12.683,21.9352,55.5,441.389,356.700012207,62.4,93.75,24.1016,19.538,109.613,81.2437,0.0,0.12371,0.0,0.0,67.3,0.0,77.658,83.2273,121.891,0,3.40398,0.0,547.429,13.0605,0.0,91.6915,0.0,0.0,46.4112,0.0,0.055
2022-09-28 12:00:00,3.39765,1397.65,31.7002,0,38.26,8.37293,40.3625,31.7995,0.0,48.7011,0.0,0.33188,0.0,17.5965,18.8559,0.0,118.231,0,880.677,0.0,106.755,77.1108,21.5103,19.7986,6.04491,3.38495,0.0,0.62004,0.0,74.9568,55.6042,16.87,12.1687,921.47,100.715,13.4054,10.895,41.1647,9.897,23.3292,55.43,448.127,294.980010986,31.17,84.25,17.2015,12.38,118.412,63.8442,0.0,0.12371,0.0,0.0,67.9,0.0,72.1428,91.4122,111.474,0,3.25566,0.0,552.702,11.1733,0.0,94.1939,0.0,0.0,46.8397,0.0,0.05302
2022-09-28 12:05:00,2.897,1367.45,34.5305,0,35.5,10.8722,34.331,47.1993,0.0,48.0968,0.0,0.0,0.0,15.1981,23.1434,0.28,115.073,0,869.252,0.0,125.469,77.7654,16.6787,22.0996,4.29993,3.90494,0.0,0.43912,0.0,68.1738,55.7795,18.54,12.4017,909.238,96.0316,12.5771,15.717,23.7081,8.832,25.2067,55.266,455.305,312.820007324,30.97,73.5,13.3989,10.046,117.194,57.0749,0.0,0.12371,0.0,0.0,67.3,0.0,67.3198,87.0176,95.3243,0,3.68597,0.0,550.676,9.84512,0.0,88.8106,0.0,0.0,46.2013,0.0,0.05427
2022-09-28 12:10:00,5.39856,1382.69,29.4912,0,33.36,8.02964,30.8116,43.9993,0.0,48.7972,0.0,0.75685,0.30762,22.4995,19.0935,0.48,96.0357,0,879.31,0.0,106.084,76.7432,14.0932,24.8981,4.94493,4.65493,0.0,0.80888,0.0,68.5752,56.6316,24.59,12.4595,918.851,103.353,13.7117,24.202,33.8314,7.386,22.3722,55.304,451.691,277.160003662,32.21,57.25,10.6004,11.745,137.043,57.7481,0.0,0.00565,0.0,0.0,67.9,0.0,62.6285,93.637,90.0862,0,2.61295,0.0,552.068,12.6748,0.00093,60.8927,0.0,0.0,43.2923,0.0,0.05359
2022-09-28 12:15:00,4.59472,1396.33,29.0106,0,34.15,5.57219,40.2417,45.6993,0.0,34.1989,0.0,0.0,0.09827,19.4993,22.9755,0.32,66.998,0,882.142,0.0,96.141,77.0655,15.4067,17.6989,5.13492,5.00492,0.0,0.56291,0.0,37.247,55.9272,31.67,11.3254,930.552,89.697,11.6248,27.008,29.4778,5.672,20.0674,55.24,452.741,469.140014648,32.96,46.0,10.0999,8.737,129.371,59.0063,0.0,0.12371,0.0,0.0,67.9,0.0,64.4523,81.8906,85.1899,0,2.63493,0.0,553.215,14.6108,0.00093,49.7108,0.0,0.0,49.2921,0.0,0.05506
2022-09-28 12:20:00,4.19662,1366.06,31.8808,0,31.45,4.0211,40.6812,45.8993,0.0,42.6997,0.0,0.0,0.0885,18.8975,20.4585,0.46,55.6431,0,893.861,0.0,96.1166,77.5438,19.5792,17.1008,5.66491,7.86488,0.0,1.06358,0.0,75.9194,55.8995,31.67,10.4556,919.749,83.2213,10.9168,22.863,39.6801,6.986,17.753,55.226,466.389,563.229980469,45.9,75.25,11.4,7.607,132.895,60.8967,0.0,0.12371,0.0,0.0,67.9,0.0,63.9799,75.6741,82.8656,0,2.43717,0.0,569.915,12.9311,0.00093,51.9264,0.0,0.0,55.0686,0.0,0.05178
2022-09-28 12:25:00,4.19432,1347.19,33.9411,0,21.86,5.05097,36.9824,37.8994,0.0,40.9968,0.0,0.0,0.45777,15.3972,23.5694,0.71,46.673,0,913.075,0.0,83.6286,77.0906,19.8233,15.1995,5.27992,4.50493,0.0,0.78587,0.0,80.2038,55.1366,31.67,9.95174,901.181,82.1437,10.784,23.07,32.7154,5.092,17.6284,55.11,446.516,447.940002441,49.24,90.25,12.9015,7.669,152.525,69.7313,0.0,0.12371,0.0,0.0,67.0,0.0,78.7567,74.3557,63.3658,0,2.19547,0.0,601.605,11.9204,0.0,57.2,0.0,0.0,53.705,0.0,0.05087
2022-09-28 12:30:00,7.09811,1367.23,34.0898,0,17.35,4.46068,34.9426,48.2993,0.0,31.3973,0.0,0.0,0.10925,22.9995,16.3932,0.52,47.8112,0,930.654,0.0,89.958,76.7079,20.2042,13.0999,4.85493,9.85485,0.0,0.77714,0.0,85.205,55.8688,26.64,19.1488,923.338,73.956,9.70074,21.045,32.8733,4.481,15.9365,55.228,442.512,406.480010986,55.44,96.5,14.3999,11.902,148.185,55.8064,0.0,0.12371,0.0,0.0,67.9,0.0,89.8091,67.2694,57.051,0,2.23392,0.0,623.798,13.4365,0.00093,63.6332,0.0,0.0,45.2784,0.0,0.05682
2022-09-28 12:35:00,7.19974,1360.2,39.2804,0,16.05,3.82224,35.2905,43.5993,0.0,29.097,0.0,0.0,0.0,16.8973,17.4807,0.0,106.388,0,934.463,0.0,79.6979,77.0906,20.2164,12.7001,4.27993,8.64487,0.0,1.29528,0.0,85.0739,55.3427,25.63,16.5135,899.295,82.7077,11.0212,19.457,39.7591,5.273,15.292,55.22,439.118,416.040008545,61.14,91.25,16.8017,7.941,159.419,57.9962,0.0,0.12371,0.0,0.0,66.7,0.0,80.0201,74.4472,50.779,0,1.25246,0.0,653.633,15.0967,0.0,90.0496,0.0,0.0,41.0242,0.0,0.05163
2022-09-28 12:40:00,6.49935,1359.54,38.0113,0,15.0,4.03994,28.9219,51.5992,0.0,38.2982,0.0,0.0,0.45716,20.0967,30.251,0.5,78.0955,0,924.257,0.0,95.5734,77.0453,26.1003,8.59846,3.46495,9.36486,0.0,0.88743,0.0,85.0862,56.2502,24.63,14.7461,895.962,84.7823,11.1203,19.117,18.5595,4.315,14.9062,55.088,439.191,402.140014648,62.0,101.0,20.1007,7.117,162.55,87.4989,0.0,0.12371,0.0,0.0,67.1,0.0,79.4488,76.5255,60.358,0,0.83864,0.0,629.682,14.2934,0.0,102.318,0.0,0.0,43.6792,0.0,0.05328
2022-09-28 12:45:00,4.79889,1388.03,37.2918,0,14.9,5.43194,30.8006,31.1995,0.0,62.5029,0.0,0.0,2.05631,28.5,18.9747,1.06,49.3153,0,909.218,0.0,52.4269,77.423,35.1141,7.10002,3.64494,9.85485,0.0,0.66447,0.0,78.5613,55.312,22.63,11.4975,923.008,104.431,14.0055,19.794,15.4062,2.844,15.729,55.124,444.196,349.089996338,53.46,101.25,25.0019,5.989,170.671,78.6628,0.0,0.12371,0.0,0.0,68.0,0.0,72.9448,94.5068,75.6622,0,0.85145,0.0,612.983,16.5176,0.00093,81.828,0.0,0.0,48.8173,0.0,0.05384
2022-09-28 12:50:00,4.79934,1402.27,29.4115,0,17.85,5.85058,38.341,39.3994,0.0,64.1989,0.0,0.0,1.18776,30.0974,28.1549,1.59,47.2421,0,894.569,0.0,41.8006,78.0977,37.1258,8.29938,4.59493,8.54487,0.0,0.81047,0.0,76.9188,55.4288,22.63,11.0403,917.991,79.5757,10.2034,22.424,22.3604,2.792,17.7676,55.062,448.176,552.289978027,46.29,81.5,28.0995,6.5,148.322,83.0523,0.0,0.54321,0.0,0.0,68.0,0.0,81.3825,72.488,77.055,0,0.44495,0.0,623.334,14.0835,0.00093,65.8976,0.0,0.0,49.2677,0.0,0.05696
2022-09-28 12:55:00,6.3965,1384.42,22.0517,0,14.55,6.36133,30.0829,47.2993,0.0,51.7979,0.0,0.0,1.36477,30.4957,20.522,0.92,59.6539,0,903.383,0.0,43.4546,77.0252,40.8807,6.40116,4.54993,5.30492,0.0,0.84062,0.0,85.0534,55.2843,23.63,10.8744,916.636,83.9263,11.1663,27.356,23.4606,2.037,20.0504,55.024,439.875,554.190002441,68.74,68.5,29.601,4.719,163.264,61.5508,0.0,0.5633,0.0,0.0,67.9,0.0,70.7365,76.0403,78.952,0,1.49233,0.0,638.911,13.4902,0.00093,65.0614,0.0,0.0,51.4186,0.0,0.05257
2022-09-28 13:00:00,5.29617,1374.56,18.2921,0,12.74,6.44297,27.9112,34.5995,0.0,93.2032,0.0,0.24949,1.8854,28.1991,18.3716,0.81,84.5589,0,927.48,0.0,27.2923,76.7029,39.0839,6.30045,4.25993,4.40493,0.0,0.96519,0.0,84.9797,55.958,25.63,12.8568,914.42,81.9323,10.8336,25.946,25.1979,2.037,21.4639,54.986,437.433,556.640014648,34.22,57.0,31.4992,4.341,171.44,65.8086,0.0,0.53567,0.0,0.0,67.9,0.0,78.3063,74.8409,90.7698,0,0.32044,0.0,665.548,13.7099,0.00093,64.9943,0.0,0.0,54.9746,0.0,0.05508
2022-09-28 13:05:00,5.6952,1371.73,24.0802,0,18.72,6.0934,31.0021,43.0993,0.0,78.502,0.0,0.0,2.46464,28.8982,17.1889,1.3,107.526,0,911.513,0.0,97.3922,76.6677,41.0272,6.70024,6.98489,3.35495,0.0,1.65075,0.0,84.9756,55.9272,37.84,12.8317,904.935,86.011,11.2938,20.483,42.7861,1.535,17.5625,55.014,440.266,694.359985352,32.66,51.25,34.9996,5.186,176.246,73.4508,0.0,0.54321,0.0,0.0,67.3,0.0,73.4832,77.377,100.725,0,0.0,0.0,641.987,11.7177,0.0,54.4839,0.0,0.0,56.6946,0.0,0.05306
2022-09-28 13:10:00,5.09506,1370.87,39.1609,0,18.97,7.4226,28.7315,41.4994,0.0,56.3985,0.0,2.1706,2.55497,23.6987,15.9754,0.92,82.5399,0,889.906,0.0,72.5444,75.303,45.3413,11.4,9.07486,4.07494,0.0,1.2802,0.0,70.5208,56.0441,39.94,15.404,912.644,93.8663,7.50411,18.466,35.6003,1.234,15.7021,55.138,438.825,691.739990234,65.06,89.5,44.2008,6.494,162.238,77.5446,0.0,0.13376,0.0,0.0,67.6,0.0,76.9769,85.4063,91.2227,0,0.0,0.0,618.891,11.2856,0.0,53.8735,0.0,0.0,52.8566,0.0,0.04934
2022-09-28 13:15:00,5.29617,1395.82,37.1803,0,16.5,7.27189,27.3509,43.8993,0.0,44.6979,0.0,2.26139,2.32364,27.8981,14.4809,0.81,76.0765,0,877.65,0.0,110.369,75.6354,49.8531,12.7001,9.44486,2.73496,0.0,1.91577,0.0,65.3373,55.6042,38.92,14.8285,911.911,68.3365,8.89891,21.522,52.6199,1.385,13.6074,55.052,445.905,679.739990234,39.47,51.25,45.7999,5.894,167.201,50.6018,0.0,0.04333,0.0,0.0,67.6,0.0,77.3394,82.2751,65.2457,0,0.0,0.0,642.085,10.6313,0.00093,66.7399,0.0,0.0,52.9592,0.0,0.04972
2022-09-28 13:20:00,5.1976,1366.5,34.812,0,14.11,5.88198,24.8313,46.6993,0.0,45.1991,0.0,1.27871,1.15663,20.8976,12.7503,0.93,65.372,0,888.49,0.0,64.4755,74.9657,51.0103,15.8007,8.30487,2.78496,0.0,2.00226,0.0,85.033,56.5148,42.98,15.7169,903.049,76.8565,9.8919,28.914,28.288,1.184,14.374,55.206,439.142,718.690002441,18.46,89.5,34.5998,5.0,169.499,54.8143,0.0,0.08352,0.0,0.0,67.0,0.0,80.5255,93.5729,48.4804,0,0.0,0.0,668.429,12.499,0.0,71.1589,0.98878,0.0,54.3593,0.0,0.04728
2022-09-28 13:25:00,4.1989,1390.11,33.3304,0,12.51,6.25249,32.6427,27.8996,0.0,37.1996,0.0,0.0,0.74647,24.097,12.928,0.55,62.5536,0,912.221,0.0,92.7718,75.006,48.5298,15.8007,8.92486,2.64496,0.0,1.70153,0.0,73.5478,56.1025,25.72,16.2345,920.792,73.3921,9.7326,44.695,47.1819,1.586,18.9371,55.224,443.732,788.039978027,11.13,99.5,26.7994,4.432,175.459,44.8928,0.0,0.12371,0.0,0.0,68.1,0.0,78.5809,69.0181,42.1912,0,0.25086,0.0,691.354,14.6181,0.00093,74.0887,0.0,0.0,52.8627,0.0,0.05167
2022-09-28 13:30:00,3.59434,1389.69,34.5119,0,11.31,7.454,40.52,41.3994,0.0,32.0016,0.0,0.0,0.84657,24.7961,10.1868,0.32,66.8219,0,934.902,0.0,94.725,74.9355,56.9723,11.2993,7.94488,3.03495,0.0,1.62774,0.0,63.0866,56.1025,24.72,29.8701,914.567,78.6894,9.66534,40.519,13.8848,2.442,17.9434,55.208,453.278,754.33001709,22.46,92.5,32.9,6.035,181.666,45.344,0.0,0.12371,0.0,0.0,68.0,0.0,79.1192,70.8309,47.4379,0,0.0,0.0,722.166,17.0474,0.00093,82.8779,0.0,0.0,54.789,0.0,0.05281
2022-09-28 13:35:00,2.79934,1369.82,30.6621,0,12.31,6.44297,42.0801,24.2996,0.0,35.9979,0.0,0.0,1.80423,18.4992,8.89549,0.32,55.2231,0,950.088,0.0,101.866,75.6404,43.1073,9.40108,7.92488,2.80496,0.68238,0.89219,0.0,66.0849,55.2535,23.64,26.3619,913.999,94.0577,12.5399,22.102,19.5334,2.592,11.5151,55.168,444.196,668.549987793,17.98,98.0,24.1993,7.712,184.184,62.2361,0.0,0.12371,0.0,0.0,67.7,0.0,79.4049,85.5894,40.5164,0,0.0,0.0,743.87,13.8808,0.00093,73.5027,0.0,0.0,47.9786,0.0,0.05128
2022-09-28 13:40:00,2.99649,1388.4,29.6797,0,12.13,7.97103,43.3912,39.1994,0.0,45.3021,0.0,2.45594,3.10369,15.5963,7.02566,0.64,44.5728,0,957.803,0.0,104.216,74.9757,52.5704,7.60052,8.49487,2.35496,0.65064,0.86125,0.0,48.0522,55.8995,23.64,29.7493,927.403,90.3818,13.9825,16.514,17.2434,3.348,8.50477,55.204,451.96,711.66998291,27.32,21.25,24.4007,7.402,172.401,73.0227,0.0,0.00565,0.0,0.0,67.8,0.0,90.1607,96.0998,43.4559,0,0.0,0.0,770.507,14.9868,0.00093,73.4905,0.72511,0.0,53.7173,0.0,0.05649
2022-09-28 13:45:00,3.09903,1427.0,29.0611,0,12.73,11.8498,60.9915,28.1996,0.0,43.7022,0.0,2.7779,3.07439,14.698,6.027,1.01,48.421,0,996.207,0.0,53.4768,75.9828,69.7215,9.09896,8.25487,3.26495,0.46656,1.15721,0.0,41.7956,55.8995,27.79,18.0081,931.724,84.3896,11.0708,14.161,17.3066,2.791,7.66979,55.164,446.857,696.619995117,44.97,5.25,28.8991,5.684,188.231,60.7908,0.0,0.15386,0.0,0.0,68.1,0.0,102.147,78.1369,25.9214,0,0.0,0.0,793.481,17.0523,0.00093,42.3194,0.0,0.0,54.0725,0.0,0.05274
2022-09-28 13:50:00,8.59945,1427.19,26.722,0,14.46,13.0011,67.9203,26.6996,0.0,32.9011,0.0,5.34218,4.19379,17.3,6.88998,0.43,49.1391,0,1037.98,0.0,53.1838,74.2557,58.9377,8.00031,6.6049,8.88486,0.0,0.75254,0.0,40.6282,55.2227,30.82,18.8846,914.951,85.1348,11.2141,15.456,43.1178,3.857,6.10483,55.186,458.088,724.289978027,38.38,4.75,42.2019,7.572,179.03,67.2734,0.0,0.12371,0.0,0.0,67.8,0.0,103.663,76.5805,36.3977,0,0.25452,0.0,823.17,25.0724,0.00093,27.5364,0.0,0.0,53.2961,0.0,0.05005
2022-09-28 13:55:00,7.49821,1417.31,24.6112,0,17.5,5.20378,62.1121,26.5996,0.0,33.8968,0.0,5.80301,4.33417,19.1984,8.57498,0.45,55.7651,0,1081.85,0.0,87.7424,74.301,59.8483,8.69917,6.6249,9.85485,0.0,1.04851,0.0,25.6686,56.3948,34.85,30.0206,926.084,87.3806,11.4814,17.695,52.2514,6.098,4.94026,55.248,454.597,761.760009766,15.81,5.5,39.2996,9.603,198.183,76.4709,0.0,0.12371,0.0,0.0,68.1,0.0,106.75,78.7045,35.902,0,0.0,0.0,848.708,20.9513,0.00093,19.9252,0.0,0.0,50.1222,0.0,0.0541
2022-09-28 14:00:00,5.89402,1411.5,25.4608,0,17.46,5.56172,51.4919,23.1996,0.0,35.2976,0.0,4.00015,5.27291,16.9991,7.41965,0.69,57.9602,0,1103.78,0.0,77.3785,74.9254,59.2136,6.09903,6.6499,9.86485,0.97121,1.80151,0.0,14.6591,55.6042,27.77,18.5242,918.101,97.3912,12.9559,19.631,50.1825,3.09,4.55695,55.336,444.123,808.729980469,37.64,10.75,30.6996,6.561,184.138,80.4617,0.0,0.12371,0.0,0.0,67.8,0.0,114.54,88.4276,26.9554,0,0.0,0.0,871.145,19.8013,0.00093,20.0229,0.0,0.0,52.7846,0.0,0.0536
2022-09-28 14:05:00,6.39514,1380.07,25.2909,0,12.88,12.2935,37.03,22.3997,0.0,32.0977,0.0,1.70062,5.20516,16.2999,6.12352,1.13,56.9033,0,1124.06,0.0,102.269,75.3534,66.4866,5.10109,8.13488,4.76493,0.0,2.68226,0.0,14.5869,55.6626,28.78,14.9653,915.116,87.1994,11.4142,20.037,48.9244,2.134,4.81086,55.336,436.579,829.760009766,97.08,27.25,29.9,3.215,170.625,72.5433,0.0,0.12371,0.0,0.0,67.8,0.0,120.363,79.8672,26.6734,0,0.0,0.0,897.879,13.3632,0.00093,17.0626,0.0,0.0,52.7443,0.0,0.05154
2022-09-28 14:10:00,4.59792,1380.73,25.79,0,10.43,22.6425,40.3406,33.1995,0.0,28.6988,0.0,3.98642,5.59396,19.4993,7.29958,1.32,57.5266,0,1143.06,0.0,112.834,76.6173,56.8746,4.79896,7.61488,3.18495,0.0,3.09407,0.0,14.9417,56.0164,30.8,12.0069,918.448,76.4134,10.0176,18.889,28.0143,2.184,4.16632,55.408,435.846,784.159973145,63.39,77.25,26.3996,2.642,171.266,60.6642,0.0,0.12371,0.0,30.1,67.8,0.0,119.088,63.6439,18.9487,0,0.29847,0.0,920.341,13.7954,0.0121,20.145,0.0,0.0,51.288,0.0,0.05429
2022-09-28 14:15:00,4.99557,1366.52,28.8911,0,6.3,29.2027,44.2518,27.1996,0.0,33.9998,0.0,5.84649,4.65522,18.0965,7.50643,1.91,59.1119,0,1162.62,0.0,31.0948,76.9497,60.7492,4.60059,7.22989,3.78494,0.63795,2.64497,0.0,21.4866,56.0441,33.91,8.28672,908.377,84.5205,11.1947,20.631,38.0166,3.141,4.77668,55.352,437.897,754.340026855,21.6,101.0,24.5991,2.164,184.367,68.522,0.0,0.12371,0.0,52.9,67.2,0.0,123.208,76.553,14.6847,0,0.69581,0.0,948.442,13.9394,0.00093,19.5895,0.0,0.0,50.4372,0.0,0.05423
2022-09-28 14:20:00,3.59739,1361.01,30.6408,0,6.69,30.9024,55.4397,23.4996,0.0,32.0016,0.0,5.94186,3.56451,19.4993,5.79789,1.42,80.6158,0,1174.77,0.0,66.508,77.6395,58.5495,5.29946,9.47486,3.98494,0.0,2.05304,0.0,24.3784,56.7486,33.83,8.24806,894.388,78.6391,10.3344,17.765,24.3187,3.089,4.53498,55.17,439.02,672.400024414,102.42,100.5,28.7007,2.235,197.267,80.4185,0.0,0.08352,0.0,96.0634,66.6,0.0,123.604,71.2795,13.0697,0,0.40101,0.0,966.24,11.7641,0.0,15.5306,0.0,0.0,52.5551,0.0,0.0571
2022-09-28 14:25:00,2.29457,1358.52,35.4704,0,5.34,16.9908,73.7102,20.9997,0.0,33.1003,0.0,5.86862,3.94476,15.999,5.58669,1.38,71.876,0,1195.62,0.0,97.8256,78.3143,50.9712,6.19974,9.22486,3.78494,2.23758,3.0052,0.0,30.7794,55.3704,29.78,11.5011,899.496,92.8189,10.4831,20.409,28.1617,2.637,4.14191,55.166,440.119,507.459991455,88.61,99.0,28.8991,2.046,210.9,69.4413,0.0,0.00565,0.0,36.0593,66.9,0.0,121.978,83.7583,11.9161,0,0.44129,0.0,978.619,14.1518,0.0,12.8023,0.0,0.0,53.163,0.0,0.04718
2022-09-28 14:30:00,3.59434,1405.27,36.6519,0,5.26,7.86218,78.9618,27.8996,0.0,36.6983,0.0,5.36965,2.53422,11.1978,4.72013,1.2,83.1632,0,1208.56,0.0,43.1983,79.9911,36.1151,6.8986,8.63487,3.95494,2.67875,3.66061,0.0,21.5644,55.6934,36.91,11.3613,925.205,86.444,11.3009,11.452,50.4721,2.687,5.15511,55.078,449.226,408.230010986,57.17,43.0,28.6,1.789,203.017,64.1128,0.0,0.12371,0.0,41.1924,67.8,0.0,118.132,77.9446,15.0863,0,0.0,0.0,995.563,23.7003,0.00093,10.5257,0.0,0.0,42.9163,0.0,0.05513
2022-09-28 14:35:00,5.39811,1391.94,35.2819,0,5.52,5.27285,56.9302,20.1997,0.0,34.7002,0.0,3.25704,0.91676,15.2998,4.5097,0.41,83.4206,0,1206.12,0.0,49.8207,80.6658,33.5125,10.2007,9.17486,2.64496,1.03151,3.11708,0.0,29.867,55.8688,49.18,16.1736,916.526,81.8618,10.7698,7.177,50.4247,2.737,6.27817,55.014,440.949,503.820007324,93.92,22.0,23.299,1.869,198.21,66.6102,0.0,0.13376,0.0,66.3805,68.1,0.0,124.625,73.1929,14.9325,0,0.26184,0.0,1005.26,13.8393,0.00093,8.57862,0.0,0.0,51.9301,0.0,0.05107
2022-09-28 14:40:00,6.69817,1420.58,29.1513,0,5.07,4.0211,50.5727,22.1997,0.0,29.9004,0.0,2.77409,2.5568,16.2999,5.69549,0.65,103.773,0,1198.33,0.0,75.1507,62.0195,28.8054,24.3,11.1948,2.23497,3.1104,2.59339,0.0,23.9626,56.0441,46.09,14.1322,928.721,96.6963,18.1704,6.519,50.9196,3.038,7.8407,55.06,452.57,482.040008545,98.7,19.0,19.6002,2.015,196.974,74.1672,0.0,0.08352,0.0,1.45886,68.1,0.0,121.318,36.5438,14.9068,0,0.63539,0.0,1018.2,19.9576,0.03072,7.60204,0.0,0.0,51.7311,0.0,0.05268
2022-09-28 14:45:00,10.7972,1424.58,22.5907,0,3.15,6.12271,68.0522,19.0997,0.0,24.7024,0.0,2.74434,2.27604,14.198,8.31488,0.94,81.1036,0,1196.33,0.0,78.5138,49.612,42.724,27.0985,12.9848,2.32496,3.47857,2.10779,0.0,32.0348,56.4255,50.29,15.4337,930.827,106.022,13.9949,10.628,42.6282,2.837,9.99893,55.11,443.854,423.920013428,79.5,22.75,18.8006,2.029,183.296,61.4013,0.0,0.13376,0.0,42.6108,68.0,0.0,116.484,92.6848,19.7861,0,2.04715,0.0,1032.94,18.7002,0.00093,6.58274,0.0,0.0,55.9268,0.0,0.05094
2022-09-28 14:50:00,10.1959,1361.08,21.9508,0,1.94,19.9025,71.9524,22.4997,6.2247,29.3992,0.0,2.61234,3.12444,11.3969,9.38803,1.47,46.9711,0,1209.86,0.0,116.265,55.6294,52.3458,12.8985,15.9148,2.38496,3.83087,2.58784,0.0,47.7614,54.9028,50.09,19.8543,904.971,127.01,16.7296,11.553,50.5932,2.737,14.8257,55.176,442.609,342.929992676,61.02,40.25,18.0011,2.024,196.773,89.3903,0.0,0.12371,0.0,123.52,66.8,0.0,116.88,93.1609,18.453,0,2.25223,0.0,1045.56,29.3645,0.01955,5.45357,0.0,0.0,54.0114,0.0,0.05125
2022-09-28 14:55:00,8.09728,1366.38,30.2107,0,1.38,28.1728,67.1623,15.9998,7.60363,21.0975,0.0,4.21683,3.57427,12.9988,15.5863,1.12,37.2558,0,1226.75,0.0,130.492,81.5873,47.9927,17.5982,17.8747,2.18497,4.3863,3.27974,0.0,81.1909,56.0749,50.09,25.2785,906.583,109.899,14.7011,12.013,45.8658,2.637,20.1138,55.178,440.07,361.720001221,103.02,91.25,16.4996,2.093,188.634,75.1883,0.0,0.08352,0.0,50.546,67.4,0.0,105.586,106.912,21.8283,0,1.63149,0.0,1057.97,24.0909,0.00093,4.56855,0.0,0.0,52.079,0.0,0.0489
2022-09-28 15:00:00,8.09728,1379.24,21.7012,0,0.97,26.8604,50.7301,22.0997,6.42393,13.7984,0.0,7.23888,4.77485,11.2995,14.0749,0.81,41.6731,0,1222.5,0.0,132.525,96.014,42.0697,10.8995,19.3347,2.05497,7.83313,2.73304,0.0,67.0679,55.838,50.09,27.4463,921.744,103.333,12.6514,11.045,10.2629,2.536,11.537,55.12,442.145,393.440002441,90.1,79.0,17.6013,2.256,161.643,73.1477,0.0,0.14381,0.0,0.15621,68.0,0.0,108.025,92.3095,18.2821,0,3.58709,0.0,1074.47,23.3268,0.00093,3.75677,0.0,0.0,53.8051,0.0,0.0495
2022-09-28 15:05:00,13.1962,1391.77,17.8301,0,1.4,31.5241,51.4992,15.1998,7.2091,14.8009,0.0,10.4379,5.01534,10.5959,9.19757,0.47,47.4454,0,1206.39,0.0,126.903,84.4575,37.2113,14.0002,18.5747,2.11497,7.29357,2.97267,0.0,43.6777,55.5181,50.09,29.8455,913.852,97.6027,14.0728,10.657,43.3547,2.536,19.3106,54.29,439.533,372.290008545,35.79,81.25,17.2015,2.347,153.074,88.5625,0.0,0.12371,0.0,69.6389,67.7,0.0,113.441,80.9934,22.1274,0,2.67887,0.0,1088.07,12.3403,0.00093,5.07515,0.0,0.0,52.1059,0.0,0.05386
2022-09-28 15:10:00,17.0984,1389.52,15.9211,0,1.96,38.0131,38.4106,17.5997,15.0744,20.6992,0.0,13.5485,4.89509,8.79934,9.71827,0.0,42.2693,0,1214.5,0.0,92.546,83.5109,51.1055,10.8995,17.8247,1.96497,3.93243,2.66719,0.0,28.6095,56.1917,50.49,27.0367,902.023,119.557,13.9665,16.299,49.8983,2.386,21.2369,28.69,441.682,360.720001221,78.67,78.25,43.0014,2.403,154.365,89.7463,0.0,0.08352,0.0,122.513,67.1,0.0,129.712,49.3431,19.3417,0,1.60769,0.0,1092.42,7.62341,0.04002,4.91035,1.50735,0.0,50.9328,0.0,0.0442
2022-09-28 15:15:00,19.8982,1400.61,15.8123,0,4.42,33.0417,23.2419,18.8997,12.3205,22.6013,0.0,18.117,8.65431,7.69749,9.31072,0.0,43.5701,0,1252.39,0.0,72.4041,96.16,58.0685,21.8006,16.5448,1.85497,0.58717,2.4585,0.0,34.1914,55.1366,49.11,29.8291,921.525,80.2605,10.7575,11.971,49.8509,2.386,15.9097,54.248,447.028,338.209991455,26.97,76.25,33.8003,2.177,135.944,67.0751,0.0,0.12371,0.0,169.69,67.8,0.0,131.206,71.078,18.248,0,1.72854,0.0,1089.02,6.17807,0.01582,4.21454,0.84816,0.0,54.1384,0.0,0.04916
2022-09-28 15:20:00,24.6942,1399.48,13.59,0,7.06,26.1821,31.5697,15.0998,6.74815,21.9009,0.0,18.1399,10.074,8.29931,8.2391,0.0,32.1474,0,1282.03,0.0,39.1028,42.7839,52.0967,27.1992,15.9048,1.72497,1.21877,3.36861,0.0,30.166,55.5181,50.08,29.6489,921.122,78.4074,11.007,0.0,49.2244,2.486,14.7842,53.958,483.211,226.149993896,80.71,74.0,31.4992,2.222,123.172,22.3987,0.0,0.15386,0.0,281.405,67.9,0.0,126.746,43.328,16.6928,0,1.33303,0.0,1084.6,4.98909,0.0,3.72015,0.0,0.0,41.0974,0.0,0.05037
2022-09-28 15:25:00,27.5959,1397.65,8.23204,0,7.16,22.923,22.4106,18.0997,6.35752,25.4028,0.0,15.5459,9.79446,6.39651,5.44922,0.46,39.3289,0,1308.0,0.0,32.1508,23.6894,57.4679,13.6004,14.6548,2.17497,1.05055,3.73996,0.0,24.1418,56.161,50.08,29.8537,913.376,74.3186,12.0779,5.816,44.8813,2.486,21.2564,52.018,514.998,241.559997559,86.53,69.75,31.3008,3.157,117.423,39.0132,0.0,0.12371,0.0,294.852,67.3,0.0,120.363,62.1973,14.2062,0,0.99794,0.0,1085.41,3.68292,0.00093,4.47089,0.0,0.0,45.0904,0.0,0.04604
2022-09-28 15:30:00,24.8975,1378.68,6.56201,0,10.03,24.0324,22.9416,15.4998,0.0,21.0975,0.0,12.1782,14.3343,6.49828,4.36864,1.45,28.4889,0,1318.16,0.0,47.6661,88.496,51.8819,9.59945,15.8848,2.31496,0.60621,3.25991,0.0,17.8719,55.6934,50.26,26.879,897.83,75.4969,11.6708,6.008,44.1548,2.687,16.2197,41.402,516.585,400.149993896,11.47,69.0,31.2001,3.508,115.93,66.2077,0.0,0.00565,0.0,284.371,66.7,0.0,123.56,41.68,10.4378,0,1.25612,0.0,1090.05,3.59991,0.0,4.08637,0.0,0.0,46.1121,0.0,0.05287
2022-09-28 15:35:00,31.0931,1392.16,5.0911,0,8.15,22.1234,17.7816,31.5995,0.0,21.2966,0.0,16.4858,17.5937,9.49851,5.32122,3.17,36.7544,0,1330.37,0.0,121.477,95.6967,51.1812,8.79988,16.1448,2.06497,0.68238,3.45034,0.0,20.5056,56.7178,49.06,12.2209,901.437,85.0442,9.50603,3.81,48.14,2.888,17.5967,44.108,541.439,339.079986572,52.8,69.0,45.9007,3.66,121.845,66.4453,0.0,0.12371,0.0,265.252,67.3,0.0,129.163,26.8391,10.0191,0,2.58915,0.0,1104.7,5.24788,0.12566,3.74456,0.0,0.0,55.5837,0.0,0.05442
2022-09-28 15:40:00,32.9986,1404.37,4.5415,0,7.72,18.4414,14.0316,28.2996,0.0,26.1032,0.0,18.2513,17.0651,9.59587,4.68301,4.67,55.0605,0,1322.21,0.0,131.817,75.9073,57.3336,12.8008,14.3048,1.92497,0.78395,3.64633,0.0,23.0687,56.0441,49.28,25.5273,931.156,49.816,4.92338,2.886,47.8925,4.498,16.8814,39.85,565.267,252.679992676,13.9,67.0,41.6007,5.468,127.466,61.2958,0.0,0.17395,0.0,274.631,67.9,0.0,127.691,15.5413,9.65164,0,3.68963,0.0,1121.45,5.58724,0.00093,3.45159,0.0,0.0,51.3844,0.0,0.05301
2022-09-28 15:45:00,33.6954,1392.38,4.21227,0,7.86,16.3523,13.7423,43.4993,6.88096,29.5022,0.0,18.5611,17.883,7.29923,2.61965,3.87,59.1119,0,1339.79,0.0,132.36,25.3662,58.4421,13.6004,15.6948,1.75497,0.78395,5.98071,0.0,31.4563,56.4563,49.28,26.3209,940.696,16.6322,2.49134,2.797,47.5188,6.445,26.4054,28.548,557.186,345.929992676,15.77,25.5,42.5009,6.386,116.15,63.8042,0.0,0.00565,0.0,268.628,68.0,0.0,126.823,6.81621,9.23293,0,3.80316,0.0,1130.31,5.68978,0.00093,3.57977,0.0,0.0,49.806,0.0,0.05673
2022-09-28 15:50:00,28.0955,1385.86,4.56008,0,10.67,12.7122,15.0131,19.0997,7.47082,37.5979,0.0,14.9889,15.234,5.49821,2.40589,4.61,95.7512,0,1362.52,0.0,132.061,96.1902,58.1735,11.0002,17.1447,1.83497,0.59351,6.18543,0.0,26.7213,55.6042,47.23,15.4516,925.425,18.8579,2.50727,2.393,47.1239,4.989,26.5397,32.528,551.18,453.970001221,15.43,11.5,42.5009,5.643,111.737,89.5621,0.0,0.12371,0.0,281.305,67.1,0.0,129.943,4.95766,6.73777,0,8.15015,0.0,1146.47,5.19173,0.0,3.72015,0.0,0.0,45.3223,0.0,0.05508
2022-09-28 15:55:00,22.496,1384.44,6.77176,0,16.02,9.46141,16.7416,17.7997,8.3888,31.5003,0.0,13.933,16.1642,6.29915,3.56838,4.2,101.239,0,1368.99,0.0,127.984,24.6864,59.2502,7.60052,16.8747,1.86497,0.72682,6.19178,0.0,26.7172,56.4255,48.24,15.0487,934.214,19.9052,4.68974,3.686,46.6712,3.253,14.6011,22.662,556.576,441.820007324,19.55,17.5,43.4012,4.829,103.616,82.7065,0.0,0.15386,0.0,327.526,67.7,0.0,133.579,18.3795,7.16503,0,9.95926,0.0,1158.02,4.9305,0.00093,4.24506,0.0,0.0,47.7687,0.0,0.05066
2022-09-28 16:00:00,20.496,1386.13,7.1116,0,18.9,7.3012,18.1808,15.6998,9.5021,25.499,0.0,10.6432,16.1544,7.49836,4.40397,2.92,120.141,0,1364.6,0.0,121.599,23.7146,57.4923,7.60052,19.4847,1.82497,1.08229,7.01143,0.0,27.5671,55.5765,48.29,7.9529,919.346,90.553,5.92523,3.803,46.3764,3.097,8.89784,48.964,548.861,358.079986572,61.05,27.75,42.1012,3.572,110.739,84.0785,0.0,0.08352,0.0,331.732,66.8,0.0,144.588,42.6963,6.54124,0,11.5157,0.0,1175.4,5.04524,0.0,5.25216,3.83648,0.0,50.6923,0.0,0.04846
2022-09-28 16:05:00,16.6942,1382.25,7.58155,0,16.68,3.64432,16.6903,23.3996,9.43569,23.3017,0.0,7.29534,17.8537,12.5961,4.92237,2.02,42.2422,0,1332.88,0.0,113.811,19.9229,57.3532,5.79995,15.8648,1.38498,0.53639,6.76228,0.0,37.3002,55.312,47.28,7.42477,945.402,39.4127,6.3996,4.213,45.8447,2.785,6.84703,27.112,576.059,500.589996338,89.12,25.75,41.8997,3.35,99.3042,89.3523,0.0,0.08352,0.0,293.881,68.0,0.0,136.282,39.8489,6.67796,0,11.3838,0.0,1184.12,5.54818,0.00093,6.98558,9.97134,0.0,47.4928,0.0,0.05028
2022-09-28 16:10:00,12.0951,1403.51,7.71165,0,14.59,0.87602,15.9799,19.8997,7.14269,18.7972,0.0,8.86549,12.8353,17.4991,5.7641,2.72,30.6434,0,1311.59,0.0,127.538,22.7629,58.591,2.59861,20.2247,1.35498,0.77125,6.85988,0.0,34.0931,55.9272,47.28,11.5333,957.872,43.6626,5.58007,6.0,44.5339,2.738,6.12924,35.66,610.874,546.75,47.22,50.5,42.2995,3.222,95.761,89.6943,0.0,0.12371,0.0,292.861,68.1,0.0,135.875,30.8034,6.94285,0,12.0028,0.0,1198.03,5.06966,0.00093,9.70779,10.5602,0.0,49.2665,0.0,0.05268
2022-09-28 16:15:00,13.7984,1391.74,5.70176,0,13.31,0.0,17.6608,21.4997,14.6135,12.8988,0.0,9.57656,9.16457,19.6984,5.86547,2.94,38.8411,0,1331.15,0.0,126.079,70.2575,59.6823,6.8986,18.1547,2.16497,0.54273,6.0799,0.0,38.3918,56.1917,46.27,22.9396,964.226,33.501,4.20652,7.737,42.3123,3.552,9.60098,24.068,632.285,646.690002441,42.72,47.0,43.5996,3.174,96.0266,87.0601,0.0,0.12371,0.0,308.62,67.8,0.0,143.214,24.2481,6.02853,0,11.1971,0.0,1208.68,5.62142,0.00093,14.2672,10.7448,0.0,45.4041,0.0,0.05402
2022-09-28 16:20:00,15.0954,1393.19,4.8309,0,12.01,0.0,20.6931,22.1997,14.4846,5.79881,0.0,10.782,7.29442,26.398,6.38643,2.21,32.6488,0,1358.54,0.0,124.273,96.3866,58.9645,26.3996,17.8747,3.58495,0.0,6.4195,0.0,30.6473,55.312,46.27,20.7421,972.356,26.8139,3.05245,5.791,39.538,2.217,5.17952,18.478,664.634,612.239990234,77.24,44.75,42.9007,3.046,106.271,53.1202,0.0,0.12371,0.0,302.734,67.7,0.0,140.358,15.1842,8.49805,0,13.2808,0.0,1224.72,6.75425,0.0,19.9374,8.3805,0.0,41.8103,0.0,0.05781
2022-09-28 16:25:00,18.6962,1389.3,4.47247,0,11.27,0.0,22.0114,20.9997,16.4495,3.99977,0.0,11.4778,8.14404,27.3981,10.5021,1.74,17.4863,0,1370.46,0.0,124.565,58.3385,60.1559,17.5006,16.4648,3.28495,1.63455,5.54351,0.0,27.6531,56.0164,45.27,16.8059,973.876,26.7736,3.31264,5.903,35.2686,1.815,5.68734,35.016,693.101,612.070007324,74.81,41.25,43.9994,2.435,102.82,18.0549,0.0,0.12371,0.0,352.286,67.9,0.0,127.943,23.3783,9.41238,0,16.6061,0.0,1230.99,7.37926,0.00093,26.4073,7.79162,0.0,41.2976,0.0,0.05365
2022-09-28 16:30:00,17.4984,1383.57,3.79011,0,10.78,0.0,19.6603,17.7997,18.7425,3.60151,0.0,10.219,10.2937,25.2962,26.8708,1.84,20.7925,0,1375.34,0.0,122.759,76.572,58.6813,6.49882,18.8247,2.84496,4.80842,5.81408,0.0,23.5981,55.8995,44.26,12.6746,952.379,27.1865,5.44024,4.914,30.8781,1.765,10.4579,20.484,708.702,742.049987793,90.19,38.25,43.7003,2.087,112.415,27.3072,0.0,0.00565,0.0,339.159,67.0,0.0,130.327,38.9334,7.92554,0,26.5269,0.0,1239.76,8.82216,0.0,31.0033,6.43809,0.0,50.0673,0.0,0.05566
2022-09-28 16:35:00,20.6942,1395.77,3.13165,0,9.87,0.0,23.5019,23.2996,19.0042,3.60151,0.0,9.69863,11.8941,34.0977,30.1517,1.54,13.1774,0,1380.07,0.0,125.548,30.2355,61.1594,5.19875,24.5646,2.75496,8.19812,4.70005,0.0,42.8769,55.8995,42.22,13.3883,981.475,48.1643,6.63679,5.599,28.5881,1.211,11.9789,10.538,736.925,758.309997559,76.01,32.25,43.9017,1.72,99.8444,35.9891,0.0,0.12371,0.0,352.039,67.7,0.0,136.754,34.1726,9.77981,0,23.0259,0.0,1231.31,12.0253,0.00093,35.0011,4.45173,0.0,42.3755,0.0,0.05597
2022-09-28 16:40:00,21.595,1380.0,2.73074,0,7.93,0.0,46.5516,11.3998,9.43569,8.09911,0.0,8.94713,15.6637,38.3989,23.0933,1.0,13.9633,0,1378.76,0.0,124.535,25.1396,59.7971,6.40116,27.9146,1.85497,8.25525,4.15177,0.0,51.1898,56.4255,39.18,12.4201,999.274,33.8132,3.7286,10.901,25.519,1.008,4.89143,39.906,760.607,681.229980469,69.17,13.0,42.9007,1.617,103.058,57.4613,0.0,0.12371,0.0,346.79,67.7,0.0,133.733,20.6134,9.95926,0,27.4021,0.0,1233.17,8.97597,3.72599,43.7964,3.6607,0.0,54.8928,0.0,0.05061
2022-09-28 16:45:00,24.7955,1385.01,2.3723,0,7.86,0.0,14.5626,10.0998,17.3675,10.3994,0.0,12.2911,21.4243,44.3994,9.04038,1.13,14.3833,0,1377.36,0.0,117.009,22.5413,58.1833,11.0002,25.9046,2.19497,5.75106,5.68157,0.0,16.9841,56.6593,36.14,11.1206,1014.69,26.3104,4.02597,20.72,23.3606,0.958001,4.75959,6.744,780.774,840.450012207,30.61,16.0,41.6007,1.719,100.201,51.5997,0.0,0.12371,0.0,343.332,67.3,0.0,135.469,24.6693,11.1812,0,21.583,0.0,1233.68,4.30549,0.0,30.9545,5.42733,4.08948,94.0389,0.0,0.05168
2022-09-28 16:50:00,21.7947,1393.82,2.31124,0,7.33,0.0,19.4699,11.9998,18.3479,13.098,0.0,15.1537,24.0647,43.6958,8.59443,0.45,12.798,0,1376.95,0.0,53.6538,13.4875,56.5524,19.3011,27.4146,0.38499,4.86238,5.54748,0.0,9.80736,55.4596,34.13,8.61133,1027.6,32.3026,5.22075,27.648,20.581,0.958001,5.1136,6.24,806.799,892.359985352,28.17,9.0,40.3006,1.347,95.8251,56.8329,0.0,0.08352,0.0,344.362,67.6,0.0,136.721,58.1964,12.8304,0,20.2133,0.0,1239.1,7.49889,0.0,25.156,7.92346,3.58043,88.1404,0.0,0.05656
2022-09-28 16:55:00,20.0971,1389.77,2.39089,0,6.02,0.0,49.4594,5.99991,21.8206,16.902,0.0,18.613,27.3545,33.0977,5.75488,0.78,16.9578,0,1374.04,0.0,32.7977,9.41886,52.8316,17.6989,21.8747,0.0,6.63975,5.26024,0.0,13.9336,55.5457,31.11,7.35872,1031.43,40.9737,5.77124,22.684,18.2279,0.908001,4.95003,12.438,826.429,899.309997559,54.11,22.25,37.5021,1.392,91.3848,51.1345,35.9724,0.14381,0.0,339.268,67.3,0.0,139.94,74.3191,13.0013,0,14.5772,0.0,1240.49,16.9546,0.0,20.145,10.736,3.07993,85.7783,0.0,0.04829
2022-09-28 17:00:00,22.0962,1388.5,2.61126,0,5.68,0.0,53.6013,10.9998,22.4769,13.4001,0.0,17.7356,22.0835,24.7961,4.80845,2.25,20.5215,0,1375.34,0.0,30.4295,9.78645,47.9927,4.39918,17.3047,0.0,4.83381,6.41077,0.0,14.4845,56.3087,27.91,15.9253,1050.64,36.0087,4.95879,17.273,15.6904,0.857001,5.21614,6.444,848.011,916.020019531,50.13,21.75,34.4015,1.463,98.4253,30.3632,120.088,0.12371,0.0,336.187,67.4,0.0,140.633,15.816,13.7704,0,15.4232,0.0,1235.32,13.6367,0.0,16.6476,8.1344,2.60018,87.8584,0.0,0.05023
2022-09-28 17:05:00,24.5956,1390.28,3.08121,0,4.83,0.24909,24.282,10.2998,19.8558,8.29824,0.0,19.6658,22.6035,17.5965,4.17882,2.94,16.321,0,1366.89,0.0,72.0012,6.71984,42.58,5.79995,17.7847,0.0,5.57333,4.88334,0.0,19.4427,55.5765,24.97,13.1,1057.14,20.6807,2.03998,10.183,13.2846,0.857001,5.89487,26.816,875.697,681.030029297,38.09,18.75,30.901,1.31,99.2401,22.379,119.892,0.08352,258.51,345.581,67.7,0.0,144.203,9.4255,12.1041,0,15.3793,0.0,1230.38,7.78943,0.0,13.315,6.95665,2.13019,94.3514,0.0,0.0538
2022-09-28 17:10:00,26.3965,1400.61,3.4423,0,3.3,1.54585,40.2417,12.9998,21.6917,7.19959,0.0,18.9593,21.113,18.0965,6.18829,4.08,13.8955,0,1378.12,0.0,81.3764,4.38842,38.388,7.60052,20.1847,0.0,7.22057,3.88992,0.0,23.9964,56.3087,21.95,14.21,1060.29,13.4397,1.79571,10.273,11.0473,0.707001,6.17319,22.19,910.414,773.429992676,30.71,6.5,27.9011,0.832002,106.857,16.6873,120.332,0.29452,247.63,350.349,68.0,0.0,135.963,11.8792,10.7112,0,17.3312,0.0,1237.05,11.0658,0.0,8.73121,4.97908,1.72979,91.8355,0.0015,0.05169
2022-09-28 17:15:00,32.4987,1416.18,3.41044,0,1.84,3.73014,28.4898,18.3997,20.512,7.50172,0.0,18.0987,21.9638,14.4989,5.24749,3.83,7.37798,0,1379.64,0.0,64.4938,3.69856,32.177,2.90074,22.7247,0.0,8.27112,2.21888,0.0,9.1648,55.6626,19.93,11.4888,1056.92,16.612,2.35328,3.105,8.6046,0.506001,7.12535,18.274,953.603,837.789978027,25.63,4.75,24.0009,0.0,109.915,17.0841,121.162,0.33472,253.37,355.222,68.0,0.0,144.939,10.6432,9.51492,6,20.3415,0.0,1237.54,7.45251,0.00093,5.29488,5.02303,1.33061,102.557,0.0,0.04966
2022-09-28 17:20:00,33.6963,1393.72,3.29096,0,0.0,4.93166,10.1131,13.2998,20.4456,5.20142,0.0,14.6715,19.913,12.7997,4.38733,4.71,0.0,0,1378.9,0.0,50.1015,3.39139,27.4137,2.50095,24.4546,0.0,4.60847,0.63511,0.0,10.1632,55.1643,16.65,5.55187,1050.45,14.5475,1.98157,3.052,6.43042,0.356001,6.56382,13.554,986.661,972.789978027,21.18,5.5,20.2014,0.0,109.119,10.9626,120.771,0.35481,248.98,349.804,67.7,0.0,138.688,9.51705,7.69482,6,17.1664,0.0,1231.58,2.7747,0.00093,4.42817,3.13335,1.00955,105.552,0.0175,0.05099
2022-09-28 17:25:00,41.5951,1448.29,3.26175,0,0.0,4.81234,6.33005,7.39989,14.4143,4.10277,0.0,10.8926,15.9139,13.7997,3.55123,3.89,0.0,0,1378.51,0.0,48.5451,3.24537,22.5968,1.29854,28.2946,0.0,7.34435,0.0,0.0,6.05952,55.7211,13.64,3.53139,1055.53,13.7116,2.36213,3.06,4.46681,0.255001,1.9617,1.508,1031.07,956.989990234,16.94,4.0,16.0998,0.0,117.093,10.7771,120.527,0.4151,256.74,356.59,67.9,0.0,145.379,8.65644,5.14839,6,14.6542,0.0,1234.53,1.75174,0.00093,4.61738,2.29837,0.76052,105.77,0.0,0.05033
2022-09-28 17:30:00,45.7971,1508.3,4.39016,0,0.0,5.14098,4.08148,5.69991,3.9317,4.59716,0.0,7.43725,8.72389,12.7997,2.8343,3.0,5.15578,0,1380.2,0.0,43.8819,2.72671,17.9361,0.700389,26.9946,0.0,6.56358,2.64894,0.0,5.09056,56.9516,10.62,3.19462,1051.55,16.4811,3.03828,2.282,1.29767,0.255001,1.24636,1.09,1064.66,888.190002441,6.07,4.0,13.3989,0.0,121.982,16.4223,120.625,77.3985,253.39,355.125,67.9,0.0,150.652,16.5484,3.90082,6,11.772,0.0,1236.66,1.20485,0.24294,4.84932,3.22124,0.56032,112.599,4.85143,0.05103
2022-09-28 17:35:00,47.9963,1568.07,4.48043,0,1.32,6.05991,3.01213,4.99992,0.0,5.49668,0.0,4.75624,8.41383,15.8972,1.98592,2.29,2.31028,0,1377.54,0.0,34.3908,1.38224,13.3071,0.59968,22.6546,0.0,5.4432,4.05179,0.0,1.74906,56.2779,8.62,2.77261,1045.66,20.3887,2.67189,5.755,0.81861,0.255001,1.09743,0.728,1088.93,691.91998291,9.79,5.5,9.90158,0.0,121.122,13.8138,119.548,76.8961,485.12,343.087,67.5,0.0,146.159,14.0765,2.73869,16,11.0103,0.0,1235.68,0.91676,0.00093,4.36103,3.85406,0.4004,107.341,0.1055,0.04899
2022-09-28 17:40:00,44.5991,1622.53,3.92021,0,1.33,6.1227,2.27237,4.49993,6.68565,4.89929,0.0,2.84581,7.25414,15.7999,1.67693,2.1,1.68698,0,1377.8,0.0,15.0973,0.0,9.17617,0.898756,20.3097,0.0,5.38289,3.23531,0.0,1.96102,55.635,5.6,2.07475,1038.4,16.5919,2.06653,5.616,0.42905,0.255001,1.12428,0.436,1112.93,616.979980469,5.26,4.25,6.99931,0.0,127.256,10.592,197.219,77.077,495.39,346.303,67.8,0.0,149.806,23.6439,4.87495,16,10.699,0.0,1234.22,0.49928,0.00093,3.21965,3.86285,0.3003,119.163,0.0,0.05732
2022-09-28 17:45:00,42.9963,1660.6,2.80243,0,1.57,6.062,3.54314,7.39989,8.58412,2.50286,0.0,2.48569,6.93553,14.8972,1.36256,1.83,0.0,0,1375.19,0.0,16.3302,0.0,5.12337,0.49897,15.4348,0.0,3.37383,6.10449,0.0,0.6759,55.8995,1.13,1.40006,1038.72,13.7317,2.11078,3.43,0.0,0.205001,0.65553,0.138,1133.59,720.429992676,1.78,3.0,3.5996,0.0,133.179,3.70224,198.401,77.1172,487.71,340.369,67.8,0.0,152.718,46.1662,3.00359,17,8.66835,0.0,1234.56,0.20142,0.00093,2.52995,3.24761,0.20997,119.698,0.0,0.05016
2022-09-28 17:50:00,40.6974,1708.08,1.91032,0,0.94,5.71034,1.0016,4.89993,8.84584,1.60334,0.0,2.7779,8.56519,16.0964,0.83843,1.26,0.0,0,1374.09,0.0,15.433,0.0,2.66484,0.401312,13.9948,0.0,3.27227,3.50271,0.0,0.48445,55.4596,0.5,1.41574,1040.64,20.3887,3.42061,2.527,0.0,0.105001,0.78492,0.0,1158.42,667.409973145,2.1,2.25,2.40024,0.0,138.865,2.21256,198.971,77.1373,492.72,343.317,67.5,0.0,145.686,24.6326,2.84123,18,6.52964,0.0,1235.93,0.26978,0.00093,2.63371,2.96635,0.1294,117.01,0.0,0.05015
2022-09-28 17:55:00,39.3951,1748.49,1.58109,0,1.22,4.74117,0.76356,3.49995,9.83023,1.50034,0.0,1.36873,10.7039,16.0964,0.424,0.87,0.0,0,1377.29,0.0,10.5989,0.0,0.51637,0.49897,10.3348,0.0,1.92654,1.7912,0.0,0.1463,55.8995,0.5,0.46021,1050.09,14.1447,2.07892,1.522,0.0,0.105001,0.62623,0.0,1185.32,648.299987793,1.12,2.0,0.89876,0.0,139.332,0.95377,200.52,77.1976,499.3,345.524,67.8,0.0,157.717,12.7947,1.74746,19,6.07553,0.0,1237.39,0.177,0.00093,1.67544,3.21245,0.0,124.661,0.0,0.05169
2022-09-28 18:00:00,37.8971,1796.32,0.91202,0,1.32,4.46277,0.81117,2.49996,12.1232,1.19821,0.0,0.0,10.0642,14.2998,0.21624,0.63,0.0,0,1378.76,0.0,6.39353,0.0,0.0,0.199893,8.10488,0.0,1.14577,2.37678,0.0,0.0,56.0441,0.5,0.23187,1047.47,10.2976,1.53552,0.121,0.0,0.0,0.41138,0.0,1218.3,720.539978027,0.77,1.25,0.40131,0.0,141.346,0.05146,201.129,77.185,496.86,348.081,67.8,0.0,155.069,7.69512,0.0,19,6.46189,0.0,1232.07,0.16968,0.0,0.80873,3.37945,0.0,133.069,4.90842,0.0524
2022-09-28 18:05:00,33.1955,1840.8,0.0,0,1.81,4.34136,0.52186,2.19997,10.7482,0.0,0.0,0.0,8.33448,12.4987,0.11449,0.45,0.0,0,1379.27,0.0,3.11589,0.0,0.0,0.099184,8.42987,0.0,2.52323,1.77295,0.0,0.0,55.8103,0.5,0.12827,1055.34,7.06477,0.80626,0.0,0.0,0.0,0.0,0.0,1202.19,367.0,0.41,0.0,0.19989,0.0,146.83,0.0,201.444,77.5367,768.11,353.151,67.9,0.0,148.829,4.31678,0.0,20,8.22339,0.0,1235.71,0.0,0.00093,0.0,4.72419,0.0,131.5,0.1395,0.04842
2022-09-28 18:10:00,29.8954,1886.06,0.0,0,4.02,4.69931,0.0,1.99997,10.6154,0.0,0.0,0.0,6.25315,14.0962,0.11449,0.0,0.0,0,1378.49,0.0,1.01015,0.0,0.0,0.001526,7.94488,0.0,2.13284,0.51609,0.0,0.0,55.5457,0.5,0.02704,1049.54,4.22477,0.50358,0.0,0.0,0.0,0.0,0.0,1195.84,379.880004883,0.0,0.0,0.19989,0.0,156.379,0.0,241.383,77.6849,742.84,344.98,67.9,0.0,151.85,3.31884,0.0,22,8.99611,0.0,1235.1,0.0,0.0,0.0,4.03864,0.0,130.935,0.0,0.05702
2022-09-28 18:15:00,29.4956,1928.84,0.0,0,5.83,5.22052,0.0,1.29998,10.1584,0.0,0.0,0.0,4.02472,14.198,0.01407,0.0,0.0,0,1378.88,0.0,0.0,0.0,0.0,0.001526,6.8749,0.0,0.83473,0.10111,0.0,0.0,55.9272,0.5,0.0,1049.02,2.88533,0.38499,0.0,0.0,0.0,0.0,0.0,1222.36,348.179992676,0.0,0.0,0.00153,0.0,154.997,0.0,242.61,77.4864,739.67,349.508,67.9,0.0,158.079,1.50607,0.0,22,9.40627,0.0,1230.53,0.0,0.72509,0.0,4.4781,0.0,125.326,0.0005,0.04734
2022-09-28 18:20:00,26.0994,1987.34,0.0,0,7.3,6.41157,0.0,0.0,11.4045,0.0,0.0,0.0,5.44259,12.9988,0.01407,0.0,0.0,0,1380.86,0.0,0.0,0.0,0.0,0.001526,4.89993,0.0,0.74586,0.60893,0.0,0.0,56.5424,0.5,0.0,1047.07,1.49554,0.14249,0.0,0.0,0.0,0.0,0.0,1237.52,257.350006104,0.0,0.0,0.00153,0.0,160.243,0.0,243.05,77.5744,749.26,349.217,67.8,0.0,156.849,0.0,0.0,23,9.78714,0.0,1240.44,0.0,0.50542,0.0,5.41854,0.0,118.009,0.0025,0.04796
2022-09-28 18:25:00,21.9961,2018.93,0.0,0,9.14,7.20281,0.0,0.0,13.5647,0.0,0.0,0.0,6.90501,10.6977,0.01407,0.0,0.0,0,1380.29,0.0,0.0,0.0,0.0,0.001526,3.65494,0.0,0.0,1.42699,0.0,0.0,55.8688,0.5,0.0,1048.13,0.0,0.0,0.0,0.0,0.0,0.0,0.0,1268.38,289.0,0.0,0.0,0.00153,0.0,166.34,0.0,242.926,77.6547,750.5,351.513,67.8,0.0,146.928,0.0,0.0,23,9.61868,0.0,1242.18,0.0,1.3115,0.0,5.15486,0.0,121.091,0.0005,0.05062
2022-09-28 18:30:00,20.6986,2064.8,0.0,0,10.86,6.9914,0.0,0.0,20.5784,0.0,0.0,0.0,8.09277,10.9986,0.01407,0.42,0.0,0,1378.95,0.0,0.0,0.0,0.0,0.001526,2.45996,0.0,0.0,2.65766,0.0,0.0,56.2194,0.0,0.0,1048.95,0.0,0.0,0.0,0.0,0.0,0.0,0.0,1236.84,330.679992676,0.0,0.0,0.00153,0.0,174.617,0.0,241.575,77.5844,745.38,347.014,67.8,0.0,134.304,0.0,0.0,22,10.0435,0.0,1240.93,0.0,0.00093,0.0,5.17244,0.0,120.725,0.0005,0.04768
2022-09-28 18:35:00,18.694,2101.37,0.0,0,14.85,5.60149,0.0,0.0,14.0881,0.0,0.0,0.0,6.90257,10.2995,0.01407,0.32,0.0,0,1377.83,0.0,0.0,0.0,0.0,0.001526,2.81996,0.0,0.0,3.18373,0.0,0.0,56.2194,0.0,0.0,1044.06,0.0,0.0,0.0,0.0,0.0,0.0,0.0,1204.12,281.880004883,0.0,0.0,0.00153,0.0,170.597,0.0,240.629,77.6849,739.36,343.934,67.2,0.0,137.139,0.0,0.0,22,8.80201,0.0,1242.93,0.0,0.00093,0.0,6.97423,0.0,124.827,0.0,0.0469
2022-09-28 18:40:00,17.298,2134.48,0.0,0,16.09,4.3602,0.0,0.0,22.5433,0.0,0.0,0.0,5.76242,9.29938,0.01407,0.5,0.0,0,1379.15,0.0,0.0,0.0,0.0,0.001526,2.30996,0.0,0.46021,3.47414,0.0,0.0,55.1643,0.0,0.0,1045.05,0.0,0.0,0.0,0.0,0.0,0.0,0.0,1237.3,226.309997559,0.0,0.0,0.00153,0.0,170.552,0.0,240.899,77.6045,746.81,351.953,67.8,0.0,136.326,0.0,0.0,22,10.4866,0.0,1246.16,0.0,1.937,0.0,7.34337,0.0,122.931,0.0,0.04878
2022-09-28 18:45:00,14.8965,2158.55,0.0,0,14.6,3.61083,0.0,0.0,29.3598,0.0,0.0,0.0,6.18479,8.29931,0.0,0.54,0.0,0,1377.8,0.0,0.0,0.0,0.0,0.001526,3.09495,0.0,0.45386,4.09384,0.0,0.0,55.958,0.0,0.0,1045.67,0.0,0.0,0.0,0.0,0.0,0.0,0.0,1209.08,249.669998169,0.0,0.0,0.00153,0.0,167.787,0.0,240.699,77.5266,758.08,350.083,67.8,0.0,134.832,0.0,0.0,21,9.16091,0.0,1246.16,0.0,2.9404,0.0,6.62266,0.0,116.887,0.0,0.05558
2022-09-28 18:50:00,13.0949,2174.96,0.0,0,18.29,5.84012,0.0,0.0,33.6841,0.0,0.0,0.0,3.96429,6.19738,0.0,0.26,0.0,0,1379.64,0.0,0.0,0.0,0.0,0.001526,4.75493,0.0,0.69508,6.16321,0.0,0.0,56.161,0.0,0.0,1047.82,0.0,0.0,0.0,0.0,0.0,0.0,0.0,1198.24,182.899993896,0.0,0.0,0.00153,0.0,183.754,0.0,240.953,77.9059,756.36,350.737,67.8,0.0,128.273,0.0,0.0,22,8.06775,0.0,1246.16,0.0,0.14055,0.0,5.82284,0.0,115.41,0.0015,0.05122
2022-09-28 18:55:00,9.99641,2177.21,0.0,0,24.21,10.2108,0.0,0.0,35.2544,0.0,0.0,1.21386,2.02579,4.39635,0.0,0.0,0.0,0,1378.71,0.0,0.0,0.0,0.0,0.001526,5.76491,0.0,0.89186,7.47799,0.0,0.0,55.4873,0.0,0.0,1048.07,0.0,0.0,0.0,0.0,0.0,0.0,0.0,1194.65,151.710006714,0.0,0.0,0.00153,0.0,198.128,0.0,240.309,77.7351,752.8,350.809,67.8,0.0,126.152,0.0,0.0,22,7.13939,0.0,1246.16,0.0,0.00093,0.0,6.76329,0.0,118.928,0.0,0.04344
2022-09-28 19:00:00,8.69802,2162.02,0.0,0,29.98,15.7223,0.0,0.0,38.5318,0.0,0.0,0.80797,0.44862,3.09979,0.0,-0.07,0.0,0,1375.66,0.0,0.0,0.0,0.0,0.001526,6.6149,0.0,2.91679,7.11696,0.0,0.0,56.1333,0.0,0.0,1033.61,0.0,0.0,0.0,0.0,0.0,0.0,0.0,1152.41,146.460006714,0.0,0.0,0.00153,0.0,206.661,0.0,239.422,77.8557,735.84,338.326,67.2,0.0,123.318,0.0,0.0,42,6.31907,0.0,1246.16,0.0,0.00093,0.0,7.06212,0.0,124.553,0.0015,0.04982
2022-09-28 19:05:00,9.59511,2180.43,0.0,0,38.26,15.9735,0.0,0.0,40.5006,0.0,0.0,0.31281,0.29847,2.79889,0.0,0.0,0.0,0,1376.19,0.0,0.0,0.0,0.0,0.001526,6.7499,0.0,5.52572,4.52549,0.0,0.0,55.2843,0.0,0.0,1049.54,0.0,0.0,0.0,0.0,0.0,0.0,0.0,1120.33,41.9000015259,0.0,0.0,0.00153,0.0,212.227,0.0,239.164,77.9461,752.45,344.4,67.5,0.0,125.153,0.0,0.0,22,4.85054,0.0,1246.16,0.0,0.00093,0.0,7.62463,0.0,129.715,0.0015,0.04636
2022-09-28 19:10:00,7.29495,2188.51,0.0,0,43.41,8.96113,0.0,0.0,43.1843,0.0,0.0,0.0,0.1886,2.69711,0.0,0.0,0.0,0,1377.19,0.0,0.0,0.0,0.0,0.001526,7.13489,0.0,7.08092,3.38051,0.0,0.0,55.7519,0.0,0.0,1054.26,0.0,0.0,0.0,0.0,0.0,0.0,0.0,1137.13,0.0,0.0,0.0,0.00153,0.0,212.529,0.0,240.095,77.7653,753.15,352.05,68.1,0.0,128.317,0.0,0.0,25,3.90021,0.0,1246.16,0.0,0.00093,0.0,8.38929,0.0,128.255,0.0,0.04774
2022-09-28 19:15:00,5.69382,2189.32,0.0,0,45.39,3.56059,0.0,0.0,44.4968,0.0,0.0,0.0,0.13855,4.19722,0.0,0.21,0.0,0,1378.24,0.0,0.0,0.0,0.0,0.001526,7.03489,0.0,8.1156,3.18215,0.0,0.0,56.7486,0.0,0.0,1048.35,0.0,0.0,0.0,0.0,0.0,0.0,0.0,1116.3,29.5400009155,0.0,0.0,0.00153,0.0,216.146,0.0,240.49,77.6748,747.43,351.675,67.7,0.0,120.56,0.0,0.0,26,2.58549,0.0,1246.16,0.0,0.00093,0.0,8.34534,0.0,129.183,0.96849,0.05165
2022-09-28 19:20:00,7.89799,2183.21,0.0,0,39.58,1.85356,0.0,0.0,44.5007,0.0,0.0,0.0,0.2887,5.09995,0.0,0.34,0.0,0,1380.22,0.0,0.0,0.0,0.0,0.001526,7.40489,0.0,6.31919,1.99908,0.0,0.0,55.958,0.0,0.0,1051.41,0.0,0.0,0.0,0.0,0.0,0.0,0.0,1126.77,0.0,0.0,0.0,0.00153,0.0,206.194,0.0,241.041,77.5744,745.83,349.488,67.8,0.0,118.418,0.0,0.0,51,1.92996,0.0,1246.16,0.0,0.77536,0.0,7.15001,0.0,130.457,0.0045,0.04986
2022-09-28 19:25:00,8.69527,2177.94,0.0,0,38.34,0.93567,0.0,0.0,43.1882,0.0,0.0,0.0,0.0,7.19745,0.0,0.45,0.0,0,1377.34,0.0,0.0,0.0,0.0,0.001526,8.81487,0.0,10.0644,1.79754,0.0,0.0,55.4596,0.0,0.0,1046.88,0.0,0.0,0.0,0.0,0.0,0.0,0.0,1134.86,0.0,0.0,0.0,0.00153,0.0,200.948,0.0,240.406,77.9461,743.8,346.433,67.8,0.0,122.186,0.0,0.0,79,2.16068,0.0,1246.16,0.0,0.0,0.0,8.48597,0.0,131.065,0.0,0.04403
2022-09-28 19:30:00,9.49469,2206.31,0.0,0,44.75,0.50761,0.0,0.0,36.6334,0.0,0.0,0.0,0.0,8.8967,0.0,0.58,0.0,0,1345.11,0.0,0.0,0.0,0.0,0.001526,9.53485,0.0,9.84537,2.17841,0.0,0.0,55.6934,0.0,0.0,1050.43,0.0,0.0,0.0,0.0,0.0,0.0,0.0,1154.95,0.0,0.0,0.0,0.00153,0.0,201.634,0.0,240.455,78.0968,759.07,353.469,68.1,0.0,117.462,0.0,0.0,88,1.71023,0.0,1246.16,0.0,0.30623,0.0,6.56114,0.0,127.183,0.0,0.04839
2022-09-28 19:35:00,9.49805,2213.02,0.0,0,49.36,0.39667,0.0,0.0,31.4575,0.0,0.0,0.0,0.0,12.7997,0.0,0.72,0.0,0,1363.99,0.0,0.0,0.0,0.0,0.001526,8.80987,0.0,7.39196,3.59634,0.0,0.0,55.5765,0.0,0.0,1045.51,0.0,0.0,0.0,0.0,0.0,0.0,0.0,1166.96,0.0,0.0,0.0,0.00153,0.0,196.498,0.0,199.303,0.34476,743.71,339.996,67.8,0.0,112.782,0.0,0.0,121,1.80179,0.0,1246.16,0.0,0.00093,0.0,5.65585,0.0,130.442,0.0005,0.05108
2022-09-28 19:40:00,12.0977,2221.25,0.0,0,53.84,0.33596,0.0,0.0,29.7544,0.0,0.0,0.0,0.0,16.3973,0.0,0.45,0.0,0,1374.36,0.0,0.0,0.0,0.0,0.001526,7.82488,0.0,8.03308,4.32554,0.0,0.0,56.6316,0.0,0.0,1051.42,0.0,0.0,0.0,0.0,0.0,0.0,0.0,1184.3,0.0,0.0,0.0,0.00153,0.0,188.496,0.0,199.547,0.35481,757.67,344.125,67.8,0.0,122.472,0.0,0.0,119,1.1902,0.0,1246.16,0.0,0.35091,0.0,6.71934,0.0,131.232,0.0025,0.04988
2022-09-28 19:45:00,14.496,2220.32,0.0,0,62.1,0.0,0.0,0.0,28.6411,0.0,0.0,0.0,0.0,16.8973,0.0,0.0,0.0,0,1378.49,0.0,0.0,0.0,0.0,0.001526,6.6349,0.0,6.83336,3.6987,0.0,0.0,56.8347,0.0,0.0,1053.66,0.0,0.0,0.0,0.0,0.0,0.0,0.0,1179.39,0.0,0.0,0.0,0.00153,0.0,176.374,0.0,199.795,0.21414,758.66,341.019,68.0,0.0,129.712,0.0,0.0,134,1.37331,0.0,1246.16,0.0,0.12752,0.0,6.71934,0.0,130.538,0.0005,0.04932
2022-09-28 19:50:00,17.2976,2204.33,0.0,0,68.72,0.0,0.0,0.0,28.3754,0.0,0.0,0.0,0.0,16.4991,0.0,0.0,0.0,0,1378.27,0.0,0.0,0.0,0.0,0.001526,6.2799,0.0,7.38878,3.03297,0.0,0.0,56.2502,0.0,0.0,1043.66,0.0,0.0,0.0,0.0,0.0,0.0,0.0,1176.24,0.0,0.0,0.0,0.00153,0.0,156.123,0.0,199.161,0.19405,740.4,335.413,67.7,0.0,128.855,0.0,0.0,190,1.63333,0.0,1246.16,0.0,0.0,0.0,6.27988,0.0,125.657,0.0035,0.05041
2022-09-28 19:55:00,17.4985,2224.64,0.0,0,65.55,0.0,0.0,0.0,29.8833,0.0,0.0,0.0,0.0,17.5965,0.0,0.0,0.0,0,1345.97,0.0,0.0,0.0,0.0,0.001526,5.71491,0.0,6.28745,2.68385,0.0,0.0,56.2779,0.0,0.0,1045.55,0.0,0.0,0.0,0.0,0.0,0.0,0.0,1179.39,0.0,0.0,0.0,0.00153,0.0,145.374,0.0,198.758,0.2041,748.49,293.345,67.4,0.0,131.03,0.0,0.0,190,1.68093,0.0,1246.16,0.0,0.00093,0.0,6.04257,0.0,129.362,0.0,0.05294
2022-09-28 20:00:00,13.7994,2217.56,0.0,0,59.19,0.0,0.0,0.0,28.2465,0.0,0.0,0.0,0.0,16.5964,0.0,0.0,0.0,0,1315.08,0.0,0.0,0.0,0.0,0.001526,4.94492,0.0,6.92222,2.82826,0.0,0.0,56.0164,0.0,0.0,1045.77,0.0,0.0,0.0,0.0,0.0,0.0,0.0,1177.07,0.0,0.0,0.0,0.00153,0.0,140.778,0.0,199.103,0.21414,738.75,289.347,67.7,0.0,133.195,0.0,0.0,190,2.05997,0.0,1246.16,0.0,0.0,0.0,5.14607,0.0,123.113,0.0,0.04822
2022-09-28 20:05:00,16.2947,2239.19,0.0,0,61.5,0.0,0.0,0.0,25.8207,0.0,0.0,0.0,0.36927,16.5964,0.0,0.0,0.0,0,1346.38,0.0,0.0,0.0,0.0,0.001526,5.79991,0.0,8.09339,2.25934,0.0,0.0,56.0164,0.0,0.0,1066.31,0.0,0.0,0.0,0.0,0.0,0.0,0.0,1177.14,0.0,0.0,0.0,0.00153,0.0,141.877,0.0,200.079,0.21414,765.0,291.317,68.0,0.0,135.656,0.0,0.0,190,1.82193,0.0,1246.16,0.0,0.01024,0.0,5.09334,0.0,118.589,0.0055,0.05525
2022-09-28 20:10:00,16.396,2233.68,0.0,0,58.73,0.0,0.0,0.0,16.0569,0.0,0.0,0.0,0.0,16.5964,0.0,0.0,0.0,0,1378.51,0.0,0.0,0.0,0.0,0.001526,6.6749,0.0,7.2047,1.94434,0.0,0.0,55.4596,0.0,0.0,1054.88,0.0,0.0,0.0,0.0,0.0,0.0,0.0,1165.11,0.0,0.0,0.0,0.00153,0.0,121.076,0.0,199.849,0.19405,762.26,276.832,68.0,0.0,134.931,0.0,0.0,189,1.39162,0.0,1246.16,0.0,0.00093,0.0,5.75253,0.0,127.0,0.0,0.04718
2022-09-28 20:15:00,16.4957,2231.8,0.0,0,58.32,0.0,0.0,0.0,14.8108,0.0,0.0,0.0,0.41749,17.3973,0.0,0.0,0.0,0,1377.56,0.0,0.0,0.0,0.0,0.001526,7.61488,0.0,10.7467,1.596,0.0,0.0,55.7211,0.0,0.0,1041.46,0.0,0.0,0.0,0.0,0.0,0.0,0.0,1148.38,0.0,0.0,0.0,0.00153,0.0,92.8222,0.0,199.649,0.19405,757.46,249.206,68.0,0.0,125.658,0.0,0.0,231,1.50881,0.0,1246.16,0.0,0.00093,0.0,6.2623,0.0,120.41,0.0,0.0497
2022-09-28 20:20:00,15.8974,2231.63,0.0,0,61.13,0.0,0.0,0.0,13.3029,0.0,0.0,0.0,0.6482,17.6982,0.0,0.0,0.0,0,1348.46,0.0,0.0,0.0,0.0,0.001526,7.51489,0.0,9.52798,1.1715,0.0,0.0,56.7762,0.0,0.0,1035.33,0.0,0.0,0.0,0.0,0.0,0.0,0.0,1134.69,0.0,0.0,0.0,0.00153,0.0,76.6812,0.0,199.698,0.19405,755.55,242.336,68.0,0.0,124.955,0.0,0.0,272,2.54887,0.0,1246.16,0.0,0.00093,0.0,5.73495,0.0,120.308,0.0,0.05135
2022-09-28 20:25:00,18.2961,2226.89,0.0,0,62.83,0.0,0.0,0.0,12.5842,0.0,0.0,0.44404,1.15724,18.6983,0.0,0.0,0.0,0,1320.02,0.0,0.0,0.0,0.0,0.001526,6.98989,0.0,7.73156,0.90727,0.0,0.0,56.3087,0.0,0.0,1036.68,0.0,0.0,0.0,0.0,0.0,0.0,0.0,1120.74,0.0,0.0,0.0,0.00153,0.0,81.6068,0.0,199.653,0.21414,749.84,237.47,67.9,0.0,122.022,0.0,0.0,298,3.51751,0.0,1246.16,0.0,0.00093,0.0,6.47324,0.0,99.4809,0.0,0.04774
2022-09-28 20:30:00,21.3963,2225.47,0.0,0,77.78,0.0,0.0,0.0,10.2873,0.0,0.0,0.0,1.25734,19.8975,0.0,0.0,0.0,0,1302.05,0.0,0.0,0.0,0.0,0.001526,7.76988,0.0,8.74086,0.36057,0.0,0.0,55.958,0.0,0.0,1039.69,0.0,0.0,0.0,0.0,0.0,0.0,0.0,1105.07,0.0,0.0,0.0,0.00153,0.0,92.108,0.0,199.063,0.19405,747.66,237.461,67.9,0.0,125.482,0.0,0.0,297,4.20233,0.0,1246.16,0.0,0.0,0.0,7.37853,0.0,74.7027,0.0015,0.04754
2022-09-28 20:35:00,25.9944,2223.47,0.0,0,76.79,0.0,0.0,0.0,9.17397,0.0,0.0,0.0,0.91676,25.4997,0.0,0.0,0.0,0,1299.41,0.0,0.0,0.0,0.0,0.001526,7.72488,0.0,13.3811,0.61924,0.0,0.0,55.9856,0.0,0.0,1039.27,0.0,0.0,0.0,0.0,0.0,0.0,0.0,1080.58,0.0,0.0,0.0,0.00153,0.0,93.0694,0.0,199.303,0.184,741.98,194.77,67.9,0.0,124.471,0.0,0.0,293,4.18219,0.0,1246.16,0.0,0.0,0.0,6.33262,0.0,75.3277,0.0045,0.05122
2022-09-28 20:40:00,25.5954,2232.43,0.0,0,70.9,0.0,0.0,0.0,8.84584,0.0,0.0,0.0,1.71695,28.8982,0.0,0.28,0.0,0,1305.88,0.0,0.0,0.0,0.0,0.001526,10.2298,0.0,18.7957,0.45975,0.0,0.0,56.6009,0.0,0.0,1035.99,0.0,0.0,0.0,0.0,0.0,0.0,0.0,1077.41,0.0,0.0,0.0,0.00153,0.0,87.686,0.0,199.542,0.17395,758.52,202.139,67.7,0.0,125.977,0.0,0.0,303,8.18677,0.0,1261.38,0.0,0.00093,0.0,4.60114,0.0,82.8681,0.0005,0.05276
2022-09-28 20:45:00,26.496,2225.08,0.0,0,64.64,0.0,0.0,0.0,10.0255,0.0,0.0,0.0,2.18753,27.7964,0.0,0.0,0.0,0,1300.75,0.0,0.0,0.0,0.0,0.001526,12.1998,0.0,21.1634,0.66209,0.0,0.0,56.7178,0.0,0.0,1051.97,0.0,0.0,0.0,0.0,0.0,0.0,0.0,1058.66,0.0,0.0,0.0,0.00153,0.0,101.675,0.0,199.742,0.2041,746.56,195.033,68.0,0.0,126.306,0.0,0.0,296,7.10277,0.0,1261.38,0.0,0.00093,0.0,4.03864,0.0,80.9247,0.0025,0.05223
2022-09-28 20:50:00,31.0942,2226.6,0.0,0,69.81,0.0,0.0,0.0,9.96304,0.0,0.0,1.7937,1.66751,26.398,0.0,0.29,0.0,0,1302.29,0.0,0.0,0.0,0.0,0.001526,13.3448,0.0,23.2201,0.33042,0.0,0.0,55.8688,0.0,0.0,1052.74,0.0,0.0,0.0,0.0,0.0,0.0,0.0,1043.25,0.0,0.0,0.0,0.00153,0.0,110.538,0.0,199.449,0.184,745.7,192.374,67.7,0.0,129.679,0.0,0.0,297,8.14649,0.0,1261.38,0.0,0.00093,0.0,2.14017,0.0,77.0135,0.0,0.05278
2022-09-28 20:55:00,32.4951,2227.84,0.0,0,72.95,0.0,0.0,0.0,8.25599,0.0,0.0,3.94751,2.74601,27.199,0.0,0.82,0.0,0,1304.02,0.0,0.0,0.0,0.0,0.001526,11.7298,0.0,27.1303,0.2598,0.0,0.0,56.0164,0.0,0.0,1051.04,0.0,0.0,0.0,0.0,0.0,0.0,0.0,1028.31,0.0,0.0,0.0,0.00153,0.0,118.759,0.0,199.742,0.184,751.82,198.435,67.7,0.0,130.997,0.0,0.0,299,6.0499,0.0,1261.38,0.0,0.00093,0.0,1.82376,0.0,86.1738,0.0,0.04596
2022-09-28 21:00:00,34.0957,2223.89,0.0,0,73.82,2.48362,0.0,0.0,10.3537,0.0,0.0,3.80941,3.92279,30.1992,0.0,1.39,0.0,0,1304.1,0.0,0.0,0.0,0.0,0.001526,10.7298,0.0,21.1063,0.80729,0.0,0.0,55.958,0.0,0.0,1038.61,0.0,0.0,0.0,0.0,0.0,0.0,0.0,1011.37,0.0,0.0,0.0,0.00153,0.0,128.373,0.0,199.4,0.184,749.48,196.038,67.7,0.0,136.645,0.0,0.0,299,4.73884,0.0,1261.0,0.0,0.00093,0.0,1.52493,0.0,90.3267,0.0,0.05214
2022-09-28 21:05:00,29.3992,2207.16,0.0,0,77.03,5.06353,0.0,0.0,9.10756,0.0,0.0,2.31708,2.76738,28.5973,0.0,1.51,0.0,0,1310.32,0.0,0.0,0.0,0.0,0.001526,9.38986,0.0,20.0589,1.27623,0.0,0.0,55.8103,0.0,0.0,1027.88,0.0,0.0,0.0,0.0,0.0,0.0,0.0,1003.68,0.0,0.0,0.0,0.00153,0.0,165.919,0.0,169.672,0.2041,506.02,317.14,68.3,0.0,145.555,0.0,0.0,302,4.47517,0.0,1261.0,0.0,0.00093,0.0,1.20851,0.0,88.575,0.0,0.05211
2022-09-28 21:10:00,24.6986,2184.75,0.0,0,76.83,8.25152,0.0,0.0,7.338,0.0,0.0,1.61517,2.9749,28.0973,0.0,1.86,0.0,0,1307.2,0.0,0.0,0.0,0.0,0.001526,9.83985,0.0,23.0487,1.21355,0.0,0.0,55.838,0.0,0.0,1033.68,0.0,0.0,0.0,0.0,0.0,0.0,0.0,986.905,0.0,0.0,0.0,0.00153,0.0,191.618,0.0,120.185,0.184,501.43,331.687,68.0,0.0,150.224,0.0,0.0,314,6.18723,0.0,1261.0,0.0,0.00093,0.0,0.84816,0.0,88.1379,0.0,0.04785
2022-09-28 21:15:00,21.9988,2172.32,0.0,0,79.24,12.236,0.0,0.0,8.45521,0.0,0.0,0.22049,4.29572,30.0974,0.0,1.55,0.0,0,1304.32,0.0,0.0,0.0,0.0,0.001526,11.4348,0.0,25.0546,1.33733,0.0,0.0,56.2194,0.0,0.0,1031.59,0.0,0.0,0.0,0.0,0.0,0.0,0.0,972.183,0.0,0.0,0.0,0.00153,0.0,217.546,0.0,120.137,0.184,504.96,331.898,68.0,0.0,148.565,0.0,0.0,301,9.86404,0.0,1261.0,0.0,0.00093,0.0,0.7339,0.0,84.8261,0.0025,0.0462
2022-09-28 21:20:00,26.0967,2140.05,0.0,0,78.45,14.8651,0.0,0.0,7.99426,0.0,0.0,0.0,3.87579,27.4999,0.0,0.68,0.0,0,1299.12,0.0,0.0,0.0,0.0,0.001526,11.4648,0.0,22.4774,0.83665,0.0,0.0,56.3363,0.0,0.0,1022.88,0.0,0.0,0.0,0.0,0.0,0.0,0.0,950.967,0.0,0.0,0.0,0.00153,0.0,213.234,0.0,119.892,0.184,494.36,326.93,67.5,0.0,152.597,0.0,0.0,297,9.99588,0.0,1261.0,0.0,0.00093,0.0,1.07668,0.0,105.26,0.0005,0.05109
2022-09-28 21:25:00,31.9982,2102.25,0.0,0,71.9,16.6726,0.0,0.0,7.60363,0.0,0.0,0.0,6.62303,29.0,0.0,0.45,0.0,0,1300.97,0.0,0.0,0.0,0.0,0.001526,11.8148,0.0,18.5608,1.19847,0.0,0.0,57.0408,0.0,0.0,1024.07,0.0,0.0,0.0,0.0,0.0,0.0,0.0,935.879,0.0,0.0,0.0,0.00153,0.0,223.268,0.0,119.548,0.2041,501.24,326.963,67.5,0.0,154.08,0.0,0.0,300,8.88624,0.0,1261.0,0.0,0.00093,0.0,1.18215,0.0,141.571,0.0025,0.04922
2022-09-28 21:30:00,34.7998,2074.27,0.0,0,62.46,16.5491,0.0,0.0,6.88096,0.0,0.0,0.0,9.09499,28.5973,0.0,0.3,0.0,0,1302.36,0.0,0.0,0.0,0.0,0.001526,12.6248,0.0,22.4964,1.25243,0.0,0.0,56.0164,0.0,0.0,1025.2,0.0,0.0,0.0,0.0,0.0,0.0,0.0,930.288,0.0,0.0,0.0,0.00153,0.0,199.602,0.0,119.892,0.184,509.11,333.007,67.8,0.0,156.915,0.0,0.0,303,7.95972,0.0,1261.0,0.0,0.00093,0.0,1.75344,0.0,138.766,0.0,0.04977
2022-09-28 21:35:00,35.0963,2118.59,0.0,0,58.97,14.3742,0.0,0.0,7.14269,0.0,0.0,0.53941,8.73365,30.0974,0.0,0.28,0.0,0,1311.96,0.0,0.0,0.0,0.0,0.001526,12.1148,0.0,24.0199,0.53196,0.0,0.0,55.9272,0.0,0.0,1041.3,0.0,0.0,0.0,0.0,0.0,0.0,0.0,925.991,0.0,0.0,0.0,0.00153,0.0,188.066,0.0,39.5895,0.184,260.97,362.163,68.1,0.0,159.178,0.0,0.0,305,8.9485,0.0,1261.0,0.0,0.00093,0.0,2.30716,0.0,125.078,0.0,0.05068
2022-09-28 21:40:00,35.0954,2135.41,0.0,0,54.11,15.6385,0.0,0.0,6.55283,0.0,0.0,2.15534,6.99535,26.398,0.0,0.51,0.0,0,1341.55,0.0,0.0,0.0,0.0,0.001526,12.4648,0.0,23.4803,0.30423,0.0,0.0,56.1025,0.0,0.0,1035.82,0.0,0.0,0.0,0.0,0.0,0.0,0.0,906.776,0.0,0.0,0.0,0.00153,0.0,157.569,0.0,0.0,0.184,257.42,359.725,68.1,0.0,163.012,0.0,0.0,345,5.79538,0.0,1261.0,0.0,0.00093,0.0,2.48295,0.0,118.138,0.0005,0.05056
2022-09-28 21:45:00,33.2974,2119.47,0.0,0,49.58,14.0309,0.0,0.0,0.0,0.0,0.0,4.15274,7.34325,25.7962,0.0,0.67,0.0,0,1325.75,0.0,0.0,0.0,0.0,0.001526,11.1948,0.0,15.2219,0.59623,0.0,0.0,55.7795,0.0,0.0,1029.49,0.0,0.0,0.0,0.0,0.0,0.0,0.0,890.004,0.0,0.0,0.0,0.00153,0.0,137.116,0.0,0.0,0.184,254.55,354.429,67.8,0.0,165.089,0.0,0.0,315,6.43626,0.0,1261.0,0.0,0.00093,0.0,2.36869,0.0,135.751,0.0025,0.0498
2022-09-28 21:50:00,30.2937,2112.95,0.0,0,46.14,14.8117,0.0,0.0,0.0,0.0,0.0,5.62753,6.53513,27.2963,0.0,0.49,0.0,0,1309.27,0.0,0.0,0.0,0.0,0.001526,10.0198,0.0,10.9689,1.0128,0.0,0.0,55.3427,0.0,0.0,1024.89,0.0,0.0,0.0,0.0,0.0,0.0,0.0,878.236,0.0,0.0,0.0,0.00153,0.0,117.771,0.0,0.0,0.19405,253.75,359.277,68.1,0.0,163.485,0.0,0.0,304,6.08469,0.0,1261.0,0.0,0.00093,0.0,2.75541,0.0,135.244,0.0,0.04991
2022-09-28 21:55:00,35.996,2136.43,0.0,0,39.53,16.5009,0.0,0.0,0.0,0.0,0.0,8.08041,4.60639,30.3983,0.0,0.48,0.0,0,1307.42,0.0,0.0,0.0,0.0,0.001526,7.90488,0.0,9.16615,0.92552,0.0,0.0,55.6934,0.0,0.0,1028.26,0.0,0.0,0.0,0.0,0.0,0.0,0.0,866.786,0.0,0.0,0.0,0.00153,0.0,111.518,0.0,0.0,0.184,256.01,357.395,68.1,0.0,166.055,0.0,0.0,302,6.66331,0.0,1261.0,0.0,0.00093,0.0,2.49174,0.0,124.589,0.0,0.05273
2022-09-28 22:00:00,40.5988,2120.44,0.0,0,40.45,18.2111,0.0,0.0,0.0,0.0,0.0,8.55116,2.22782,29.5974,0.0,0.98,0.0,0,1304.98,0.0,0.0,0.0,0.0,0.001526,8.34987,0.0,10.3056,0.61051,0.0,0.0,56.5148,0.0,0.0,1031.35,0.0,0.0,0.0,0.0,0.0,0.0,0.0,849.036,0.0,0.0,0.0,0.00153,0.0,102.316,0.0,0.0,0.19405,251.61,350.722,67.7,0.0,168.286,0.0,0.0,297,7.21263,0.0,1261.0,0.0,0.00093,0.0,1.82376,0.0,113.227,0.0005,0.04819
2022-09-28 22:05:00,34.9989,2110.24,0.0,0,37.97,17.8825,0.0,0.0,0.0,0.0,0.0,10.2434,2.24552,32.0976,0.0,1.32,0.0,0,1340.84,0.0,0.0,0.0,0.0,0.001526,7.60988,0.0,15.6345,0.42325,0.0,0.0,55.7211,0.0,0.0,1035.51,0.0,0.0,0.0,0.0,0.0,0.0,0.0,842.811,160.509994507,0.0,0.0,0.00153,0.0,85.626,0.0,0.0,0.184,121.94,357.927,67.7,0.0,167.528,0.0,0.0,339,5.29549,0.0,1261.0,0.0,0.00093,0.0,1.69192,0.0,95.1473,0.0,0.0494
2022-09-28 22:10:00,34.0958,2119.1,0.0,0,36.78,18.163,0.0,0.0,0.0,0.0,0.0,9.0547,3.74517,29.1991,0.0,1.85,0.0,0,1370.14,0.0,0.0,0.0,0.0,0.001526,8.44987,0.0,17.5071,0.4907,0.0,0.0,56.1025,0.0,0.0,1028.42,0.0,0.0,0.0,0.0,0.0,0.0,0.0,844.959,205.539993286,0.0,0.0,0.00153,0.0,71.7555,0.0,0.0,0.184,-0.25,348.786,67.7,0.0,168.275,0.0,0.0,376,5.5317,0.0,1261.0,0.0,0.00093,0.0,1.28762,0.0,90.5989,0.0045,0.04358
2022-09-28 22:15:00,36.297,2102.99,0.0,0,34.74,18.3242,0.0,0.0,0.0,0.0,0.0,7.59976,3.41436,29.9956,0.0,1.8,0.0,0,1377.32,0.0,0.0,0.0,0.0,0.001526,8.17988,0.0,14.6824,0.98741,0.0,0.0,55.838,0.0,0.0,1018.26,0.0,0.0,0.0,0.0,0.0,0.0,0.0,828.992,264.179992676,0.0,0.0,0.00153,0.0,64.5594,0.0,0.0,0.19405,0.0,349.03,67.1,0.0,170.889,0.0,0.0,395,6.60472,0.0,1261.0,0.0,0.00093,0.0,1.06789,0.0,83.0585,0.0,0.05689
2022-09-28 22:20:00,37.7942,2067.78,0.0,0,38.13,16.9615,0.0,0.0,0.0,0.0,0.0,7.21599,3.56451,32.9959,0.0,1.86,0.0,0,1380.29,0.0,0.0,0.0,0.0,0.001526,7.67988,0.0,9.8898,2.69337,0.0,0.0,56.2194,0.0,0.0,1025.04,0.0,0.0,0.0,0.0,0.0,0.0,0.0,827.063,272.630004883,0.0,0.0,0.00153,0.0,57.583,0.0,0.0,0.2041,0.0,349.362,67.7,0.0,173.328,0.0,0.0,397,6.10666,0.0,1261.0,0.0,0.00093,0.0,0.0,0.0,69.4523,0.0,0.0497
2022-09-28 22:25:00,41.2956,2112.02,0.0,0,42.73,16.4109,0.0,0.0,0.0,0.0,0.0,12.6238,3.67376,32.0976,0.0,2.7,0.0,0,1379.39,0.0,0.0,0.0,0.0,0.001526,7.70488,0.0,7.51574,2.69099,0.0,0.0,55.8103,0.0,0.0,1030.26,0.0,0.0,0.0,0.0,0.0,0.0,0.0,812.586,217.320007324,0.0,0.0,0.00153,0.0,50.4967,0.0,0.0,0.17395,0.0,355.164,68.0,0.0,170.538,0.0,0.0,406,6.12131,0.0,1261.0,0.0,0.02513,0.0,0.99757,0.0,58.6038,0.0,0.05206
2022-09-28 22:30:00,41.0963,2136.51,0.0,0,51.94,14.952,0.0,0.0,0.0,0.0,0.0,14.229,3.89532,39.0981,0.0,3.45,0.0,0,1377.19,0.0,0.0,0.0,0.0,0.001526,6.5849,0.0,8.41395,1.76739,0.0,0.0,56.2194,0.0,0.0,1025.42,0.0,0.0,0.0,0.0,0.0,0.0,0.0,793.323,144.020004272,0.0,0.0,0.00153,0.0,42.6871,0.0,0.0,0.1639,0.0,352.734,67.7,0.0,171.724,0.0,0.0,408,5.43282,0.0,1261.0,0.0,0.0,0.0,1.03273,0.0,52.2353,0.0,0.05435
2022-09-28 22:35:00,41.8965,2145.91,0.0,0,45.95,13.202,0.0,0.0,0.0,0.0,0.0,17.6226,4.09613,39.6999,0.0,3.13,0.0,0,1376.24,0.0,0.0,0.0,0.0,0.001526,6.7699,0.0,10.3722,1.90069,0.0,0.0,55.8995,0.0,0.0,1020.09,0.0,0.0,0.0,0.0,0.0,0.0,0.0,767.15,169.229995728,0.0,0.0,0.00153,0.0,38.4756,0.0,0.0,0.2041,0.0,344.439,67.4,0.0,172.889,0.0,0.0,405,5.76242,0.0,1261.0,0.0,0.0,0.0,1.10304,0.0,53.4536,0.0,0.05403
2022-09-28 22:40:00,40.2962,2179.38,0.0,0,51.19,14.661,0.0,0.0,0.0,0.0,0.0,14.609,4.83528,43.8994,0.0,2.7,0.0,0,1358.22,0.0,0.0,0.0,0.0,0.001526,6.23491,0.0,11.756,1.961,0.0,0.0,56.7762,0.0,0.0,1030.88,0.0,0.0,0.0,0.0,0.0,0.0,0.0,769.567,117.099998474,0.0,0.0,0.00153,0.0,19.5331,0.0,0.0,0.184,0.0,351.809,67.7,0.0,172.395,0.0,0.0,407,6.72557,0.0,1261.0,0.0,0.01024,0.0,0.97121,0.0,54.2116,0.0,0.05178
2022-09-28 22:45:00,37.9958,2178.99,0.0,0,58.48,18.4204,0.0,0.0,0.0,0.0,0.0,13.6751,3.42657,40.8991,0.0,2.36,0.0,0,1323.75,0.0,0.0,0.0,0.0,0.001526,5.78991,0.0,16.2756,1.88006,0.0,0.0,55.7795,0.0,0.0,1023.3,0.0,0.0,0.0,0.0,0.0,0.0,0.0,771.276,193.130004883,0.0,0.0,0.00153,0.0,22.472,0.0,0.0,0.1639,0.0,350.559,67.7,0.0,173.581,0.0,0.0,388,8.97047,0.0,1261.0,0.0,0.02141,0.0,0.68995,0.0,50.0942,0.0,0.05305
2022-09-28 22:50:00,35.6976,2189.22,0.0,0,58.4,23.7226,0.0,0.0,0.0,0.0,0.0,14.2413,3.05547,41.2974,0.0,2.36,0.0,0,1308.76,0.0,0.0,0.0,0.0,0.001526,5.09492,0.0,13.5778,2.97346,0.0,0.0,56.0441,0.0,0.0,1031.39,0.0,0.0,0.0,0.0,0.0,0.0,0.0,772.253,174.839996338,0.0,0.0,0.00153,0.0,33.0373,0.0,0.0,0.19405,0.0,358.243,68.3,0.0,174.57,0.0,0.0,354,6.916,0.0,1261.0,0.0,0.0,0.0,0.72511,0.0,36.4453,0.0,0.04916
2022-09-28 22:55:00,32.895,2175.74,0.0,0,62.35,24.7713,0.0,0.0,0.0,0.0,0.0,13.0755,2.18692,42.8993,0.0,2.69,0.0,0,1304.49,0.0,0.0,0.0,0.0,0.001526,4.61993,0.0,12.7844,1.32305,0.0,0.0,55.4012,0.0,0.0,1028.53,0.0,0.0,0.0,0.0,0.0,0.0,0.0,765.905,235.330001831,0.0,0.0,0.00153,0.0,45.8732,0.0,0.0,0.184,0.0,353.263,67.7,0.0,173.823,0.0,0.0,309,5.90524,0.0,1261.0,0.0,0.0,0.0,0.80421,0.0,34.7497,0.0025,0.05174
2022-09-28 23:00:00,30.8944,2166.29,0.0,0,74.51,25.4432,0.0,0.0,0.0,0.0,0.0,13.1273,2.17716,39.4964,0.0,2.72,0.0,0,1304.32,0.0,0.0,0.0,0.0,0.001526,3.35495,0.0,8.74086,1.38653,0.0,0.0,55.4596,0.0,0.0,1025.44,0.0,0.0,0.0,0.0,0.0,0.0,0.0,770.764,161.449996948,0.0,0.0,0.00153,0.0,66.3722,0.0,0.0,0.19405,0.0,355.53,67.7,0.0,174.768,0.0,0.0,301,4.37812,0.0,1261.0,0.0,0.00093,0.0,0.67237,0.0,44.3836,0.0,0.04906
2022-09-28 23:05:00,28.8965,2132.84,0.0,0,77.67,29.0415,0.0,0.0,0.0,0.0,0.0,15.7778,2.1564,36.7971,0.0,3.38,0.0,0,1301.22,0.0,0.0,0.0,0.0,0.001526,3.39995,0.0,5.52255,1.55077,0.0,0.0,55.5765,0.0,0.0,1027.01,0.0,0.0,0.0,0.0,0.0,0.0,0.0,766.979,197.559997559,0.0,0.0,0.00153,0.0,58.0591,0.0,0.0,0.2041,0.0,348.778,67.7,0.0,174.724,0.0,0.0,297,3.78851,0.0,1261.0,0.0,0.0,0.0,0.7339,0.0,58.4183,0.0,0.04668
2022-09-28 23:10:00,21.7953,2099.37,0.0,0,78.93,29.1525,0.0,0.0,0.0,0.0,0.0,10.3044,0.87831,35.6996,0.0,3.82,0.0,0,1304.46,0.0,0.0,0.0,0.0,0.001526,3.21495,0.0,3.85309,1.39843,0.0,0.0,55.6626,0.0,0.0,1029.38,0.0,0.0,0.0,0.0,0.0,0.0,0.0,771.814,152.460006714,0.0,0.0,0.00153,0.0,54.5708,0.0,0.0,0.184,0.0,355.513,67.8,0.0,174.801,0.0,0.0,322,3.13115,0.0,1261.0,0.0,0.03072,0.0,0.0,0.0,67.7421,0.0005,0.05027
2022-09-28 23:15:00,20.4952,2074.62,0.0,0,77.0,34.0108,0.0,0.0,0.0,0.0,0.0,8.11322,1.72854,32.2967,0.0,3.16,0.0,0,1335.98,0.0,0.0,0.0,0.0,0.001526,2.97495,0.0,1.58694,2.07288,0.0,0.0,56.2194,0.0,0.0,1027.55,0.0,0.0,0.0,0.0,0.0,0.0,0.0,768.322,110.209999084,0.0,0.0,0.00153,0.0,58.5443,0.0,0.0,0.17395,0.0,349.429,67.8,0.0,174.273,0.0,0.0,358,3.3875,0.0,1261.0,0.0,0.02141,0.0,0.0,0.0,82.4799,0.0015,0.05112
2022-09-28 23:20:00,14.6928,2035.19,0.0,0,78.84,39.1916,0.0,0.0,0.0,0.0,0.0,12.1416,1.80606,34.3986,0.0,3.16,0.0,0,1364.5,0.0,0.0,0.0,0.0,0.001526,3.51995,0.0,1.47585,1.80865,0.0,0.0,56.3363,0.0,0.0,1024.85,0.0,0.0,0.0,0.0,0.0,0.0,0.0,754.26,77.0,0.0,0.0,0.00153,0.0,60.8423,0.0,0.0,0.23424,0.0,350.718,67.8,0.0,174.636,0.0,0.0,394,3.15679,0.0,1261.0,0.0,0.05119,0.0,0.0,0.0,69.8088,0.0,0.05064
2022-09-28 23:25:00,10.7969,2020.32,0.0,0,81.0,43.5623,0.0,0.0,0.0,0.0,0.0,12.3751,1.81582,34.2969,0.0,3.5,0.0,0,1366.48,0.0,0.0,0.0,0.0,0.001526,4.32493,0.0,4.47517,1.38653,0.0,0.0,56.2502,0.0,0.0,1022.75,0.0,0.0,0.0,0.0,0.0,0.0,0.0,737.609,147.660003662,0.0,0.0,0.00153,0.0,53.225,0.0,0.0,0.184,0.0,351.542,67.8,0.0,174.911,0.0,0.0,405,3.24102,0.0,1261.0,0.0,0.0,0.0,0.63722,0.0,62.0621,0.0005,0.05104
2022-09-28 23:30:00,8.29656,1975.81,0.0,0,83.12,48.4604,0.0,0.0,0.0,0.0,0.0,10.1854,3.10368,35.8988,0.0,3.59,0.0,0,1366.99,0.0,0.0,0.0,0.0,0.001526,4.67493,0.0,5.80185,1.42303,0.0,0.0,55.8103,0.0,0.0,1016.89,0.0,0.0,0.0,0.0,0.0,0.0,0.0,716.32,96.2600021362,0.0,0.0,0.00153,0.0,49.8466,0.0,0.0,0.1639,0.0,344.128,67.2,0.0,174.812,0.0,0.0,404,2.54154,0.0,1261.0,0.0,0.0,0.0,0.64601,0.0,61.337,0.0,0.04712
2022-09-28 23:35:00,9.69779,1956.35,0.0,0,84.87,49.1993,0.0,0.0,0.0,0.0,0.0,8.64118,1.22805,34.0977,0.0,3.07,0.0,0,1378.0,0.0,0.0,0.0,0.0,0.001526,4.01494,0.0,6.14463,1.73962,0.0,0.0,55.6934,0.0,0.0,1023.76,0.0,0.0,0.0,0.0,0.0,0.0,0.0,715.953,192.440002441,0.0,0.0,0.00153,0.0,55.7885,0.0,0.0,0.21414,0.0,349.518,67.8,0.0,174.823,0.0,0.0,406,2.94072,0.0,1253.55,0.0,0.01582,0.0,0.68116,0.0,61.503,0.0,0.04924
2022-09-28 23:40:00,14.1942,1913.68,0.0,0,85.92,51.1021,0.0,0.0,0.0,0.0,0.0,7.06035,1.67849,34.8987,0.0,2.92,0.0,0,1370.6,0.0,0.0,0.0,0.0,0.001526,3.23995,0.0,2.60893,1.77057,0.0,0.0,56.5148,0.0,0.0,1024.29,0.0,0.0,0.0,0.0,0.0,0.0,0.0,719.811,168.759994507,0.0,0.0,0.00153,0.0,57.2168,0.0,0.0,0.184,0.0,349.988,67.2,0.0,174.998,0.0,0.0,408,4.50996,0.0,1245.16,0.0,0.00093,0.0,0.6548,0.0,62.2184,0.0,0.05414
2022-09-28 23:45:00,17.7971,1897.59,0.0,0,87.92,51.9331,0.0,0.0,0.0,0.0,0.0,7.84619,0.65797,37.098,0.0,2.14,0.0,0,1369.72,0.0,0.0,0.0,0.0,0.001526,2.58996,0.0,0.69508,1.11675,0.0,0.0,55.4873,0.0,0.0,1027.93,0.0,0.0,0.0,0.0,0.0,0.0,0.0,715.026,207.679992676,0.0,0.0,0.00153,0.0,71.4077,0.0,0.0,0.1639,0.0,347.586,67.8,0.0,175.35,0.0,0.0,406,6.90135,0.0,1253.33,0.0,0.02885,0.0,0.68116,0.0,65.9269,0.0005,0.05441
2022-09-28 23:50:00,15.8983,1891.24,0.0,0,85.35,58.3824,0.0,0.0,0.0,0.0,0.0,9.35988,0.12879,38.4963,0.0,2.08,0.0,0,1345.99,0.0,0.0,0.0,0.0,0.001526,1.60998,0.0,2.5994,1.06438,0.0,0.0,55.312,0.0,0.0,1023.54,0.0,0.0,0.0,0.0,0.0,0.0,0.0,716.783,184.949996948,0.0,0.0,0.00153,0.0,74.5754,0.0,0.0,0.184,0.0,346.819,67.5,0.0,173.999,0.0,0.0,406,7.11376,0.0,1263.86,0.0,0.0121,0.0,1.73587,0.0,64.1752,0.0005,0.05176
2022-09-28 23:55:00,16.196,1890.19,0.0,0,88.59,56.3414,0.0,0.0,0.0,0.0,0.0,7.95758,0.20752,37.7971,0.0,1.26,0.0,0,1314.84,0.0,0.0,0.0,0.0,0.001526,1.19498,0.0,2.5518,0.92869,0.0,0.0,55.7519,0.0,0.0,1026.83,0.0,0.0,0.0,0.0,0.0,0.0,0.0,717.98,185.089996338,0.0,0.0,0.00153,0.0,77.7523,0.0,0.0,0.2041,0.0,346.666,67.8,0.0,173.812,0.0,0.0,402,5.84848,0.0,1261.29,0.0,0.02141,0.0,1.41067,0.0,59.7879,0.0,0.0531
2022-09-29 00:00:00,21.8945,1889.41,0.0,0,88.18,51.2821,0.0,0.0,0.0,0.0,0.0,8.5481,0.0,35.0978,0.0,1.41,0.0,0,1303.76,0.0,0.0,0.0,0.0,0.001526,0.93999,0.0,3.24688,0.70256,0.0,0.0,56.7762,0.0,0.0,1026.94,0.0,0.0,0.0,0.0,0.0,0.0,0.0,716.246,196.309997559,0.0,0.0,0.00153,0.0,75.2529,0.0,0.0,0.15386,0.0,349.474,67.9,0.0,172.724,0.0,0.0,366,5.55917,0.0,1257.53,0.0,0.00093,0.0,1.22609,0.0,51.7177,0.0,0.04935
2022-09-29 00:05:00,25.4997,1866.65,0.0,0,90.1,47.8827,0.0,0.0,0.0,0.0,0.0,10.0816,0.0,39.1999,0.0,1.4,0.0,0,1335.01,0.0,0.0,0.0,0.0,0.001526,0.265,0.0,2.91362,0.82951,0.0,0.0,56.3948,0.0,0.0,1032.91,0.0,0.0,0.0,0.0,0.0,0.0,0.0,720.885,147.149993896,0.0,0.0,0.00153,0.0,69.4942,0.0,0.0,0.2041,0.0,350.762,67.9,0.0,173.361,0.0,0.0,401,4.94026,0.0,1262.05,0.0,0.00093,0.0,0.93605,0.0,48.9967,0.0,0.05377
2022-09-29 00:10:00,24.5969,1826.52,0.0,0,83.79,43.7925,0.0,0.0,0.0,0.0,0.0,10.074,0.16907,36.4962,0.0,1.48,0.0,0,1369.45,0.0,0.0,0.0,0.0,0.001526,0.48499,0.0,2.47562,1.25719,0.0,0.0,56.0749,0.0,0.0,1026.61,0.0,0.0,0.0,0.0,0.0,0.0,0.0,719.42,97.5999984741,0.0,0.0,0.00153,0.0,66.1616,0.0,0.0,0.184,0.0,351.05,67.9,0.0,170.076,0.0,0.0,409,4.1529,0.0,1260.02,0.0,0.00093,0.0,1.19973,0.0,48.9906,0.0,0.05119
2022-09-29 00:15:00,21.5949,1813.06,0.0,0,82.28,42.771,0.0,0.0,0.0,0.0,0.0,11.2429,0.35767,32.1994,0.0,1.97,0.0,0,1379.85,0.0,0.0,0.0,0.0,0.001526,1.52498,0.0,4.20221,2.34504,0.0,0.0,55.5765,0.0,0.0,1026.8,0.0,0.0,0.0,0.0,0.0,0.0,0.0,724.303,109.470001221,0.0,0.0,0.00153,0.0,63.7903,0.0,0.0,0.184,0.0,352.718,67.9,0.0,169.626,0.0,0.0,409,3.10918,0.0,1263.71,0.0,0.00093,0.0,1.33156,0.0,48.6781,0.0,0.04969
2022-09-29 00:20:00,18.1966,1815.87,0.0,0,83.9,44.0919,0.0,0.0,0.0,0.0,0.0,9.93057,0.32715,30.0974,0.0,3.34,0.0,0,1366.74,0.0,0.0,0.0,0.0,0.001526,3.34495,0.0,7.22374,2.74177,0.0,0.0,55.7211,0.0,0.0,1029.25,0.0,0.0,0.0,0.0,0.0,0.0,0.0,721.178,97.8300018311,0.0,0.0,0.00153,0.0,73.4676,0.0,0.0,0.21414,0.0,353.72,67.9,0.0,168.802,0.0,0.0,408,2.70268,0.0,1264.71,0.0,0.00093,0.0,1.19973,0.0,51.6591,0.0,0.04672
2022-09-29 00:25:00,16.2958,1813.28,0.0,0,83.38,42.8213,0.0,0.0,0.0,0.0,0.0,8.73732,0.98573,29.7965,0.0,2.48,0.0,0,1342.72,0.0,0.0,0.0,0.0,0.001526,3.24495,0.0,12.3591,1.6817,0.0,0.0,55.8688,0.0,0.0,1024.3,0.0,0.0,0.0,0.0,0.0,0.0,0.0,721.349,87.8000030518,0.0,0.0,0.00153,0.0,79.089,0.0,0.0,0.184,0.0,350.928,67.5,0.0,168.89,0.0,0.0,406,2.78325,0.0,1265.08,0.0,0.00093,0.0,1.02394,0.0,53.5708,0.0,0.05377
2022-09-29 00:30:00,14.0959,1812.38,0.0,0,85.58,41.3099,0.0,0.0,0.0,0.0,0.0,9.24544,0.63844,31.4958,0.0,2.5,0.0,0,1354.81,0.0,0.0,0.0,0.0,0.001526,2.74996,0.0,4.97981,1.40954,0.0,0.0,56.3363,0.0,0.0,1027.47,0.0,0.0,0.0,0.0,0.0,0.0,0.0,723.888,40.4599990845,0.0,0.0,0.00153,0.0,76.4065,0.0,0.0,0.1639,0.0,351.048,67.5,0.0,169.505,0.0,0.0,409,4.18585,0.0,1263.98,0.0,0.03444,0.0,1.17336,0.0,53.8723,0.0015,0.04899
2022-09-29 00:35:00,11.0944,1780.4,0.0,0,87.28,36.8807,0.0,0.0,0.0,0.0,0.0,8.3154,0.3772,28.6991,0.0,2.29,0.0,0,1369.92,0.0,0.0,0.0,0.0,0.001526,3.58995,0.0,3.89435,1.27068,0.0,0.0,56.2502,0.0,0.0,1022.36,0.0,0.0,0.0,0.0,0.0,0.0,0.0,683.214,103.690002441,0.0,0.0,0.00153,0.0,72.5612,0.0,0.0,0.2041,0.0,348.697,67.8,0.0,169.56,0.0,0.0,405,4.38544,0.0,1261.37,0.0,0.00093,0.0,1.40188,0.0,50.3896,0.0,0.05089
2022-09-29 00:40:00,10.8959,1767.21,0.0,0,87.33,32.9517,0.0,0.0,0.0,0.0,0.0,10.4646,0.35828,29.3983,0.0,2.18,0.0,0,1378.71,0.0,0.0,0.0,0.0,0.001526,4.02494,0.0,2.5994,0.9525,0.0,0.0,56.484,0.0,0.0,1028.77,0.0,0.0,0.0,0.0,0.0,0.0,0.0,670.25,62.4099998474,0.0,0.0,0.00153,0.0,64.9989,0.0,0.0,0.184,0.0,356.225,68.1,0.0,170.153,0.0,0.0,409,3.26482,0.0,1263.93,0.0,0.00093,0.0,1.59524,0.0,47.1803,0.0065,0.05442
2022-09-29 00:45:00,13.4979,1779.25,0.0,0,93.06,29.2111,0.0,0.0,0.0,0.0,0.0,10.6172,1.6553,23.7961,0.0,2.47,0.0,0,1361.96,0.0,0.0,0.0,0.0,0.001526,3.49995,0.0,0.49195,0.26615,0.0,0.0,56.1025,0.0,0.0,1030.55,0.0,0.0,0.0,0.0,0.0,0.0,0.0,657.896,127.169998169,0.0,0.0,0.00153,0.0,56.7864,0.0,0.0,0.184,0.0,356.583,67.8,0.0,170.736,0.0,0.0,410,3.31243,0.0,1264.96,0.0,0.00093,0.0,1.65676,0.0,45.2821,0.0025,0.04806
2022-09-29 00:50:00,14.3954,1770.36,0.0,0,90.33,30.3205,0.0,0.0,0.0,0.0,0.0,10.322,1.29763,20.1984,0.0,2.09,0.0,0,1377.88,0.0,0.0,0.0,0.0,0.001526,3.45495,0.0,0.0,0.63194,0.0,0.0,56.0441,0.0,0.0,1029.08,0.0,0.0,0.0,0.0,0.0,0.0,0.0,643.125,78.4100036621,0.0,0.0,0.00153,0.0,46.9627,0.0,0.0,0.19405,0.0,358.391,68.1,0.0,172.23,0.0,0.0,410,3.92767,0.0,1264.03,0.0,0.00093,0.0,1.69192,0.0,45.9498,0.0035,0.04965
2022-09-29 00:55:00,13.3986,1765.99,0.0,0,88.94,29.0206,0.0,0.0,0.0,0.0,0.0,15.259,2.93461,19.9993,0.0,1.82,0.0,0,1380.15,0.0,0.0,0.0,0.0,0.001526,5.23992,0.0,0.0,1.97528,0.0,0.0,55.4012,0.0,0.0,1029.83,0.0,0.0,0.0,0.0,0.0,0.0,0.0,626.523,122.760002136,0.0,0.0,0.00153,0.0,36.6903,0.0,0.0,0.19405,0.0,357.869,68.1,0.0,172.307,0.0,0.0,409,4.76631,0.0,1263.08,0.0,0.00093,0.0,2.05228,0.0,43.7366,0.0005,0.05033
2022-09-29 01:00:00,11.7958,1758.01,0.0,0,88.78,28.2293,0.0,0.0,0.0,0.0,0.0,16.8109,3.16655,20.8976,0.0,1.59,0.0,0,1378.71,0.0,0.0,0.0,0.0,0.001526,6.04491,0.0,0.77125,2.13874,0.0,0.0,55.9272,0.0,0.0,1032.49,0.0,0.0,0.0,0.0,0.0,0.0,0.0,620.42,90.9800033569,0.0,0.0,0.00153,0.0,30.6294,0.0,0.0,0.184,0.0,355.758,68.1,0.0,170.692,0.0,0.0,409,4.35981,0.0,1263.32,0.0,0.00093,0.0,1.9556,0.0,43.042,0.0025,0.05198
2022-09-29 01:05:00,13.399,1743.97,0.0,0,89.56,29.5229,0.0,0.0,0.0,0.0,0.0,16.0769,2.96513,18.8975,0.0,2.24,0.0,0,1379.0,0.0,0.0,0.0,0.0,0.001526,5.71491,0.0,3.29131,1.43255,0.0,0.0,55.1366,0.0,0.0,1007.18,0.0,0.0,0.0,0.0,0.0,0.0,0.0,624.717,114.900001526,0.0,0.0,0.00153,0.0,26.1158,0.0,0.0,0.19405,0.0,355.383,68.1,0.0,169.659,0.0,0.0,410,5.80636,0.0,1263.91,0.0,0.00093,0.0,2.22806,0.0,44.1443,0.0015,0.05868
2022-09-29 01:10:00,14.0982,1741.36,0.0,0,84.54,31.3713,0.0,0.0,0.0,0.0,0.0,19.1775,5.06477,17.0964,0.0,1.68,0.0,0,1378.49,0.0,0.0,0.0,0.0,0.001526,7.53489,0.0,2.66288,1.66821,0.0,0.0,55.958,0.0,0.0,998.871,0.0,0.0,0.0,0.0,0.0,0.0,0.0,617.612,108.120002747,0.0,0.0,0.00153,0.0,21.6113,0.0,0.0,0.184,0.0,352.153,67.8,0.0,170.12,0.0,0.0,410,5.94552,0.0,1259.8,0.0,0.0,0.0,2.75541,0.0,40.2625,0.0005,0.05443
2022-09-29 01:15:00,15.8933,1737.18,0.0,0,84.62,28.2628,0.0,0.0,0.0,0.0,0.0,20.7523,3.39483,16.8973,0.0,1.87,0.0,0,1378.46,0.0,0.0,0.0,0.0,0.001526,7.30489,0.0,4.63703,2.63307,0.0,0.0,55.8995,0.0,0.0,994.659,0.0,0.0,0.0,0.0,0.0,0.0,0.0,621.176,61.5299987793,0.0,0.0,0.00153,0.0,18.0224,0.0,0.0,0.19405,0.0,352.778,68.1,0.0,170.9,0.0,0.0,408,5.56832,0.0,1260.76,0.0,0.03444,0.0,2.86967,0.0,31.7516,4.98342,0.05161
2022-09-29 01:20:00,18.4955,1741.82,0.0,0,86.74,25.0225,0.0,0.0,0.0,0.0,0.0,22.3697,5.06416,16.1981,0.0,2.48,0.0,0,1380.54,0.0,0.0,0.0,0.0,0.001526,5.93991,0.0,5.14803,3.31466,0.0,0.0,56.1333,0.0,0.0,1002.37,0.0,0.0,0.0,0.0,0.0,0.0,0.0,623.374,0.0,0.0,0.0,0.00153,0.0,14.7356,0.0,0.0,0.184,0.0,354.598,68.1,0.0,168.934,0.0,0.0,409,5.86862,0.0,1263.64,0.0,0.0,0.0,3.60797,0.0,26.566,0.0345,0.0541
2022-09-29 01:25:00,19.9967,1733.62,0.0,0,89.12,24.8111,0.0,0.0,0.0,0.0,0.0,22.9023,4.01312,15.499,0.0,3.13,0.0,0,1377.34,0.0,0.0,0.0,0.0,0.001526,5.88991,0.0,8.71547,3.61459,0.0,0.0,56.1917,0.0,0.0,997.04,0.0,0.0,0.0,0.0,0.0,0.0,0.0,617.148,0.0,0.0,0.0,0.00153,0.0,15.1751,0.0,0.0,0.17395,0.0,348.029,67.5,0.0,171.197,0.0,0.0,405,4.18585,0.0,1264.08,0.0,0.00093,0.0,2.98393,0.0,24.1001,0.0,0.05052
2022-09-29 01:30:00,20.3968,1744.75,0.0,0,91.31,27.1639,0.0,0.0,7.2091,0.0,0.0,21.8906,4.39399,17.1982,0.0,3.29,0.0,0,1354.02,0.0,0.0,0.0,0.0,0.001526,5.99491,0.0,5.28133,2.95125,0.0,0.0,55.838,0.0,0.0,1002.28,0.0,0.0,0.0,0.0,0.0,0.0,0.0,620.249,0.0,0.0,0.0,0.00153,0.0,16.6125,0.0,0.0,0.22419,0.0,354.815,68.1,0.0,171.417,0.0,0.0,409,2.93156,0.0,1258.46,0.0,0.00093,0.0,3.16851,0.0,18.2406,0.0,0.05444
2022-09-29 01:35:00,23.7947,1747.19,0.0,0,91.82,25.2025,0.0,0.0,0.0,0.0,0.0,23.8743,3.99481,19.6984,0.0,2.69,0.0,0,1370.6,0.0,0.0,0.0,0.0,0.001526,5.87991,0.0,4.93855,2.0578,0.0,0.0,56.8347,0.0,0.0,972.961,0.0,0.0,0.0,0.0,0.0,0.0,0.0,619.687,0.0,0.0,0.0,0.00153,0.0,16.4202,0.0,0.0,0.17395,0.0,347.156,67.8,0.0,169.703,0.0,0.0,406,3.52483,0.0,1257.66,0.0,0.03258,0.0,4.28473,0.0,15.6905,0.0025,0.05211
2022-09-29 01:40:00,26.4978,1733.33,0.0,0,91.03,24.8195,0.0,0.0,0.0,0.0,0.0,22.005,2.93584,18.8975,0.0,2.93,0.0,0,1378.27,0.0,0.0,0.0,0.0,0.001526,6.4749,0.0,4.64973,1.90863,0.0,0.0,56.161,0.0,0.0,940.971,0.0,0.0,0.0,0.0,0.0,0.0,0.0,618.589,0.0,0.0,0.0,0.00153,0.0,18.7732,0.0,0.0,0.1639,0.0,343.633,67.5,0.0,166.022,0.0,0.0,406,4.98421,0.0,1259.36,0.0,0.00093,0.0,4.89998,0.0,11.9576,0.0,0.05249
2022-09-29 01:45:00,31.3987,1741.12,0.0,0,92.85,23.5824,0.0,0.0,0.0,0.0,0.0,23.0671,4.23407,16.1981,0.0,2.11,0.0,0,1378.41,0.0,0.0,0.0,0.0,0.001526,7.79988,0.0,6.58579,0.38993,0.0,0.0,56.3087,0.0,0.0,943.37,0.0,0.0,0.0,0.0,0.0,0.0,0.0,618.051,0.0,0.0,0.0,0.00153,0.0,19.1211,0.0,0.0,0.19405,0.0,347.441,68.1,0.0,163.133,0.0,0.0,410,4.9604,0.0,1265.76,0.0,0.00093,0.0,5.7789,0.0,8.90089,0.0025,0.0502
2022-09-29 01:50:00,34.9974,1736.35,0.0,0,95.58,24.5829,0.0,0.0,0.0,0.0,0.0,23.3646,2.83391,17.1982,0.0,2.2,0.0,0,1361.74,0.0,0.0,0.0,0.0,0.001526,9.27486,0.0,11.4006,0.5026,0.0,0.0,56.1333,0.0,0.0,934.819,0.0,0.0,0.0,0.0,0.0,0.0,0.0,616.147,0.0,0.0,0.0,0.00153,0.0,17.1893,0.0,0.0,0.19405,0.0,345.936,67.8,0.0,159.474,0.0,0.0,408,5.7734,0.0,1262.0,0.0,0.0,0.0,7.17638,0.0,8.33692,0.0005,0.04946
2022-09-29 01:55:00,33.3977,1725.39,0.0,0,97.04,23.9508,0.0,0.0,6.1622,0.0,0.0,23.1434,3.67376,14.698,0.0,2.9,0.0,0,1329.83,0.0,0.0,0.0,0.0,0.001526,10.5848,0.0,14.2697,0.52799,0.0,0.0,55.6042,0.0,0.0,937.034,0.0,0.0,0.0,0.0,0.0,0.0,0.0,616.22,0.0,0.0,0.0,0.00153,0.0,17.3358,0.0,0.0,0.17395,0.0,339.733,67.5,0.0,156.739,0.0,0.0,406,7.729,0.0,1259.19,0.0,0.01582,0.0,8.14319,0.0,13.3834,0.0,0.05029
2022-09-29 02:00:00,35.5959,1730.86,0.0,0,96.16,23.0297,0.0,0.0,16.9104,0.0,0.0,26.3294,4.00336,13.8971,0.0,4.11,0.0,0,1288.33,0.0,0.0,0.0,0.0,0.001526,10.0849,0.0,14.4157,0.88981,0.0,0.0,56.7762,0.0,0.0,936.705,0.0,0.0,0.0,0.0,0.0,0.0,0.0,616.782,0.0,0.0,0.0,0.00153,0.0,17.0245,0.0,0.0,0.21414,0.0,345.769,67.5,0.0,152.828,0.0,0.0,372,8.22705,0.0,1262.71,0.0,0.00093,0.0,9.02211,0.0,15.2963,0.0,0.05522
2022-09-29 02:05:00,40.498,1698.54,0.0,0,93.9,23.8503,0.0,0.0,21.6917,0.0,0.0,27.1412,6.86351,12.9988,0.0,4.14,0.0,0,1281.15,0.0,0.0,0.0,0.0,0.001526,11.2048,0.0,15.3425,0.91203,0.0,0.0,55.0782,0.0,0.0,941.722,0.0,0.0,0.0,0.0,0.0,0.0,0.0,617.978,0.0,0.0,0.0,0.00153,0.0,12.2637,0.0,0.0,0.184,0.0,351.135,68.1,0.0,148.587,0.0,0.0,333,7.83886,0.0,1263.81,0.0,0.04189,0.0,10.446,0.0,16.5805,0.0,0.05431
2022-09-29 02:10:00,50.8984,1680.32,0.0,0,90.42,26.8918,0.0,0.0,22.4144,0.0,0.0,28.069,7.42382,14.5962,0.0,4.32,0.0,0,1249.92,0.0,0.0,0.0,0.0,0.001526,11.7748,0.0,14.5173,1.10723,0.0,0.0,56.807,0.0,0.0,936.265,0.0,0.0,0.0,0.0,0.0,0.0,0.0,616.709,0.0,0.0,0.0,0.00153,0.0,8.78462,0.0,0.0,0.17395,0.0,347.901,67.8,0.0,153.333,0.0,0.0,296,8.45777,0.0,1262.03,0.0,0.00093,0.0,10.3141,0.0,14.6334,0.0,0.04822
2022-09-29 02:15:00,55.5954,1682.86,0.0,0,91.78,29.4518,0.0,0.0,18.6761,0.0,0.0,29.0898,7.364,11.596,0.0,4.39,0.0,0,1243.26,0.0,0.0,0.0,0.0,0.001526,11.8148,0.0,18.764,2.23792,0.0,0.0,56.6316,0.0,0.0,939.232,0.0,0.0,0.0,0.0,0.0,0.0,0.0,616.831,0.0,0.0,0.0,0.00153,0.0,8.00641,0.0,0.0,0.21414,0.0,352.991,68.1,0.0,155.64,0.0,0.0,258,9.76883,0.0,1259.46,0.0,0.0,0.0,10.7975,0.0,13.3895,0.0035,0.05799
2022-09-29 02:20:00,60.9942,1678.86,0.0,0,90.48,32.5016,0.0,0.0,19.598,0.0,0.0,33.4463,7.25414,13.9989,0.0,4.41,0.0,0,1240.79,0.0,0.0,0.0,0.0,0.001526,12.6448,0.0,18.3577,4.22477,0.0,0.0,56.0749,0.0,0.0,934.104,0.0,0.0,0.0,0.0,0.0,0.0,0.0,619.174,0.0,0.0,0.0,0.00153,0.0,7.92401,0.0,0.0,0.184,0.0,348.753,67.5,0.0,158.112,0.0,0.0,219,12.0906,0.0,1263.64,0.0,0.00093,0.0,8.83754,0.0,14.7189,0.0015,0.05057
2022-09-29 02:25:00,64.9965,1675.44,0.0,0,89.28,28.0912,0.0,0.0,19.2034,0.0,0.0,31.7143,7.51293,14.4989,0.0,5.13,0.0,0,1240.11,0.0,0.0,0.0,0.0,0.001526,12.5248,0.0,19.2654,5.32372,0.0,0.0,56.4563,0.0,0.0,938.005,0.0,0.0,0.0,0.0,0.0,0.0,0.0,616.245,0.0,0.0,0.0,0.00153,0.0,7.61273,0.0,0.0,0.15386,0.0,346.301,67.5,0.0,161.573,0.0,0.0,189,14.4308,0.0,1262.07,0.0,0.00093,0.0,8.89027,0.0,13.5421,0.0,0.05345
2022-09-29 02:30:00,74.3957,1680.64,0.0,0,87.79,24.3422,0.0,0.0,6.88096,0.0,0.0,33.2937,7.88403,15.6981,0.0,4.88,0.0,0,1242.47,0.0,0.0,0.0,0.0,0.001526,12.9248,0.0,20.1668,4.62943,0.0,0.0,56.1333,0.0,0.0,940.367,0.0,0.0,0.0,0.0,0.0,0.0,0.0,619.541,0.0,0.0,0.0,0.00153,0.0,8.47334,0.0,0.0,0.21414,0.0,350.471,67.5,0.0,162.792,0.0,0.0,168,15.2877,0.0,1259.58,0.0,0.00093,0.0,7.0006,0.0,12.126,0.0,0.05385
2022-09-29 02:35:00,80.1977,1704.37,0.0,0,86.43,20.8633,0.0,0.0,0.0,0.0,0.0,26.2257,10.1326,13.1979,0.0,4.39,0.0,0,1246.89,0.0,0.0,0.0,0.0,0.001526,14.3748,0.0,19.3479,3.56539,0.0,0.0,55.5181,0.0,0.0,943.461,0.0,0.0,0.0,0.0,0.0,0.0,0.0,619.98,0.0,0.0,0.0,0.00153,0.0,8.71138,0.0,0.0,0.184,0.0,332.443,68.1,0.0,163.891,0.0,0.0,67,13.6983,0.0,1249.35,0.0,0.0,0.0,7.21154,0.0,12.1883,0.0045,0.04988
2022-09-29 02:40:00,87.2985,1706.84,0.0,0,84.91,18.7407,0.0,0.0,0.0,0.0,0.0,28.0049,9.99344,13.5962,0.0,3.1,0.0,0,1281.27,0.0,0.0,0.0,0.0,0.001526,14.5348,0.0,17.6023,2.90523,0.0,0.0,56.8654,0.0,0.0,945.347,0.0,0.0,0.0,0.0,0.0,0.0,0.0,628.159,0.0,0.0,0.0,0.00153,0.0,8.26276,0.0,0.0,0.1639,0.0,361.836,68.0,0.0,163.902,0.0,0.0,0,12.5228,0.0,1237.03,0.0,0.01955,0.0,5.75253,0.0,12.3171,0.0,0.04997
2022-09-29 02:45:00,87.5956,1679.91,0.0,0,83.68,17.152,0.0,0.0,1.90042,0.0,0.0,30.2724,8.21485,10.6977,0.0,1.49,0.0,0,1321.85,0.0,0.0,0.0,0.0,0.001526,13.8848,0.0,15.3679,2.27839,0.0,0.0,55.635,0.0,0.0,939.085,0.0,0.0,0.0,0.0,0.0,0.0,0.0,618.003,0.0,0.0,0.0,0.00153,0.0,12.163,0.0,0.0,0.19405,0.0,348.68,68.0,0.0,162.968,0.0,0.0,0,10.4939,0.0,1223.01,0.0,0.01396,0.0,6.20078,0.0,14.7463,4.86543,0.05037
2022-09-29 02:50:00,87.1971,1670.95,0.0,0,81.1,14.0414,0.0,0.0,7.14269,0.0,0.0,32.2271,7.3933,8.09575,0.0,2.45,0.0,0,1356.22,0.0,0.0,0.0,0.0,0.001526,12.8748,0.0,11.7814,1.18022,0.0,0.0,56.0441,0.0,0.0,938.829,0.0,0.0,0.0,0.0,0.0,0.0,0.0,615.756,0.0,0.0,0.0,0.00153,0.0,15.4314,0.0,0.0,0.2041,0.0,323.552,67.7,0.0,167.594,0.0,0.0,0,10.8345,0.0,1216.71,0.0,0.00093,0.0,8.16956,0.0,17.2482,0.1265,0.04931
2022-09-29 02:55:00,93.6947,1647.68,0.0,0,79.42,10.5897,0.0,0.0,8.97865,0.0,0.0,35.8877,7.24315,7.09567,0.0,2.95,0.0,0,1340.45,0.0,0.0,0.0,0.0,0.001526,10.1749,0.0,7.83948,3.20754,0.0,0.0,55.3704,0.0,0.0,937.529,0.0,0.0,0.0,0.0,0.0,0.0,0.0,617.172,0.0,0.0,0.0,0.00153,0.0,19.9908,0.0,0.0,0.1639,0.0,319.427,68.0,0.0,168.022,0.0,0.0,0,11.6695,0.0,1218.03,0.0,0.01955,0.0,6.62266,0.0,18.1833,0.0,0.05146
2022-09-29 03:00:00,91.4958,1657.69,0.0,0,75.25,10.1731,0.0,0.0,7.92786,0.0,0.0,39.8169,6.17502,9.29938,0.0,2.88,0.0,0,1309.86,0.0,0.0,0.0,0.0,0.001526,10.9948,0.0,8.2013,2.94728,0.0,0.0,54.7552,0.0,0.0,939.305,0.0,0.0,0.0,0.0,0.0,0.0,0.0,617.636,0.0,0.0,0.0,0.00153,0.0,21.7578,0.0,0.0,0.184,0.0,318.01,68.0,0.0,168.022,0.0,0.0,0,12.5191,0.0,1217.86,0.0,0.0121,0.0,6.5875,0.0,18.3871,0.0,0.05295
2022-09-29 03:05:00,85.4936,1685.43,0.0,0,73.09,13.0911,0.0,0.0,13.0412,0.0,0.0,45.1377,6.12497,11.096,0.0,2.83,0.0,0,1327.29,0.0,0.0,0.0,0.0,0.001526,10.7148,0.0,7.54113,1.88006,0.0,0.0,55.5765,0.0,0.0,948.552,0.0,0.0,0.0,0.0,0.0,0.0,0.0,583.651,0.0,0.0,0.0,0.00153,0.0,19.7437,0.0,0.0,0.2041,0.0,315.254,68.0,0.0,167.956,0.0,0.0,0,12.9696,0.0,1200.55,0.0,0.03444,0.0,5.48885,0.0,19.6567,0.0,0.05116
2022-09-29 03:10:00,91.2956,1668.78,0.0,0,69.32,15.4334,0.0,0.0,16.844,0.0,0.0,47.6951,8.37354,12.397,0.0,3.84,0.0,0,1352.73,0.0,0.0,0.0,0.0,0.001526,11.4748,0.0,6.95079,0.53196,0.0,0.0,54.9305,0.0,0.0,940.349,0.0,0.0,0.0,0.0,0.0,0.0,0.0,575.644,0.0,0.0,0.0,0.00153,0.0,15.6878,0.0,0.0,0.19405,0.0,312.485,67.7,0.0,167.67,0.0,0.0,0,14.6981,0.0,1181.77,0.0,0.00093,0.0,6.71934,0.0,17.0016,0.0015,0.05509
2022-09-29 03:15:00,91.1967,1669.53,0.0,0,66.39,16.6224,0.0,0.0,19.6605,0.0,0.0,38.6847,9.41482,11.7996,0.0,2.72,0.0,0,1374.95,0.0,0.0,0.0,0.0,0.001526,12.2348,0.0,7.60143,0.25107,0.0,0.0,56.1333,0.0,0.0,937.877,0.0,0.0,0.0,0.0,0.0,0.0,0.0,568.807,0.0,0.0,0.0,0.00153,0.0,14.8455,0.0,0.0,0.184,0.0,306.902,68.0,0.0,166.561,0.0,0.0,0,14.1305,0.0,1165.66,0.0,11.8091,0.0,7.98499,0.0,14.5101,0.0,0.05008
2022-09-29 03:20:00,87.493,1675.22,0.0,0,64.63,18.6737,0.0,0.0,25.8871,0.0,0.0,27.2297,7.7644,12.2996,0.0,3.07,0.0,0,1353.93,0.0,0.0,0.0,0.0,0.001526,11.3248,0.0,6.8651,0.35026,0.0,0.0,55.4873,0.0,0.0,939.323,0.0,0.0,0.0,0.0,0.0,0.0,0.0,564.364,0.0,0.0,0.0,0.00153,0.0,12.3461,0.0,0.0,0.184,0.0,312.071,67.9,0.0,169.725,0.0,0.0,0,14.1451,0.0,1150.3,0.0,0.00093,0.0,11.3425,0.0,19.5749,0.0,0.0498
2022-09-29 03:25:00,85.2962,1667.43,0.0,0,65.83,20.3609,0.0,0.0,28.8989,0.0,0.0,20.9903,9.21462,12.4987,0.0,2.78,0.0,0,1367.87,0.0,0.0,0.0,0.0,0.001526,10.7648,0.0,9.31215,1.11992,0.0,0.0,56.7178,0.0,0.0,936.467,0.0,0.0,0.0,0.0,0.0,0.0,0.0,553.402,0.0,0.0,0.0,0.00153,0.0,15.3033,0.0,0.0,0.21414,0.0,309.007,67.6,0.0,171.845,0.0,0.0,0,17.9831,0.0,1132.09,0.0,3.36484,0.0,11.7028,0.0,23.0442,0.0,0.05039
2022-09-29 03:30:00,85.4944,1658.16,0.0,0,59.27,17.9118,0.0,0.0,29.6215,0.0,0.0,21.7853,9.84451,10.9986,0.0,2.49,0.0,0,1348.8,0.0,0.0,0.0,0.0,0.001526,10.3048,0.0,11.8259,2.19507,0.0,0.0,56.1025,0.0,0.0,936.155,0.0,0.0,0.0,0.0,0.0,0.0,0.0,544.662,0.0,0.0,0.0,0.00153,0.0,15.8617,0.0,0.0,0.21414,0.0,306.228,67.3,0.0,174.032,0.0,0.0,0,24.1831,0.0,1125.74,0.0,0.16475,0.0,12.9421,0.0,24.4382,0.0025,0.04872
2022-09-29 03:35:00,88.8965,1674.46,0.0,0,62.22,19.2431,0.0,0.0,25.7543,0.0,0.0,23.1632,12.3653,11.8969,0.0,4.9,0.0,0,1319.72,0.0,0.0,0.0,0.0,0.001526,11.7548,0.0,16.1042,2.38233,0.0,0.0,55.2227,0.0,0.0,940.403,0.0,0.0,0.0,0.0,0.0,0.0,0.0,551.62,0.0,0.0,0.0,0.00153,0.0,17.94,0.0,0.0,0.184,0.0,308.331,67.9,0.0,175.702,0.0,0.0,0,24.1611,0.0,1128.04,0.0,9.51557,0.0,11.36,0.0,25.8787,0.0035,0.04697
2022-09-29 03:40:00,93.9976,1664.67,0.0,0,64.31,19.3938,0.0,0.0,26.8012,0.0,0.0,22.298,14.1146,15.3972,0.0,5.71,0.0,0,1347.41,0.0,0.0,0.0,0.0,0.001526,11.6948,0.0,20.0589,1.88482,0.0,0.0,55.6042,0.0,0.0,935.368,0.0,0.0,0.0,0.0,0.0,0.0,0.0,544.759,0.0,0.0,0.0,0.00153,0.0,19.3225,0.0,0.0,0.21414,0.0,306.366,67.6,0.0,175.526,0.0,0.0,0,19.9753,0.0,1124.03,0.0,4.65679,0.0,11.6677,0.0,26.8931,0.0,0.04997
2022-09-29 03:45:00,89.8965,1645.22,0.0,0,62.63,18.4602,0.0,0.0,25.4301,0.0,0.0,22.1714,14.963,17.8974,0.0,6.85,0.0,0,1327.32,0.0,0.0,0.0,0.0,0.001526,11.8348,0.0,22.4711,2.14588,0.0,0.0,56.7762,0.0,0.0,929.783,0.0,0.0,0.0,0.0,0.0,0.0,0.0,544.662,0.0,0.0,0.0,0.00153,0.0,16.759,0.0,0.0,0.19405,0.0,305.109,67.0,0.0,174.757,0.0,0.0,0,17.1627,0.0,1126.69,0.0,0.00093,0.0,11.9577,0.0,25.5345,0.0,0.05209
2022-09-29 03:50:00,88.0962,1661.77,0.0,0,64.31,18.7344,0.0,0.0,26.2152,0.0,0.0,27.393,10.804,17.4991,0.0,5.74,0.0,0,1297.19,0.0,0.0,0.0,0.0,0.001526,12.0648,0.0,25.6894,1.90466,0.0,0.0,56.1333,0.0,0.0,943.315,0.0,0.0,0.0,0.0,0.0,0.0,0.0,558.163,0.0,0.0,0.0,0.00153,0.0,20.3204,0.0,0.0,0.184,0.0,313.877,67.9,0.0,173.999,0.0,0.0,0,16.6757,0.0,1130.16,0.0,10.1913,0.0,13.0124,0.0,21.6733,0.0005,0.05296
2022-09-29 03:55:00,85.1953,1650.9,0.0,0,65.44,18.8914,0.0,0.0,27.0004,0.0,0.0,23.0549,10.9944,17.8974,0.0,4.45,0.0,0,1293.35,0.0,0.0,0.0,0.0,0.001526,12.9848,0.0,23.1312,3.64157,0.0,0.0,55.4288,0.0,0.0,933.775,0.0,0.0,0.0,0.0,0.0,0.0,0.0,549.789,0.0,0.0,0.0,0.00153,0.0,39.2355,0.0,0.0,0.21414,0.0,311.314,67.9,0.0,175.031,0.0,0.0,0,16.174,0.0,1127.01,0.0,0.00093,0.0,15.6492,0.0,27.4254,0.0,0.04794
2022-09-29 04:00:00,80.1987,1661.96,0.0,0,61.52,20.3713,0.0,0.0,25.1684,0.0,0.0,20.5112,8.95338,17.9992,0.0,4.99,0.0,0,1285.47,0.0,0.0,0.0,0.0,0.001526,12.4248,0.0,21.8871,3.09963,0.0,0.0,55.8688,0.0,0.0,942.967,0.0,0.0,0.0,0.0,0.0,0.0,0.0,552.914,0.0,0.0,0.0,0.00153,0.0,48.51,0.0,0.0,0.1639,0.0,314.034,67.8,0.0,174.218,0.0,0.0,0,17.6388,0.0,1128.14,0.0,0.01396,0.0,16.3259,0.0,34.0417,0.0,0.04969
2022-09-29 04:05:00,78.0962,1647.75,0.0,0,61.86,22.9628,0.0,0.0,26.1488,0.0,0.0,20.6912,7.81445,19.4993,0.0,4.05,0.0,0,1254.1,0.0,0.0,0.0,0.0,0.001526,12.7548,0.0,21.7284,5.79901,0.0,0.0,55.8995,0.0,0.0,938.316,0.0,0.0,0.0,0.0,0.0,0.0,0.0,545.589,106.75,0.0,0.0,0.00153,0.0,51.3939,0.0,0.0,0.184,0.0,210.422,67.2,0.0,172.955,0.0,0.0,0,16.2069,0.0,1127.3,0.0,0.43096,0.0,17.8904,0.0,41.3684,0.0,0.05424
2022-09-29 04:10:00,78.4955,1627.54,0.0,0,65.04,24.8111,0.0,0.0,25.559,0.0,0.0,24.3748,4.52338,19.7958,0.0,4.21,0.0,0,1281.0,0.0,0.0,0.0,0.0,0.001526,14.8648,0.0,22.2616,7.30898,0.0,0.0,55.8103,0.0,0.0,930.827,0.0,0.0,0.0,0.0,0.0,0.0,0.0,547.323,154.36000061,0.0,0.0,0.00153,0.0,55.642,0.0,0.0,0.21414,0.0,114.206,67.2,0.0,172.12,0.0,0.0,0,18.3822,0.0,1126.18,0.0,0.0,0.0,20.6151,0.0,57.4685,0.0,0.05333
2022-09-29 04:15:00,78.8958,1637.28,0.0,0,67.47,25.012,0.0,0.0,28.8989,0.0,0.0,26.0563,4.51362,19.3975,0.0,4.98,0.0,0,1261.45,0.0,0.0,0.0,0.0,0.001526,13.3848,0.0,21.0364,7.16933,0.0,0.0,56.6009,0.0,0.0,940.678,0.0,0.0,0.0,0.0,0.0,0.0,0.0,547.933,158.229995728,0.0,0.0,0.00153,0.0,52.1996,0.0,0.0,0.184,0.0,100.373,67.8,0.0,171.472,0.0,0.0,0,17.7011,0.0,1128.57,0.0,0.01024,0.0,20.325,0.0,62.5943,0.0,0.04999
2022-09-29 04:20:00,76.6939,1647.07,0.0,0,65.15,23.1135,0.0,0.0,31.0669,0.0,0.0,25.6626,4.09369,22.8978,0.0,4.76,0.0,0,1265.55,0.0,0.0,0.0,0.0,0.001526,14.1548,0.0,21.8426,4.38267,0.0,0.0,54.8136,0.0,0.0,933.683,0.0,0.0,0.0,0.0,0.0,0.0,0.0,543.27,151.720001221,0.0,0.0,0.00153,0.0,56.4569,0.0,0.0,0.17395,0.0,96.961,67.5,0.0,170.384,0.0,0.0,0,11.6585,0.0,1127.04,0.0,0.05119,0.0,24.245,0.0,68.9824,0.0,0.05046
2022-09-29 04:25:00,76.897,1662.13,0.0,0,64.66,22.7325,0.0,0.0,31.981,0.0,0.0,24.2161,4.02533,22.4995,0.0,3.81,0.0,0,1262.69,0.0,0.0,0.0,0.0,0.001526,12.7348,0.0,24.6229,2.98061,0.0,0.0,54.8444,0.0,0.0,942.491,0.0,0.0,0.0,0.0,0.0,0.0,0.0,540.243,194.63999939,0.0,0.0,0.00153,0.0,58.819,0.0,0.0,0.22419,0.0,82.3311,67.8,0.0,172.636,0.0,0.0,0,11.4534,0.0,1125.64,0.0,0.00093,0.0,23.1639,0.0,65.6767,0.0025,0.05306
2022-09-29 04:30:00,83.1949,1659.4,0.0,0,66.95,22.2322,0.0,0.0,33.356,0.0,0.0,22.0615,3.82391,20.2958,0.0,3.84,0.0,0,1290.57,0.0,0.0,0.0,0.0,0.001526,12.1548,0.0,18.948,2.51167,0.0,0.0,55.8688,0.0,0.0,941.758,0.0,0.0,0.0,0.0,0.0,0.0,0.0,534.871,143.270004272,0.0,0.0,0.00153,0.0,65.008,0.0,0.0,0.184,0.0,79.2506,67.8,0.0,173.999,0.0,0.0,0,9.80362,0.0,1125.89,0.0,0.00093,0.0,23.9725,0.0,67.2404,0.0,0.05493
2022-09-29 04:35:00,91.8983,1671.8,0.0,0,65.28,22.4625,0.0,0.0,36.8326,0.0,0.0,19.3423,3.82269,21.3976,0.0,4.12,0.0,0,1305.61,0.0,0.0,0.0,0.0,0.001526,12.7448,0.0,19.094,2.51246,0.0,0.0,55.8103,0.0,0.0,938.316,0.0,0.0,0.0,0.0,0.0,0.0,0.0,515.169,189.600006104,0.0,0.0,0.00153,0.0,56.3653,0.0,0.0,0.184,0.0,0.88855,68.2,0.0,174.548,0.0,0.0,0,11.4644,0.0,1127.4,0.0,0.00093,0.0,24.579,0.0,75.7794,0.0,0.0507
2022-09-29 04:40:00,89.9978,1672.27,0.0,0,59.51,24.922,0.0,0.0,38.4029,0.0,0.0,19.9069,5.61349,23.4996,0.0,4.98,0.0,0,1296.65,0.0,0.0,0.0,0.0,0.001526,12.8248,0.0,23.3915,1.48254,0.0,0.0,56.1025,0.0,0.0,938.957,0.0,0.0,0.0,0.0,0.0,0.0,0.0,533.504,217.080001831,0.0,0.0,0.00153,0.0,58.6999,0.0,0.0,0.21414,0.0,0.0,67.7,0.0,175.548,0.0,0.0,0,11.5102,0.0,1129.06,0.0,0.01769,0.0,23.454,0.0,84.2072,0.0025,0.05262
2022-09-29 04:45:00,92.9944,1657.94,0.0,0,64.58,25.2821,0.0,0.0,42.4655,0.0,0.0,19.1592,6.39475,23.5969,0.0,4.95,0.0,0,1322.41,0.0,0.0,0.0,0.0,0.001526,14.3698,0.0,30.1836,1.03899,0.0,0.0,55.838,0.0,0.0,949.651,0.0,0.0,0.0,0.0,0.0,0.0,0.0,543.734,190.690002441,0.0,0.0,0.00153,0.0,64.2481,0.0,0.0,0.2041,0.0,0.0,67.4,0.0,176.35,0.0,0.0,0,8.55116,0.0,1124.79,0.0,0.00093,0.0,22.5663,0.0,93.6495,0.0025,0.04564
2022-09-29 04:50:00,91.4942,1681.96,0.0,0,60.35,22.6823,0.0,0.0,44.5632,0.0,0.0,23.4836,6.70359,25.4997,0.0,5.21,0.0,0,1304.83,0.0,0.0,0.0,0.0,0.001526,14.5548,0.0,28.1269,1.596,0.0,0.0,55.6042,0.0,0.0,962.12,0.0,0.0,0.0,0.0,0.0,0.0,0.0,565.048,217.020004272,0.0,0.0,0.00153,0.0,76.7361,0.0,0.0,0.1639,0.0,0.0,68.4,0.0,176.35,0.0,0.0,0,9.32387,0.0,1124.86,0.0,0.0,0.0,21.3446,0.0,87.5007,0.0025,0.05549
2022-09-29 04:55:00,85.3978,1678.05,0.0,0,59.27,20.1913,0.0,0.0,35.6529,0.0,0.0,25.507,7.31518,26.2962,0.0,4.39,0.0,0,1327.8,0.0,0.0,0.0,0.0,0.001526,14.6748,0.0,23.7533,1.23894,0.0,0.0,55.6042,0.0,0.0,961.974,0.0,0.0,0.0,0.0,0.0,0.0,0.0,562.948,180.720001221,0.0,0.0,0.00153,0.0,89.3431,0.0,0.0,0.19405,0.0,0.0,68.1,0.0,175.767,0.0,0.0,0,10.5562,0.0,1122.91,0.0,0.0,0.0,22.4608,0.0,80.8954,0.0,0.0483
2022-09-29 05:00:00,85.5948,1674.68,0.0,0,55.61,16.0907,0.0,0.0,35.8482,0.0,0.0,25.6809,7.52392,27.8981,0.0,4.38,0.0,0,1366.38,0.0,0.0,0.0,0.0,0.001526,15.2848,0.0,21.995,2.30616,0.0,0.0,55.7519,0.0,0.0,955.455,0.0,0.0,0.0,0.0,0.0,0.0,0.0,577.816,225.229995728,0.0,0.0,0.00153,0.0,88.4001,0.0,0.0,0.19405,0.0,0.0,67.8,0.0,175.46,0.0,0.0,0,9.5491,0.0,1126.77,0.0,0.00093,0.0,23.5243,0.0,79.3268,0.0,0.04511
2022-09-29 05:05:00,73.5933,1669.58,0.0,0,57.46,13.6709,0.0,0.0,37.7467,0.0,0.0,24.9439,7.28344,31.2966,0.0,3.89,0.0,0,1377.15,0.0,0.0,0.0,0.0,0.001526,16.4247,0.0,23.1122,2.36567,0.0,0.0,56.8654,0.0,0.0,965.984,0.0,0.0,0.0,0.0,0.0,0.0,0.0,583.774,73.9499969482,0.0,0.0,0.00153,0.0,88.3085,0.0,0.0,0.19405,241.78,0.0,67.8,0.0,176.207,0.0,0.0,0,8.6775,0.0,1122.28,0.0,0.0,0.0,25.37,0.0,88.5408,0.0,0.05136
2022-09-29 05:10:00,71.5963,1665.36,0.0,0,62.08,12.8525,0.0,0.0,36.4342,0.0,0.0,24.3946,6.99412,29.9956,0.0,4.24,0.0,0,1378.95,0.0,0.0,0.0,0.0,0.001526,19.2747,0.0,22.89,2.42359,0.0,0.0,56.4563,0.0,0.0,951.866,0.0,0.0,0.0,0.0,0.0,0.0,0.0,597.983,133.009994507,0.0,0.0,0.00153,0.0,88.6656,0.0,0.0,0.21414,249.58,0.0,67.2,0.0,175.789,0.0,0.0,0,8.15381,0.0,1128.21,0.0,0.00093,0.0,21.828,0.0,96.4938,0.0025,0.05045
2022-09-29 05:15:00,73.8989,1665.99,0.0,0,59.43,12.8525,0.0,0.0,35.2544,0.0,0.0,32.4804,6.22263,35.2969,0.0,4.15,0.0,0,1378.93,0.0,0.0,0.0,0.0,0.001526,22.2547,0.0,18.2879,2.3736,0.0,0.0,55.0474,0.0,0.0,960.967,0.0,0.0,0.0,0.0,0.0,0.0,0.0,587.729,71.5199966431,0.0,0.0,0.00153,0.0,82.797,0.0,0.0,0.184,246.72,0.0,67.8,0.0,175.46,0.0,0.0,0,6.5919,0.0,1124.55,0.0,0.16475,0.0,19.2,0.0,103.603,0.0,0.05198
2022-09-29 05:20:00,77.1947,1664.94,0.0,0,66.67,12.2015,0.0,0.0,36.9615,0.0,0.0,30.3654,6.65476,33.2968,0.0,4.76,0.0,0,1379.78,0.0,0.0,0.0,0.0,0.001526,22.3247,0.0,19.5067,2.74733,0.0,0.0,55.4288,0.0,0.0,958.733,0.0,0.0,0.0,0.0,0.0,0.0,0.0,596.86,86.4499969482,0.0,0.0,0.00153,0.0,77.2946,0.0,123.751,0.2041,246.99,0.0,67.8,0.0,175.361,0.0,0.0,0,7.06065,0.0,1125.62,0.0,0.01396,0.0,16.5457,0.0,109.474,0.0,0.0504
2022-09-29 05:25:00,85.896,1672.44,0.0,0,66.85,10.8806,0.0,0.0,31.7856,0.0,0.0,27.216,8.11353,38.1998,0.0,4.54,0.0,0,1378.02,0.0,0.0,0.0,0.0,0.001526,21.3947,0.0,18.0594,3.4305,0.0,0.0,56.3671,0.0,0.0,950.053,0.0,0.0,0.0,0.0,0.0,0.0,0.0,613.559,0.0,0.0,0.0,0.00153,0.0,74.8867,0.0,199.525,0.21414,242.55,0.0,67.8,0.0,174.965,0.0,0.0,0,6.46006,0.0,1126.45,0.0,0.00093,0.0,13.7595,0.0,99.9667,0.95649,0.04984
2022-09-29 05:30:00,83.1988,1664.67,0.0,0,68.81,8.71413,0.0,0.0,25.6918,0.0,0.0,21.9455,8.15381,42.2975,0.0,4.63,0.0,0,1376.49,0.0,0.0,0.0,0.0,0.001526,21.3147,0.0,17.4182,3.72488,0.0,0.0,56.8931,0.0,0.0,956.499,0.0,0.0,0.0,0.0,0.0,0.0,0.0,628.11,0.0,0.0,0.0,0.00153,0.0,74.786,0.0,198.072,0.184,245.87,0.0,67.7,0.0,175.152,0.0,0.0,0,6.02426,0.0,1125.62,0.0,0.0,0.0,13.5398,0.0,88.3931,0.0285,0.05066
2022-09-29 05:35:00,76.4951,1663.97,0.0,0,66.32,7.77008,0.0,0.0,30.2114,0.0,0.0,21.8235,9.2134,45.9969,0.0,4.93,0.0,0,1345.89,0.0,0.0,0.0,0.0,0.001526,22.2647,0.0,17.5008,3.07344,0.0,0.0,55.6626,0.0,0.0,958.202,0.0,0.0,0.0,0.0,0.0,0.0,0.0,613.242,94.9100036621,0.0,0.0,0.00153,0.0,77.4319,0.0,197.569,0.184,247.86,0.0,68.0,0.0,173.175,0.0,0.0,0,4.72053,0.0,1126.52,0.0,0.00093,0.0,12.7487,0.0,79.8859,0.0015,0.04559
2022-09-29 05:40:00,80.0973,1668.14,0.0,0,67.37,11.0418,0.0,0.0,29.2934,0.0,0.0,23.3402,6.68284,45.8995,0.0,4.38,0.0,0,1357.27,0.0,0.0,0.0,0.0,0.001526,21.6347,0.0,17.907,2.68782,0.0,0.0,56.1333,0.0,0.0,965.911,0.0,0.0,0.0,0.20268,0.0,0.0,0.0,599.619,105.989997864,0.0,0.0,0.00153,0.0,78.6862,0.0,199.4,0.2041,248.34,0.0,68.0,0.0,170.878,0.0,0.0,0,3.9588,0.0,1123.45,0.0,0.00093,0.0,12.529,0.10987,75.6585,0.0,0.04891
2022-09-29 05:45:00,84.7963,1666.87,0.0,0,69.12,15.3811,0.0,0.0,33.6841,0.0,0.0,26.5293,4.96407,40.5982,0.0,4.58,0.0,0,1374.97,0.0,0.0,0.0,0.0,0.001526,19.7547,0.0,14.3586,1.33574,0.0,0.0,56.161,0.0,0.0,955.437,0.0,0.0,0.0,0.31323,0.0,0.0,0.0,583.822,114.989997864,0.0,0.0,0.00153,0.0,76.4706,0.0,200.632,0.15386,246.34,0.0,68.0,0.0,170.274,0.0,0.0,0,4.19318,0.0,1127.99,0.0,0.00093,0.0,11.0436,0.19044,70.0407,0.0,0.05337
2022-09-29 05:50:00,90.6971,1665.65,0.0,0,58.75,19.1405,0.0,0.0,33.1607,0.0,0.0,29.4377,3.57366,39.6999,0.0,3.97,0.0,0,1378.34,0.0,0.0,0.40536,0.0,0.001526,18.2947,0.0,12.0163,1.42065,0.0,0.0,55.838,0.0,0.0,957.231,0.0,0.0,0.0,0.72385,0.0,0.0,0.07,570.004,165.38999939,0.1,0.0,0.00153,0.0,72.2774,0.24165,201.996,0.17395,241.36,0.0,68.0,0.0,171.439,0.0,0.0,0,5.12337,0.0,1124.11,0.0,0.02699,0.83925,11.7028,0.35035,71.4006,0.0005,0.05302
2022-09-29 05:55:00,89.6955,1663.55,0.71023,0,64.91,18.703,0.32044,0.0,38.0748,0.0,0.0,32.4498,3.03288,36.1997,0.0,5.21,0.0,0,1375.22,0.0,0.0,0.72259,0.0,0.001526,16.4548,0.0,8.68055,0.91997,0.0,0.0,56.1025,0.0,0.0,952.947,0.0,0.0,0.0,1.02918,0.168001,0.0,0.14,567.587,194.100006104,0.55,0.0,0.09918,0.0,70.6844,0.16311,201.808,0.15386,243.15,0.0,67.4,0.0,171.01,0.0,1.05531,0,6.38682,0.0,1127.6,0.0,0.00093,1.29702,17.1609,0.55055,56.6177,0.0,0.05146
2022-09-29 06:00:00,91.6967,1677.1,1.05008,0,67.71,20.0008,0.65003,0.0,37.6178,0.0,0.0,36.3378,3.47478,31.7967,0.0,3.18,0.0,0,1379.61,0.0,0.0,1.37217,0.16724,0.001526,15.1948,0.0,8.60121,0.64384,0.0,0.05041,56.161,0.0,0.0,962.981,0.0,0.0,0.035,1.28187,0.268001,0.46754,0.774,587.094,229.270004272,1.07,0.0,0.19989,0.0,73.0007,1.08379,203.447,0.184,252.8,0.0,68.0,0.0,171.318,0.0,1.49111,0,4.91463,0.0,1128.5,0.18433,0.0,2.34073,19.4549,0.81057,47.14,0.0,0.05131
2022-09-29 06:05:00,95.7976,1679.47,1.4802,0,67.68,20.3923,1.17006,0.0,37.2896,0.0,0.0,36.1669,5.34249,32.1994,0.0,3.1,0.0,0,1379.68,0.0,0.0,1.84047,0.41382,0.199893,14.7948,0.0,7.58556,0.56687,0.0,0.38765,56.807,0.0,0.22393,961.626,0.0,0.0,0.412,2.78222,0.318001,0.45533,1.352,603.818,337.429992676,2.01,0.0,0.49897,0.0,70.9773,1.07752,203.949,0.17395,251.01,0.0,68.0,0.0,171.186,0.0,2.47379,0,6.46006,0.0,1125.55,0.32837,0.00093,3.58587,19.6307,1.13041,51.4321,0.0,0.05544
2022-09-29 06:10:00,94.1965,1710.48,2.04042,0,71.47,22.722,1.59121,0.0,40.5006,0.0,0.0,44.9805,8.47364,32.1994,0.5089,3.14,1.19918,0,1377.71,0.0,0.0,2.7116,0.85817,0.49897,13.0548,0.0,7.83948,0.22171,0.0,0.92755,56.3671,0.0,0.32574,947.966,0.0,0.0,0.361,6.30934,0.520001,0.50416,2.116,622.153,358.359985352,3.26,1.0,0.70039,0.0,71.6457,1.75347,201.66,0.15386,242.49,0.0,67.4,0.0,174.032,0.0,4.11444,0,8.88624,0.0,1123.79,0.43336,0.0,5.00801,17.2927,1.51006,57.5161,0.0,0.05145
2022-09-29 06:15:00,91.697,1750.91,2.60064,0,69.11,24.5327,2.07095,0.0,42.2702,0.0,0.0,41.8692,11.4339,27.199,1.02256,3.24,3.38073,0,1376.39,0.0,3.59197,3.70863,0.91432,0.999466,11.9148,0.305,6.73814,0.53275,0.0,2.21901,56.0749,0.0,0.74195,958.696,1.30419,0.23984,0.528,11.4737,0.521001,1.09499,3.114,639.585,317.609985352,5.05,2.0,0.99947,0.0,68.8075,7.83354,200.738,0.15386,240.81,0.0,67.4,0.0,174.921,0.0,10.0874,0,10.8675,0.0,1139.93,0.49195,0.00093,6.70481,20.3865,1.92022,45.9058,0.0,0.05567
2022-09-29 06:20:00,90.3979,1777.57,3.55116,0,64.25,26.291,7.2932,0.0,45.0241,0.0,0.0,48.2719,9.75418,27.0972,1.64832,2.69,6.59208,0,1377.76,0.0,6.47898,5.04303,1.45388,1.79904,11.1748,0.315,6.26206,0.0,0.0,3.83322,55.9272,0.0,0.72579,958.458,3.07668,0.48411,0.735,15.1008,0.874001,1.81765,4.02,664.439,221.529998779,7.7,3.0,1.29854,0.0,75.198,11.5843,201.115,0.2041,249.42,0.0,68.0,0.0,175.614,0.0,15.8981,0,13.5921,0.0,1149.06,1.78103,0.0,8.95094,21.0282,2.40974,41.731,0.0,0.0546
2022-09-29 06:25:00,86.1946,1780.15,5.02206,0,65.19,26.1319,12.4532,0.0,41.3561,8.7995,0.0,53.3181,10.2229,30.9957,2.94323,3.84,11.2533,0,1371.65,0.0,5.26436,6.37743,2.00076,2.80003,10.1448,0.315,8.68373,0.08603,0.0,6.03776,55.4288,0.0,1.05798,948.955,4.78874,0.72306,1.313,18.1647,1.276,2.28397,4.878,651.865,203.029998779,10.81,4.25,1.79904,0.0,82.7695,15.7696,200.267,0.15386,243.54,0.0,67.4,0.0,175.031,4.26184,20.3928,0,15.3097,0.0,1144.61,3.35576,0.00093,12.0089,20.3074,2.91025,41.1255,0.0055,0.05084
2022-09-29 06:30:00,88.6971,1740.02,6.38146,0,73.05,25.8619,16.3424,0.0,45.8757,13.201,0.0,51.7449,11.6829,29.1991,4.34022,4.29,29.6542,0,1368.55,0.0,6.66819,8.74411,2.6453,3.99939,9.07486,0.285,9.3185,0.38755,0.0,8.83661,55.1059,1.13,1.61363,951.994,6.87343,1.03105,1.597,21.1338,1.527,2.6453,5.594,662.583,188.660003662,14.37,6.0,2.19883,0.0,91.2016,20.4898,199.566,0.15386,238.31,0.0,67.4,0.0,175.229,6.11124,26.8016,0,16.2911,0.0,1143.44,4.79622,15.6998,15.1705,20.6942,3.45958,46.8641,0.0,0.05131
2022-09-29 06:35:00,89.6998,1723.05,7.7621,0,71.84,26.3517,20.5429,0.0,44.0397,19.2985,0.0,53.901,12.4935,23.6987,5.74669,5.56,41.1446,0,1378.07,0.0,8.19409,10.1842,3.4461,5.29946,8.54487,0.305,9.99771,0.47642,0.0,12.1682,56.484,1.47,2.98931,957.085,9.3106,1.39214,1.859,24.224,1.728,3.80743,6.64,680.87,108.190002441,18.21,7.75,3.00145,0.0,98.8006,25.1634,200.937,0.2041,247.49,0.0,68.0,0.0,174.823,22.829,32.8258,0,17.7963,0.0,1159.31,6.4564,3.8954,18.1125,18.409,4.02966,56.9876,0.0,0.04902
2022-09-29 06:40:00,91.2957,1687.21,8.97015,0,64.17,27.1409,24.8716,1.09998,38.0748,26.7967,0.0,48.3574,12.723,21.4994,7.47494,5.26,53.6106,0,1374.7,0.0,9.58572,11.2417,4.19318,6.70024,10.1249,0.315,10.8927,0.35422,0.0,15.7251,56.2194,1.47,5.63763,955.565,12.1808,1.8789,2.15,27.2246,1.928,5.80941,6.786,685.875,77.7399978638,22.59,9.75,3.40124,0.101,102.289,30.9251,200.693,0.1639,239.97,0.0,67.7,0.0,174.163,34.0902,39.7815,0,15.4671,0.0,1181.85,7.94812,0.13869,22.3667,20.2547,4.10047,51.0268,0.0015,0.05196
2022-09-29 06:45:00,94.1995,1666.16,10.2313,0,64.5,29.9416,29.5518,1.49998,32.1802,34.501,0.0,41.445,12.4935,23.5969,9.31686,4.11,67.2013,0,1374.0,0.0,11.6915,12.7977,4.79377,8.40009,11.3848,0.48499,10.4294,0.05429,0.0,19.7366,55.4873,1.47,2.6551,954.228,15.3934,2.30549,2.239,29.9411,2.078,7.21324,8.044,686.485,0.0,26.79,12.0,3.5996,0.101,107.379,36.1813,199.864,0.15386,238.78,0.0,67.4,0.0,170.988,43.6393,46.1305,0,15.8883,0.0,1195.45,9.03212,0.0121,28.3787,20.536,0.2002,54.6804,0.0,0.04972
2022-09-29 06:50:00,103.697,1661.06,12.4802,0,71.21,32.2002,34.0709,2.09997,26.7387,42.5967,0.0,38.4955,12.7547,20.5967,11.072,2.38,81.212,0,1361.67,0.0,17.1542,14.1321,5.65072,9.89853,11.5548,0.81499,14.8537,0.13126,0.0,24.3016,55.5765,2.47,3.01734,950.401,19.2607,2.8542,2.874,33.1313,2.431,10.4653,8.888,684.703,0.0,31.38,14.25,4.1001,0.859002,102.188,37.4406,199.508,0.2041,230.0,0.0,67.4,0.0,170.23,57.4182,52.7016,0,14.255,0.0,1214.81,10.6484,0.00093,36.3684,21.8807,0.0,56.1367,1.00348,0.0544
2022-09-29 06:55:00,104.595,1673.78,14.4024,0,65.57,35.4824,38.6926,2.39996,27.1293,50.6031,0.0,41.6968,14.2135,20.5967,12.8451,1.81,94.9517,0,1342.21,0.0,20.322,16.4685,6.47837,11.2993,12.7148,0.73499,18.8274,0.64939,0.0,29.1348,56.1917,3.57,3.96595,958.586,22.8762,3.40468,2.953,36.0793,2.63,11.9448,10.326,641.074,0.0,36.13,16.75,4.7013,2.042,102.509,48.5009,200.769,0.17395,237.59,0.0,67.4,0.0,171.922,65.9236,59.6658,0,14.2147,0.0,1226.33,12.6894,0.01582,45.1576,21.1688,0.0,27.4852,0.0715,0.05319
2022-09-29 07:00:00,105.697,1652.56,15.9609,0,68.15,34.6221,43.7427,2.69996,30.0786,60.0034,0.0,45.5863,15.7943,16.9991,14.7487,1.32,109.125,0,1333.93,0.0,40.177,24.762,6.97887,12.8985,12.1048,0.85499,18.6497,1.2199,0.0,34.0357,55.9856,3.57,4.9431,955.235,27.1362,4.03305,3.977,39.1642,2.932,12.9189,10.632,571.81,0.0,41.08,19.25,5.10109,2.674,95.6329,54.7257,201.569,0.17395,234.01,0.0,67.7,0.0,171.571,83.566,67.288,0,11.6878,0.0,1235.71,14.3252,0.00093,53.4157,20.7557,0.0,29.6031,0.0,0.04858
2022-09-29 07:05:00,110.896,1643.07,19.1815,0,69.69,35.1621,48.6793,3.49995,26.3442,68.9025,0.0,39.8611,16.5243,17.4991,16.7634,3.74,122.241,0,1323.53,0.0,54.8135,36.0968,7.87976,14.5006,11.5448,1.20498,20.5667,1.40557,0.0,40.4255,55.1366,4.49,5.60563,911.966,31.6883,4.64195,4.64,42.1386,3.233,16.1733,11.276,576.449,0.0,45.79,22.0,6.00137,2.839,79.3362,60.5715,200.842,0.2041,230.98,0.0,67.4,0.0,168.846,96.5301,75.2264,0,14.3905,0.0,1216.76,15.939,0.00093,63.4684,18.5935,0.0,22.739,0.0,0.0586
2022-09-29 07:10:00,105.596,1662.23,22.2508,0,69.41,29.682,53.8027,3.09995,23.3949,77.1012,0.0,40.0351,17.4948,17.0964,18.5498,6.89,136.374,0,1332.39,0.0,57.4807,45.8656,9.31533,16.0998,11.3948,1.08498,16.0535,2.32917,0.0,45.4656,56.2194,4.49,9.11411,914.566,36.6029,5.32695,5.178,43.5494,3.384,19.8941,12.496,559.017,0.0,50.54,27.75,6.80095,6.11,72.0577,66.6506,202.577,0.15386,242.86,0.0,68.0,0.0,172.164,97.7478,83.3783,0,14.5516,0.0,1189.78,17.604,0.00093,76.0113,14.5417,0.0,16.6867,0.0,0.05156
2022-09-29 07:15:00,97.4945,1700.2,24.9908,0,68.7,27.6725,51.8325,4.19994,21.7581,86.1994,0.0,40.4212,16.7538,17.3,20.351,7.84,151.672,0,1337.52,0.0,63.9933,52.4823,11.0072,17.5006,11.1048,1.56498,11.6862,1.40319,0.0,49.7091,56.0164,5.24,7.9959,922.074,41.729,6.07568,5.696,37.6165,3.636,22.1158,13.55,527.523,0.0,55.27,23.5,6.80095,2.632,57.2991,73.2888,203.475,0.17395,248.81,0.0,68.0,0.0,166.77,7.61273,87.7961,0,14.5223,0.0,1203.36,19.1177,0.00093,84.6723,14.2165,0.0,13.2381,0.0,0.05044
2022-09-29 07:20:00,86.0999,1679.01,27.4813,0,71.31,24.3108,63.2218,4.09994,23.6566,95.2014,0.0,33.9193,17.7926,18.5965,22.1614,5.86,164.761,0,1336.64,0.0,94.6578,49.0732,12.499,18.8983,9.87485,3.72494,9.55337,2.14667,0.0,54.4277,55.4288,5.24,8.7593,920.609,47.4493,6.82441,6.848,44.1338,3.937,22.9117,14.62,528.548,0.0,60.06,26.25,7.70123,4.244,47.9515,80.5249,202.854,0.2041,237.69,0.0,68.1,0.0,165.067,118.759,94.5126,0,15.0863,0.0,1196.45,20.8218,0.00093,92.3262,14.0319,0.0,12.0418,0.0,0.05525
2022-09-29 07:25:00,85.1973,1681.42,31.3099,0,70.19,23.9403,69.2607,4.19994,23.6605,107.802,0.0,32.8328,18.0343,15.7999,23.6933,4.51,178.352,0,1344.33,0.0,101.866,53.4591,14.2251,20.6989,10.2648,3.93494,5.5765,2.10541,0.0,58.2635,56.6009,5.49,9.98912,911.124,52.7265,7.55013,7.158,41.728,4.238,22.9898,14.106,536.678,0.0,64.02,21.75,10.2007,5.07,37.3312,88.7722,83.9214,0.15386,252.82,0.0,68.1,0.0,156.75,137.198,101.87,0,14.7311,0.0,1165.86,22.6773,0.00093,98.5885,12.7575,0.0,13.1112,0.0,0.05902
2022-09-29 07:30:00,92.5959,1681.69,33.9198,0,70.37,23.731,73.4612,5.79991,28.5082,114.998,0.0,33.991,21.2448,15.7999,25.4218,3.46,191.333,0,1343.72,0.0,107.976,57.1854,17.2085,21.4984,9.47986,5.18492,2.27884,4.41123,0.0,62.1056,56.3948,6.49,13.2152,930.168,58.0943,8.35373,8.102,46.608,4.54,21.9718,12.216,501.546,0.0,67.44,26.75,12.9015,7.423,31.0597,89.9226,20.777,0.17395,250.96,0.0,68.0,0.0,150.125,150.364,112.944,0,13.7716,0.0,1139.39,20.0162,0.00093,102.989,10.9997,0.0,11.241,0.0,0.05636
2022-09-29 07:35:00,93.495,1668.68,37.0103,0,73.68,24.4406,47.6722,5.69991,29.8208,120.601,0.0,29.9931,21.893,16.6982,26.966,2.67,204.476,0,1343.53,0.0,116.411,57.5228,22.2232,23.1006,8.01988,5.68491,1.94876,3.15279,0.0,68.4196,55.4288,7.49,26.5544,929.032,63.6937,9.08299,12.207,47.045,4.842,26.1003,11.288,505.184,0.0,67.77,25.0,15.1995,8.398,29.5399,89.9407,0.0,0.22419,252.14,0.0,68.0,0.0,145.368,166.88,130.718,0,14.3136,0.0,1136.02,25.4362,0.02327,106.688,7.47521,0.0,10.2364,0.0,0.05214
2022-09-29 07:40:00,88.0973,1673.12,40.5018,0,71.4,21.8596,71.491,7.19989,31.5903,125.401,0.0,29.4438,17.933,17.4991,22.4891,2.64,216.509,0,1349.36,0.0,119.591,64.4012,26.0124,23.6988,6.7999,5.89491,2.27567,3.08058,0.0,72.7777,55.5457,7.49,19.9578,895.853,69.3939,9.89898,15.027,48.3874,5.093,26.84,11.848,498.201,0.0,41.88,34.75,15.9991,9.064,30.2358,90.0784,0.0,0.15386,252.4,0.0,68.0,0.0,141.303,170.195,139.254,0,18.276,0.0,1124.91,25.1481,3.60871,114.434,8.04651,0.0,11.9417,0.0,0.05276
2022-09-29 07:45:00,69.3941,1633.84,46.0694,0,73.48,22.5127,84.4404,6.89989,28.6372,128.799,59.6704,31.9722,18.5031,15.999,18.3521,2.69,227.484,0,1339.94,0.0,122.045,73.7823,25.6364,23.7995,7.53489,6.17491,2.22806,2.14667,0.0,77.0294,56.5424,8.52,14.4415,875.875,75.0739,10.6849,14.931,48.4874,5.348,26.7814,11.734,485.652,0.0,25.73,30.25,16.2005,9.577,29.3843,90.033,0.0,0.15386,246.73,0.0,68.0,0.0,136.996,179.652,142.228,0,20.1364,0.0,1104.97,27.6652,0.00093,116.796,10.1208,0.0,13.2479,0.0,0.05094
2022-09-29 07:50:00,62.2987,1636.16,46.0615,0,70.98,18.7009,87.6521,7.89988,25.7582,131.498,117.968,37.4746,18.6654,20.4993,13.7001,2.43,234.95,0,1310.54,0.0,124.102,79.3465,25.4118,24.5991,8.09488,6.4049,2.60258,2.24982,0.0,81.449,56.3087,7.49,8.72806,860.164,80.7137,11.5221,14.978,48.9033,5.649,25.9367,13.684,472.102,0.0,32.95,40.5,16.8994,10.069,24.8798,89.7245,0.0,0.17395,213.88,0.0,67.4,0.0,129.339,184.651,143.501,0,15.6942,0.0,1096.86,28.7907,0.02885,121.599,8.34534,0.0,18.0868,0.0,0.05552
2022-09-29 07:55:00,57.1938,1623.8,46.7916,0,63.72,16.3021,89.7798,10.3998,28.9028,133.901,175.384,43.5905,17.7243,20.8976,11.1421,2.54,239.219,0,1272.82,0.0,126.25,84.2058,27.3893,24.8005,7.73988,6.5149,3.93878,2.51881,0.0,84.9797,56.3087,7.49,8.19635,857.527,86.4843,12.3222,17.244,46.4606,5.95,21.0806,14.052,458.137,0.0,35.03,48.75,18.9014,10.487,20.9613,88.3015,0.0,0.184,120.17,0.0,68.1,0.0,117.858,188.35,140.895,0,17.5729,0.0,1075.18,29.4475,0.0,127.874,10.9909,0.0,20.2133,0.0,0.0556
2022-09-29 08:00:00,53.5965,1646.51,60.0802,0,65.34,11.6426,91.1019,8.99986,33.4849,135.7,170.466,55.5016,17.8244,20.4993,10.0495,3.04,242.227,0,1254.95,0.0,127.916,90.49,28.8005,25.2003,7.69988,5.28492,3.85943,2.75605,0.0,84.9633,56.8347,7.83,9.19296,873.879,92.2852,13.1258,22.099,45.2551,6.353,13.0312,17.91,452.326,0.0,38.25,48.75,17.6989,10.372,19.881,82.4362,0.0,0.1639,1.76,0.0,67.8,0.0,112.738,190.355,141.664,0,18.1881,0.0,1077.5,29.8357,7.80848,130.986,12.1774,0.0,17.9428,0.0,0.05449
2022-09-29 08:05:00,57.2956,1626.07,62.7592,0,62.99,9.97216,92.2408,10.8998,30.7348,137.197,167.649,64.5243,28.0443,19.7958,8.61286,3.33,245.059,0,1265.52,0.0,129.412,93.9947,26.9303,24.8005,7.07989,4.11494,5.38924,2.58943,0.0,85.0084,56.3363,7.83,14.8434,825.245,97.8242,13.8834,20.122,48.777,6.454,18.1924,29.374,434.235,0.0,44.06,40.5,18.1018,11.371,14.873,78.0216,0.0,0.184,256.23,0.0,67.9,0.0,112.222,191.902,142.912,0,18.287,0.0,1076.11,30.0383,1.22959,134.691,11.4128,0.0,16.8746,0.0,0.05015
2022-09-29 08:10:00,66.8975,1600.54,63.5717,0,66.56,9.66027,93.4017,11.8998,34.274,138.399,166.639,65.7191,31.173,23.3978,7.38304,3.69,247.444,0,1244.99,0.0,130.864,97.2678,28.0973,25.6001,9.10486,6.3749,7.34752,3.41463,0.0,84.9183,56.5732,8.52,29.6909,827.699,107.321,14.687,18.248,10.2471,6.757,2.42313,39.03,430.573,0.0,69.38,43.0,16.2005,11.679,15.9258,88.7864,0.0,0.17395,245.19,0.0,67.6,0.0,107.75,193.065,136.605,0,18.2577,0.0,1062.0,29.6062,0.00093,140.209,10.3229,0.0,13.3614,0.0,0.0544
2022-09-29 08:15:00,62.295,1609.16,67.9605,0,60.07,8.51946,93.5702,10.8998,31.7192,139.202,165.547,67.8538,40.0244,24.4997,5.6407,3.5,249.449,0,1252.24,0.0,131.786,94.1458,28.2365,25.9998,13.9348,6.5249,6.39536,5.83709,0.0,84.738,57.0408,8.52,29.8967,819.697,112.397,15.4923,16.671,16.1432,7.008,5.00618,42.548,425.129,0.0,77.74,56.0,15.7,12.134,12.9503,59.6305,0.0,0.184,248.01,0.0,68.1,0.0,105.058,193.962,137.443,0,18.3127,0.0,1049.49,28.4074,0.00093,142.412,11.3337,0.0,10.0362,0.0,0.05143
2022-09-29 08:20:00,58.5981,1619.95,81.9793,0,59.45,12.6703,93.4493,13.9998,24.1176,139.8,164.833,69.1234,33.9037,24.7961,4.77594,3.58,251.116,0,1226.63,0.0,132.329,70.1165,27.6579,26.3996,13.1748,8.67487,9.87393,6.87416,0.0,84.906,55.5765,8.52,26.838,777.38,117.795,16.2358,16.474,17.1223,7.26,7.8407,41.218,419.586,0.0,67.14,56.0,15.5016,12.561,8.53742,79.8129,0.0,0.15386,144.83,0.0,68.1,0.0,105.794,194.237,139.46,0,17.192,0.0,1028.62,29.9968,0.00093,146.026,11.5534,0.0,8.71168,0.0,0.056
2022-09-29 08:25:00,60.6986,1621.88,82.5289,0,61.48,11.6405,93.8814,17.1997,23.1371,140.198,165.507,58.053,38.573,29.4956,4.02381,2.98,228.433,0,1193.26,0.0,132.592,55.2467,29.0446,26.5003,16.2398,8.76487,7.03966,5.10076,0.0,85.0207,55.9272,8.52,22.9673,786.883,123.243,17.0287,14.908,16.0695,7.511,6.13901,36.998,425.885,0.0,81.94,62.75,20.1007,12.956,5.9556,90.4479,0.0,0.1639,132.35,0.0,67.5,0.0,101.235,194.337,141.98,0,24.7398,0.0,1007.79,29.9797,0.0,148.193,11.571,0.0,6.73167,0.0,0.05474
2022-09-29 08:30:00,64.7961,1623.9,83.1794,0,61.94,14.2423,94.211,12.5998,22.5433,140.5,166.009,64.7135,40.3137,34.5978,4.97331,2.97,229.842,0,1162.69,0.0,132.58,53.862,30.1897,26.1006,21.3747,6.7149,9.80093,5.41656,0.0,84.951,56.4255,8.52,20.9705,797.266,127.463,17.758,15.208,16.7696,7.964,3.06035,36.364,422.492,0.0,77.55,64.5,20.6989,13.118,3.25475,89.975,0.0,0.17395,123.45,0.0,67.9,0.0,97.9391,195.363,140.442,0,27.5267,0.0,981.866,30.0066,5.1464,150.628,14.2781,0.0,3.52239,0.0,0.05722
2022-09-29 08:35:00,67.9992,1611.52,83.7104,0,71.95,16.1325,94.4015,18.5997,27.4614,140.898,117.844,55.7565,47.0436,26.1989,3.66464,5.21,231.021,0,1124.41,0.0,132.549,53.162,30.9807,26.9001,22.1947,4.28493,17.8245,5.25628,7.9,84.951,56.6316,8.52,29.8424,804.297,132.478,18.4766,14.437,17.0855,8.729,2.03494,43.172,405.817,0.0,68.58,63.25,21.3001,14.019,4.11536,90.4444,0.0,0.184,150.03,0.0,67.3,0.0,94.9178,195.83,137.759,0,28.032,0.0,982.769,29.4646,0.0,151.122,9.89224,0.0,0.89052,0.0,0.05722
2022-09-29 08:40:00,71.6979,1615.11,83.9706,0,69.85,14.2319,94.5003,16.0998,32.2427,141.201,56.8139,51.4733,45.6739,26.4998,2.60736,4.04,231.902,0,1090.67,0.0,132.519,54.8489,30.3484,27.0008,30.6145,5.63491,19.5955,2.91078,7.8,84.8609,56.0164,8.52,29.8424,803.363,136.849,19.1404,12.541,18.2121,8.275,0.0,54.238,384.698,0.0,63.58,54.0,25.0019,13.892,3.96887,89.7487,0.0,0.15386,117.68,0.0,67.3,0.0,92.369,195.839,133.504,0,36.3452,0.0,974.224,29.9626,0.0,151.049,9.75161,0.0,1.16884,0.0,0.05886
2022-09-29 08:45:00,69.9981,1622.19,83.8405,0,68.25,10.6922,91.9991,16.8997,33.2271,141.297,0.0,56.7178,39.895,26.4998,2.536,3.76,231.956,0,1053.75,0.0,132.512,46.8879,29.9944,27.1992,28.4046,9.87485,20.0589,2.97346,7.8,84.9183,55.8995,9.06,29.8424,816.84,141.552,19.6838,19.771,18.8859,8.375,0.0,49.948,349.859,0.0,79.52,69.25,22.8992,14.157,1.20394,88.3795,0.0,0.184,1.14,0.0,67.9,0.0,85.5793,196.141,134.837,0,29.1527,0.0,975.323,30.0676,0.00093,151.293,14.3396,0.0,0.64881,0.0,0.05482
2022-09-29 08:50:00,66.994,1598.41,84.2095,0,63.96,7.93126,91.7794,20.9997,44.4968,141.599,0.0,50.0908,43.7147,24.7961,2.18432,3.25,232.01,0,1064.54,0.0,132.58,44.1788,30.424,27.1992,25.1746,3.91494,24.8895,2.99409,7.8,84.9346,56.5148,18.73,29.8424,793.567,145.268,20.4591,31.967,18.7543,8.576,0.0,49.62,335.43,0.0,83.01,74.0,25.0019,11.266,1.9089,88.0591,0.0,0.15386,203.97,0.0,66.7,0.0,80.7892,196.104,135.572,0,32.7379,0.0,998.541,29.3132,0.0,151.318,11.3776,0.0,0.86,0.0,0.05618
2022-09-29 08:55:00,63.9932,1606.67,84.09,0,61.0,6.47227,94.4417,17.5997,41.3522,141.702,0.0,55.5749,69.4646,28.5973,0.33107,3.72,231.78,0,1031.58,0.0,132.47,51.8679,29.4328,27.1992,20.7747,2.98495,32.856,6.4806,6.3,84.9428,56.3087,21.76,29.8424,788.476,148.985,21.0503,39.593,18.7964,8.778,1.08766,48.91,342.119,0.0,75.1,67.25,24.3,13.211,1.10323,90.4297,0.0,0.184,119.1,0.0,66.7,0.0,77.2845,196.059,131.769,0,30.1012,0.0,985.748,29.5988,0.00093,151.684,11.7204,0.0,1.04738,0.0,0.04882
2022-09-29 09:00:00,66.5949,1628.05,84.021,0,59.23,4.13204,94.0316,20.9997,41.3522,141.798,0.0,66.9413,71.4543,26.7963,0.33107,3.81,231.305,0,1003.58,0.0,131.585,52.5729,37.4432,27.1992,19.2747,1.73497,34.8746,5.79901,7.9,84.9346,56.5732,21.76,29.8424,809.223,153.658,21.6503,41.643,18.6122,9.082,25.9587,54.416,352.129,0.0,70.19,73.0,25.2003,10.787,0.0,90.2276,0.0,0.1639,3.37,0.0,67.9,0.0,79.5807,196.535,130.333,0,33.3715,0.0,961.602,26.5104,0.0,151.928,9.32973,0.0,0.8368,0.0,0.04846
2022-09-29 09:05:00,73.0963,1614.55,83.8989,0,65.61,3.60245,88.6116,37.8994,41.3522,141.798,0.0,71.4488,69.0043,26.9998,0.33107,4.67,230.208,0,968.521,0.0,131.945,46.3188,36.7425,27.1992,24.1346,2.05497,34.5191,4.67863,7.8,84.9019,56.0749,22.73,29.8424,804.352,157.998,22.2539,41.729,19.1965,9.387,10.2016,51.428,353.765,0.0,69.21,70.0,31.5999,8.435,0.0,90.5144,0.0,0.15386,93.52,0.0,67.3,0.0,75.1311,196.498,122.583,0,29.8521,0.0,978.594,28.8591,0.0,152.276,10.4899,0.0,0.0,0.0,0.05124
2022-09-29 09:10:00,62.9966,1602.51,83.96,0,67.69,1.41398,91.49,32.2995,38.7975,141.798,0.0,63.8559,57.864,30.0974,0.33107,5.16,229.205,0,926.601,0.0,131.17,54.2296,42.8974,27.1992,22.6346,1.45498,37.6866,3.33132,7.8,84.9142,55.9856,22.73,29.7421,793.695,161.986,22.8132,41.554,18.9122,9.519,5.19417,50.912,350.762,0.0,58.7,72.0,33.2998,7.248,0.0,88.2505,0.0,0.15386,117.16,0.0,66.7,0.0,71.0222,196.48,110.859,0,38.4875,0.0,966.07,27.7385,0.0,152.404,6.27988,0.0,0.0,0.0,0.04844
2022-09-29 09:15:00,57.1953,1643.51,84.1007,0,62.12,0.0,95.1815,37.2994,39.778,141.901,0.0,62.9511,57.1145,27.2963,0.33107,4.64,228.406,0,897.328,0.0,130.217,59.4161,54.6065,27.0985,25.5946,1.58498,24.4452,6.19654,7.8,84.9961,55.5765,23.77,29.7421,817.371,166.075,23.4735,41.512,19.0596,9.617,6.37827,55.646,329.839,0.0,47.36,74.0,39.6017,13.346,2.1561,90.1821,0.0,0.19405,125.61,0.0,67.7,0.0,65.0785,196.507,112.32,0,35.4333,0.0,934.843,30.1799,0.00093,152.294,9.95376,0.0,0.0,0.0,0.05086
2022-09-29 09:20:00,56.4961,1619.14,84.021,0,64.68,0.0,92.2518,39.6994,33.8794,141.702,0.0,61.3306,55.2541,25.4997,0.33107,3.36,229.002,0,853.895,0.0,129.986,62.1554,52.1773,27.1992,23.7646,1.01498,25.9877,4.88493,5.7,84.9346,55.7795,23.77,27.1759,802.228,169.63,23.6558,40.385,16.8749,9.853,0.0,52.784,322.783,0.0,55.77,88.75,39.4003,9.788,5.76333,90.0183,0.0,0.184,114.7,0.0,67.4,0.0,64.4193,191.197,107.86,0,27.8563,0.0,902.225,28.676,0.0,152.251,14.4011,0.0,0.0,0.0,0.0513
2022-09-29 09:25:00,53.5953,1634.62,83.9812,0,58.58,0.0,92.2188,34.6995,28.9028,141.702,0.0,61.799,46.7836,20.8976,0.33107,3.44,229.016,0,847.523,0.0,130.7,68.8526,56.7306,27.0985,25.7146,0.61499,26.3686,4.00101,5.2,84.9101,56.6009,24.78,28.7509,817.206,173.88,24.5266,41.534,18.8122,9.954,1.56374,56.06,324.443,0.0,64.01,84.5,38.3993,9.646,5.84573,89.902,0.0,0.15386,118.59,0.0,67.7,0.0,60.3104,180.678,113.055,0,28.2738,0.0,848.317,28.6271,0.00093,151.983,12.3444,0.0,0.0,0.0,0.05342
2022-09-29 09:30:00,52.4966,1627.0,83.8697,0,54.85,0.0,95.4012,41.4994,29.6215,141.503,0.0,67.5456,39.4336,20.8976,0.33107,3.54,230.465,0,847.279,0.0,129.406,76.1742,55.3707,27.1992,38.0044,2.45496,31.104,7.07808,5.2,84.9306,55.958,25.01,29.8404,813.727,171.322,25.0701,41.666,19.2123,10.243,0.40894,54.704,283.317,0.0,47.01,86.75,39.4003,9.035,4.90272,89.9669,0.0,0.19405,3.31,0.0,68.0,0.0,66.5837,156.974,109.654,0,34.7704,0.0,790.649,30.0163,0.00093,152.081,10.2526,0.0,0.0,0.0,0.05377
2022-09-29 09:35:00,45.9943,1636.4,83.729,0,49.48,6.50995,92.889,40.1994,29.6215,141.4,0.0,63.4852,35.4345,17.0964,0.33107,4.98,230.181,0,871.424,0.0,128.643,81.3708,54.902,27.0985,34.1245,2.07497,34.4175,5.06188,5.2,84.9879,55.8995,41.26,29.1553,825.593,165.149,25.1037,0.0,19.3018,10.144,8.44862,51.818,285.734,0.0,43.36,89.25,39.4003,18.112,6.40421,90.3985,0.0,0.184,0.0,0.0,67.7,0.0,67.1879,150.053,105.501,0,36.5979,0.0,736.253,29.0861,0.00093,151.897,7.27306,0.0,0.0,0.0,0.04962
2022-09-29 09:40:00,44.297,1593.77,83.6998,0,48.88,5.4424,92.8011,37.6994,27.9184,141.297,0.0,57.026,40.2734,11.7996,0.33107,4.51,230.154,0,897.768,0.0,128.972,87.65,52.922,27.1992,39.7644,1.89497,33.2051,5.53875,5.2,85.0371,56.5424,42.21,28.4723,788.861,165.37,26.0984,7.536,19.0754,10.728,26.5617,54.878,266.349,0.0,44.44,93.25,39.4003,16.963,11.9615,89.9274,0.0,0.15386,0.0,0.0,66.5,0.0,63.5184,150.034,101.22,0,29.2442,0.0,748.143,28.1169,0.0,152.05,8.84633,0.0,0.1886,0.0,0.04841
2022-09-29 09:45:00,45.5966,1612.26,83.6307,0,42.73,6.05363,92.5411,42.9993,31.52,141.098,0.0,67.837,33.1859,17.8974,0.307,3.9,229.991,0,937.221,0.0,129.271,86.5322,54.4601,27.1992,45.1143,3.09495,29.4853,6.57026,5.2,85.0207,56.3671,44.22,28.2542,813.233,168.321,26.5746,33.326,19.1386,10.627,1.95926,52.926,281.657,0.0,54.41,90.0,39.6994,15.473,12.2087,83.76,0.0,0.17395,0.0,0.0,67.7,0.0,61.6068,152.113,102.784,0,33.8109,0.0,703.293,29.8479,0.0,151.971,15.5085,0.0,0.0,0.0,0.05249
2022-09-30 00:00:00,120.398,1980.72,0.0,0,7.16,17.1708,0.0,0.0,45.4812,0.0,0.0,53.6339,41.8738,108.696,0.0,13.36,0.0,0,1296.92,0.0,0.0,0.0,0.0,0.001526,84.2237,0.0,106.141,16.8132,0.0,0.0,55.7211,0.0,0.0,1036.32,0.0,0.0,0.0,0.0,0.0,0.0,0.0,219.034,399.200012207,0.0,0.0,0.00153,0.0,71.9478,0.0,0.0,0.184,244.85,0.0,67.5,0.0,167.923,0.0,0.0,403,48.6683,0.0,1218.54,0.0,0.0,0.0,14.0319,0.0,50.4006,0.0,0.0545
2022-09-30 00:05:00,123.898,1943.34,0.0,0,6.42,18.4016,0.0,0.0,46.0046,0.0,0.0,62.4796,47.0338,112.396,0.0,13.86,0.0,0,1315.89,0.0,0.0,0.0,0.0,0.001526,87.8637,0.0,103.722,17.3948,0.0,0.0,55.2843,0.0,0.0,1044.39,0.0,0.0,0.0,0.0,0.0,0.0,0.0,221.085,359.440002441,0.0,0.0,0.00153,0.0,76.0677,0.0,0.0,0.2041,249.31,0.0,68.0,0.0,167.022,0.0,0.0,407,42.8345,0.0,1219.57,0.0,0.0,0.0,15.3943,0.0,46.548,0.0,0.05103
2022-09-30 00:10:00,129.494,1899.54,0.0,0,5.54,20.0029,0.0,0.0,48.9539,0.0,0.0,56.7407,44.3946,114.396,0.0,15.19,0.0,0,1308.3,0.0,0.0,0.0,0.0,0.001526,87.1537,0.0,103.716,16.4228,0.0,0.0,56.0164,0.0,0.0,1033.13,0.0,0.0,0.0,0.0,0.0,0.0,0.0,219.107,353.119995117,0.0,0.0,0.00153,0.0,95.1202,0.0,0.0,0.184,250.35,0.0,67.9,0.0,167.879,0.0,0.0,406,48.2179,0.0,1222.74,0.0,0.00093,0.0,11.9489,0.0,42.8528,0.0,0.04905
2022-09-30 00:15:00,132.295,1902.25,0.0,0,4.12,20.8423,0.0,0.0,49.282,0.0,0.0,61.0269,41.0034,114.799,0.0,14.0,0.0,0,1305.0,0.0,0.0,0.0,0.0,0.001526,86.0137,0.0,104.776,13.1172,0.0,0.0,55.6042,0.0,0.0,1040.66,0.0,0.0,0.0,0.0,0.0,0.0,0.0,222.257,442.549987793,0.0,0.0,0.00153,0.0,105.283,0.0,0.0,0.1639,253.01,0.0,67.9,0.0,168.231,0.0,0.0,411,46.4711,0.0,1224.43,0.0,0.00093,0.0,10.4899,0.0,40.6067,0.0,0.0542
2022-09-30 00:20:00,131.197,1885.62,0.0,0,3.52,18.4539,0.0,0.0,45.0866,0.0,0.0,67.5044,46.764,113.498,0.0,13.33,0.0,0,1300.14,0.0,0.0,0.0,0.0,0.001526,89.5536,0.0,104.306,15.3928,0.0,0.0,56.1917,0.0,0.0,1036.21,0.0,0.0,0.0,0.0,0.0,0.0,0.0,221.964,481.350006104,0.0,0.0,0.00153,0.0,109.064,0.0,0.0,0.21414,252.14,0.0,67.9,0.0,164.671,0.0,0.0,408,45.0648,0.0,1221.99,0.0,0.00093,0.0,10.1208,0.0,34.8888,0.0,0.05203
2022-09-30 00:25:00,129.398,1878.28,0.0,0,2.96,18.6319,0.0,0.0,43.7116,0.0,0.0,64.8005,48.8637,114.099,0.0,14.33,0.0,0,1300.24,0.0,0.0,0.0,0.0,0.001526,89.5936,0.0,103.557,15.2191,0.0,0.0,55.8103,0.0,0.0,1039.3,0.0,0.0,0.0,0.0,0.0,0.0,0.0,219.059,424.570007324,0.0,0.0,0.00153,0.0,104.743,0.0,0.0,0.184,248.4,0.0,67.6,0.0,165.275,0.0,0.0,402,48.0275,0.0,1215.17,0.0,0.00093,0.0,9.56704,0.0,35.874,0.0,0.05157
2022-09-30 00:30:00,130.797,1837.04,0.0,0,4.13,18.6319,0.0,0.0,46.1999,0.0,0.0,71.7968,43.9136,107.298,0.0,18.14,0.0,0,1302.97,0.0,0.0,0.0,0.0,0.001526,86.8037,0.0,103.443,16.0752,0.0,0.0,55.8103,0.0,0.0,1043.6,0.0,0.0,0.0,0.0,0.0,0.0,0.0,221.793,334.630004883,0.0,0.0,0.00153,0.0,98.1414,0.0,0.0,0.17395,251.71,0.0,68.2,0.0,159.266,0.0,0.0,408,43.285,0.0,1223.35,0.0,0.00093,0.0,10.4548,0.0,38.7329,0.0,0.05133
2022-09-30 00:35:00,133.997,1800.61,0.0,0,3.61,17.9432,0.0,0.0,45.6765,0.0,0.0,73.489,52.8335,108.099,0.0,19.81,0.0,0,1300.58,0.0,0.0,0.0,0.0,0.001526,83.6337,0.0,105.55,15.1239,0.0,0.0,55.4596,0.0,0.0,1039.78,0.0,0.0,0.0,0.0,0.0,0.0,0.0,220.548,518.190002441,0.0,0.0,0.00153,0.0,83.9048,0.0,0.0,0.19405,251.08,0.0,68.1,0.0,159.398,0.0,0.0,408,38.667,0.0,1221.4,0.0,0.00093,0.0,13.0476,0.0,39.9329,0.0,0.04742
2022-09-30 00:40:00,136.197,1790.95,0.0,0,3.78,19.3226,0.0,0.0,44.364,0.0,0.0,67.6249,55.6057,100.696,0.0,20.34,0.0,0,1301.39,0.0,0.0,0.0,0.0,0.001526,82.4638,0.0,102.453,16.8782,0.0,0.0,55.2227,0.0,0.0,1034.96,0.0,0.0,0.0,0.0,0.0,0.0,0.0,221.891,469.600006104,0.0,0.0,0.00153,0.0,81.561,0.0,0.0,0.19405,248.98,0.0,67.5,0.0,158.508,0.0,0.0,408,36.6198,0.0,1222.4,0.0,0.00093,0.0,14.4802,0.0,40.9766,0.0,0.04918
2022-09-30 00:45:00,134.698,1793.14,0.0,0,3.76,21.912,0.0,0.0,37.8795,0.0,0.0,66.4271,58.6233,100.598,0.0,20.31,0.0,0,1302.75,0.0,0.0,0.0,0.0,0.001526,84.4837,0.0,104.262,15.573,0.0,0.0,55.2535,0.0,0.0,1037.14,0.0,0.0,0.0,0.0,0.0,0.0,0.0,219.962,463.420013428,0.0,0.0,0.00153,0.0,82.0371,0.0,0.0,0.1639,252.27,0.0,68.1,0.0,161.364,0.0,0.0,407,33.6901,0.0,1220.4,0.0,0.00093,0.0,13.1882,0.0,45.8204,0.0,0.04658
2022-09-30 00:50:00,131.497,1788.33,0.0,0,3.71,22.002,0.0,0.0,30.9966,0.0,0.0,61.4389,62.9544,94.4961,0.0,18.48,0.0,0,1300.51,0.0,0.0,0.0,0.0,0.001526,80.1538,0.0,104.116,17.7796,0.0,0.0,56.2194,0.0,0.0,1039.39,0.0,0.0,0.0,0.0,0.0,0.0,0.0,221.036,424.0,0.0,0.0,0.00153,0.0,94.2138,0.0,0.0,0.19405,251.95,0.0,68.1,0.0,159.343,0.0,0.0,408,36.6381,0.0,1221.91,0.0,0.0,0.0,14.1374,0.0,52.3891,0.0,0.05296
2022-09-30 00:55:00,128.098,1737.45,0.0,0,4.21,22.182,0.0,0.0,28.6372,0.0,0.0,60.6958,57.2634,85.2963,0.0,15.13,0.0,0,1300.12,0.0,0.0,0.0,0.0,0.001526,77.8938,0.0,105.277,18.7238,0.0,0.0,55.5765,0.0,0.0,1036.08,0.0,0.0,0.0,0.0,0.0,0.0,0.0,220.914,440.0,0.0,0.0,0.00153,0.0,106.308,0.0,0.0,0.184,249.32,0.0,67.6,0.0,158.629,0.0,0.0,406,37.7258,0.0,1222.08,0.0,0.00093,0.0,13.5661,0.0,50.7045,0.0,0.0549
2022-09-30 01:00:00,133.497,1708.64,0.0,0,4.92,19.9611,0.0,0.0,28.8364,0.0,0.0,66.9062,58.5953,92.2969,0.0,15.47,0.0,0,1304.29,0.0,0.0,0.0,0.0,0.001526,81.6938,0.0,105.468,16.4981,0.0,0.0,55.838,0.0,0.0,1041.83,0.0,0.0,0.0,0.0,0.0,0.0,0.0,223.258,479.619995117,0.0,0.0,0.00153,0.0,117.194,0.0,0.0,0.2041,252.69,0.0,68.2,0.0,157.178,0.0,0.0,407,32.2325,0.0,1216.79,0.0,0.0,0.0,13.32,0.0,64.9259,0.0,0.05073
2022-09-30 01:05:00,132.898,1745.41,0.0,0,5.22,18.8014,0.0,0.0,27.266,0.0,0.0,71.5038,57.4539,92.3986,0.0,17.34,0.0,0,1270.11,0.0,0.0,0.0,0.0,0.001526,80.1838,0.0,105.912,18.2652,0.0,0.0,56.3671,0.0,0.0,1014.64,0.0,0.0,0.0,0.0,0.0,0.0,0.0,220.816,576.520019531,0.0,0.0,0.00153,0.0,107.233,0.0,0.0,0.2041,121.0,0.0,67.9,0.0,151.905,0.0,0.0,406,28.9732,0.0,1219.13,0.0,0.00093,0.0,12.986,0.0,56.2942,0.0,0.04976
2022-09-30 01:10:00,131.597,1730.01,0.0,0,4.87,17.0012,0.0,0.0,29.8833,0.0,0.0,70.6584,55.3335,101.497,0.0,18.4,0.0,0,1243.6,0.0,0.0,0.0,0.0,0.001526,83.8037,0.0,106.617,18.3057,0.0,0.0,55.8688,0.0,0.0,1019.53,0.0,0.0,0.0,0.0,0.0,0.0,0.0,220.816,564.570007324,0.0,0.0,0.00153,0.0,102.161,0.0,0.0,0.184,119.33,0.0,67.6,0.0,151.872,0.0,0.0,403,31.0057,0.0,1222.3,0.0,0.0,0.0,12.1159,0.0,51.0488,0.0,0.0474
2022-09-30 01:15:00,127.699,1771.0,0.0,0,4.39,16.5533,0.0,0.0,35.1919,0.0,0.0,74.2046,52.1938,95.3989,0.0,19.67,0.0,0,1243.01,0.0,0.0,0.0,0.0,0.001526,85.6737,0.0,106.363,20.8091,0.0,0.0,56.2194,0.0,0.0,1019.65,0.0,0.0,0.0,0.0,0.0,0.0,0.0,221.231,550.179992676,0.0,0.0,0.00153,0.0,88.3177,0.0,0.0,0.184,0.87,0.0,68.2,0.0,151.784,0.0,0.0,409,29.9986,0.0,1223.55,0.0,0.00093,0.0,8.69691,0.0,36.6979,0.0,0.05205
2022-09-30 01:20:00,125.795,1712.55,0.0,0,4.59,17.0201,0.0,0.0,36.1099,0.0,0.0,74.3542,53.4731,82.8979,0.0,20.73,0.0,0,1238.89,0.0,0.0,0.0,0.0,0.001526,88.4637,0.0,106.534,21.8374,0.0,0.0,54.549,0.0,0.0,1012.68,0.0,0.0,0.0,0.0,0.0,0.0,0.0,220.548,630.640014648,0.0,0.0,0.00153,0.0,87.4937,0.0,0.0,0.21414,0.0,0.0,67.0,0.0,155.366,0.0,0.0,402,30.5223,0.0,1219.86,0.0,0.0,0.0,7.92346,0.0,37.7148,0.0,0.05307
2022-09-30 01:25:00,126.996,1702.44,0.0,0,5.22,17.9997,0.0,0.0,38.1412,0.0,0.0,81.6266,51.7751,76.3974,0.0,21.1,0.0,0,1238.45,0.0,0.0,0.0,0.0,0.001526,96.7735,0.0,105.703,23.341,0.0,0.0,55.7795,0.0,0.0,1015.28,0.0,0.0,0.0,0.0,0.0,0.0,0.0,220.304,563.58001709,0.0,0.0,0.00153,0.0,82.8519,0.0,0.0,0.184,0.0,0.0,67.6,0.0,159.288,0.0,0.0,407,34.6789,0.0,1216.27,0.0,0.00093,0.0,8.0553,0.0,29.8076,0.0,0.05344
2022-09-30 01:30:00,127.997,1690.99,0.0,0,5.84,17.6104,0.0,0.0,39.8444,0.0,0.0,79.5621,50.6154,65.9984,0.0,20.53,0.0,0,1238.64,0.0,0.0,0.0,0.0,0.001526,92.9836,0.0,106.058,21.4399,0.0,0.0,56.2502,0.0,0.0,1010.0,0.0,0.0,0.0,0.0,0.0,0.0,0.0,221.061,596.58001709,0.0,0.0,0.00153,0.0,83.8956,0.0,0.0,0.17395,0.0,0.0,67.0,0.0,160.595,0.0,0.0,402,38.7292,0.0,1220.96,0.0,0.0,0.0,9.98013,0.0,28.9061,0.0015,0.05079
2022-09-30 01:35:00,131.897,1771.02,0.0,0,7.91,21.4598,0.0,0.0,37.3521,0.0,0.0,79.1501,51.8752,78.0967,0.0,21.04,0.0,0,1277.44,0.0,0.0,0.0,0.0,0.001526,92.9936,0.0,106.027,21.42,0.0,0.0,55.635,0.0,0.0,999.017,0.0,0.0,0.0,0.0,0.0,0.0,0.0,227.872,532.070007324,0.0,0.0,0.00153,0.0,88.867,0.0,0.0,0.21414,0.0,0.0,67.9,0.0,162.353,0.0,0.0,411,34.9828,0.0,1217.57,0.0,0.00093,0.0,11.1227,0.0,37.384,0.0005,0.0484
2022-09-30 01:40:00,130.999,1787.8,0.0,0,9.38,22.9293,0.0,0.0,36.1099,0.0,0.0,75.3521,53.5232,78.1984,0.0,19.39,0.0,0,1247.31,0.0,0.0,0.0,0.0,0.001526,95.1336,0.0,105.487,22.3897,0.0,0.0,55.4012,0.0,0.0,965.526,0.0,0.0,0.0,0.0,0.0,0.0,0.0,219.767,498.769989014,0.0,0.0,0.00153,0.0,77.5051,0.0,0.0,0.19405,0.0,0.0,67.6,0.0,163.43,0.0,0.0,402,36.6162,0.0,1223.6,0.0,0.00093,0.0,10.7448,0.0,38.0493,0.0015,0.05451
2022-09-30 01:45:00,127.798,1749.49,0.0,0,9.97,27.4402,0.0,0.0,34.4068,0.0,0.0,68.7877,55.3237,67.6976,0.0,20.31,0.0,0,1240.45,0.0,0.0,0.0,0.0,0.001526,97.5835,0.0,105.792,26.9513,0.0,0.0,57.0408,0.0,0.0,960.619,0.0,0.0,0.0,0.0,0.0,0.0,0.0,222.135,503.390014648,0.0,0.0,0.00153,0.0,70.6386,0.0,0.0,0.17395,0.0,0.0,67.6,0.0,164.056,0.0,0.0,406,39.0222,0.0,1207.31,0.0,0.00093,0.0,12.5026,0.0,44.1053,0.0,0.0476
2022-09-30 01:50:00,128.097,1723.37,0.0,0,7.13,26.8122,0.0,0.0,31.1294,0.0,0.0,65.2186,53.6452,61.0998,0.0,20.79,0.0,0,1244.45,0.0,0.0,0.0,0.0,0.001526,103.893,0.0,105.608,25.6159,0.0,0.0,56.2194,0.0,0.0,963.475,0.0,0.0,0.0,0.0,0.0,0.0,0.0,223.136,470.140014648,0.0,0.0,0.00153,0.0,55.9716,0.0,0.0,0.2041,0.0,0.0,68.2,0.0,169.209,0.0,0.0,408,43.5413,0.0,1195.5,0.0,0.00093,0.0,11.7819,0.0,39.5557,0.0,0.04815
2022-09-30 01:55:00,128.796,1714.5,0.0,0,6.02,30.871,0.0,0.0,23.1332,0.0,0.0,65.7679,58.9041,52.2982,0.0,18.97,0.0,0,1240.86,0.0,0.0,0.0,0.0,0.001526,104.783,0.0,102.529,24.2995,0.0,0.0,55.7519,0.0,0.0,957.103,0.0,0.0,0.0,0.0,0.0,0.0,0.0,221.061,431.290008545,0.0,0.0,0.00153,0.0,50.6706,0.0,0.0,0.19405,0.0,0.0,67.9,0.0,167.978,0.0,0.0,403,45.3321,0.0,1190.42,0.0,0.00093,0.0,10.1911,0.0,47.4159,0.0,0.05036
2022-09-30 02:00:00,129.395,1707.62,0.0,0,6.41,36.4432,0.0,0.0,23.266,0.0,0.0,68.5801,61.7044,49.8998,0.0,19.4,0.0,0,1240.25,0.0,0.0,0.0,0.0,0.001526,98.2935,0.0,104.097,22.6991,0.0,0.0,56.3087,0.0,0.0,951.445,0.0,0.0,0.0,0.0,0.0,0.0,0.0,221.012,467.799987793,0.0,0.0,0.00153,0.0,54.0307,0.0,0.0,0.19405,0.0,0.0,67.6,0.0,169.802,0.0,0.0,403,44.0723,0.0,1193.71,0.0,0.00093,0.0,8.75843,0.0,50.8962,0.0,0.05051
2022-09-30 02:05:00,131.295,1667.6,0.0,0,6.66,37.2909,0.0,0.0,22.805,0.0,0.0,63.2761,59.1324,47.3996,0.0,18.61,0.0,0,1239.74,0.0,0.0,0.0,0.0,0.001526,100.623,0.0,101.92,22.1318,0.0,0.0,55.4873,0.0,0.0,945.384,0.0,0.0,0.0,0.0,0.0,0.0,0.0,221.622,519.450012207,0.0,0.0,0.00153,0.0,51.8334,0.0,0.0,0.2041,0.0,0.0,67.0,0.0,168.341,0.0,0.0,368,38.2092,0.0,1190.15,0.0,0.0,0.0,8.40687,0.0,50.143,0.0,0.04935
2022-09-30 02:10:00,130.794,1607.1,0.0,0,5.89,35.07,0.0,0.0,26.1488,0.0,0.0,62.2507,60.8353,42.9966,0.0,17.54,0.0,0,1235.18,0.0,0.0,0.0,0.0,0.001526,95.4936,0.0,101.132,19.2086,0.0,0.0,55.635,0.0,0.0,951.299,0.0,0.0,0.0,0.0,0.0,0.0,0.0,219.791,555.869995117,0.0,0.0,0.00153,0.0,52.8771,0.0,0.0,0.184,0.0,0.0,67.1,0.0,167.626,0.0,0.0,327,35.4113,0.0,1190.34,0.0,0.0,0.0,8.67933,0.0,51.1782,0.0025,0.05015
2022-09-30 02:15:00,133.497,1598.95,0.0,0,6.51,34.1615,0.0,0.0,28.9028,0.0,0.0,71.1803,53.6428,59.7988,0.0,18.18,0.0,0,1240.55,0.0,0.0,0.0,0.0,0.001526,100.313,0.0,103.443,15.884,0.0,0.0,56.5732,0.0,0.0,962.56,0.0,0.0,0.0,0.0,0.0,0.0,0.0,220.182,571.010009766,0.0,0.0,0.00153,0.0,53.3898,0.0,0.0,0.184,0.0,0.0,67.7,0.0,168.956,0.0,0.0,291,32.6281,0.0,1192.08,0.0,0.0,0.0,9.277,0.0,47.1949,0.0,0.04686
2022-09-30 02:20:00,135.298,1592.43,0.0,0,6.63,35.474,0.0,0.0,26.9379,0.0,0.0,64.9775,45.243,64.5956,0.0,20.0,0.0,0,1238.72,0.0,0.0,0.0,0.0,0.001526,89.7036,0.0,101.456,17.44,0.0,0.0,55.9856,0.0,0.0,948.808,0.0,0.0,0.0,0.0,0.0,0.0,0.0,221.549,535.719970703,0.0,0.0,0.00153,0.0,61.3458,0.0,0.0,0.184,0.0,0.0,67.1,0.0,168.934,0.0,0.0,250,32.976,0.0,1191.83,0.0,0.0,0.0,8.23108,0.0,52.6473,0.0055,0.05249
2022-09-30 02:25:00,133.595,1578.2,0.0,0,6.55,36.8911,0.0,0.0,19.4651,0.0,0.0,61.8311,40.3125,56.9977,0.0,19.8,0.0,0,1236.71,0.0,0.0,0.0,0.0,0.001526,98.6535,0.0,103.037,16.0276,0.0,0.0,55.8995,0.0,0.0,948.057,0.0,0.0,0.0,0.0,0.0,0.0,0.0,221.012,596.41998291,0.0,0.0,0.00153,0.0,56.5484,0.0,0.0,0.184,0.0,0.0,67.1,0.0,170.033,0.0,0.0,215,28.0833,0.0,1187.98,0.0,0.0,0.0,7.55431,0.0,45.7887,0.0025,0.05313
2022-09-30 02:30:00,134.497,1596.75,0.0,0,7.5,37.2009,0.0,0.0,19.5276,0.0,0.0,64.2069,41.6138,56.2985,0.0,20.34,0.0,0,1239.2,0.0,0.0,0.0,0.0,0.001526,96.6035,0.0,102.891,16.0165,0.0,0.0,56.6009,0.0,0.0,954.814,0.0,0.0,0.0,0.0,0.0,0.0,0.0,221.646,500.880004883,0.0,0.0,0.00153,0.0,53.5088,0.0,0.0,0.184,0.0,0.0,67.7,0.0,168.736,0.0,0.0,173,24.2197,0.0,1195.74,0.0,0.0,0.0,5.99863,0.0,56.0269,0.0015,0.05355
2022-09-30 02:35:00,128.795,1623.83,0.0,0,7.36,37.5233,0.0,0.0,20.9691,0.0,0.0,65.6733,42.7442,60.8962,0.0,20.48,0.0,0,1246.75,0.0,0.0,0.0,0.0,0.001526,93.5536,0.0,104.586,16.0792,0.0,0.0,56.6316,0.0,0.0,961.553,0.0,0.0,0.0,0.0,0.0,0.0,0.0,224.771,547.41998291,0.0,0.0,0.00153,0.0,49.453,0.0,0.0,0.19405,0.0,0.0,67.7,0.0,162.847,0.0,0.0,71,26.6514,0.0,1188.61,0.0,0.00093,0.0,6.05136,0.0,50.7314,0.0,0.04853
2022-09-30 02:40:00,127.896,1598.73,0.0,0,7.41,41.3707,0.0,0.0,22.2152,0.0,0.0,69.9748,44.7242,64.6974,0.0,21.44,0.0,0,1238.54,0.0,0.0,0.0,0.0,0.001526,102.173,0.0,104.109,17.8526,0.0,0.0,56.6901,0.0,0.0,945.054,0.0,0.0,0.0,0.0,0.0,0.0,0.0,220.255,662.770019531,0.0,0.0,0.00153,0.0,47.4937,0.0,0.0,0.184,0.0,0.0,67.7,0.0,159.573,0.0,0.0,31,20.5539,0.0,1188.73,0.0,0.0,0.0,8.32776,0.0,58.3816,0.0,0.0522
2022-09-30 02:45:00,127.594,1593.38,0.0,0,6.88,45.0191,0.0,0.0,25.6254,0.0,0.0,70.309,46.6639,65.8966,0.0,20.68,0.0,0,1237.45,0.0,0.0,0.0,0.0,0.001526,106.473,0.0,105.868,25.0962,0.0,0.0,54.7552,0.0,0.0,955.419,0.0,0.0,0.0,0.0,0.0,0.0,0.0,219.01,683.66998291,0.0,0.0,0.00153,0.0,46.3768,0.0,0.0,0.19405,0.0,0.0,67.7,0.0,160.639,0.0,0.0,0,24.7251,0.0,1191.08,0.0,0.0,0.0,10.8503,0.0,62.7494,0.0015,0.05013
2022-09-30 02:50:00,125.995,1604.05,0.0,0,6.44,48.3809,0.0,0.0,26.1488,0.0,0.0,73.0617,48.9638,65.7993,0.0,20.71,0.0,0,1241.45,0.0,0.0,0.0,0.0,0.001526,104.413,0.0,105.474,26.764,0.0,0.0,55.5181,0.0,0.0,961.516,0.0,0.0,0.0,0.0,0.0,0.0,0.0,222.281,477.459991455,0.0,0.0,0.00153,0.0,43.859,0.0,0.0,0.19405,0.0,0.0,67.7,0.0,164.122,0.0,0.0,0,25.1572,0.0,1195.79,0.0,0.0,0.0,13.4694,0.0,64.987,0.0,0.05194
2022-09-30 02:55:00,125.099,1595.95,0.0,0,7.82,47.0705,0.0,0.0,20.055,0.0,0.0,73.2937,49.6242,67.1976,0.0,21.93,0.0,0,1238.32,0.0,0.0,0.0,0.0,0.001526,102.353,0.0,105.887,28.2193,0.0,0.0,55.5765,0.0,0.0,959.74,0.0,0.0,0.0,0.0,0.0,0.0,0.0,219.791,537.690002441,0.0,0.0,0.00153,0.0,37.8531,0.0,0.0,0.2041,0.0,0.0,67.7,0.0,167.407,0.0,0.0,0,28.6509,0.0,1190.39,0.0,0.00093,0.0,12.5202,0.0,73.0724,0.0015,0.05363
2022-09-30 03:00:00,123.498,1630.88,0.0,0,9.91,42.6622,0.0,0.0,18.6097,0.0,0.0,75.8572,45.2845,71.9989,0.0,22.95,0.0,0,1246.11,0.0,0.0,0.0,0.0,0.001526,100.813,0.0,106.604,30.4354,0.0,0.0,56.3087,0.0,0.0,962.908,0.0,0.0,0.0,0.0,0.0,0.0,0.0,224.186,457.549987793,0.0,0.0,0.00153,0.0,40.8011,0.0,0.0,0.184,0.0,0.0,68.0,0.0,166.0,0.0,0.0,0,29.0574,0.0,1188.34,0.0,0.00093,0.0,12.8542,0.0,70.8885,0.0,0.05456
2022-09-30 03:05:00,128.199,1604.15,0.0,0,10.1,43.939,0.0,0.0,21.2972,0.0,0.0,88.5664,37.9736,64.7992,0.0,21.09,0.0,0,1241.47,0.0,0.0,0.0,0.0,0.001526,102.053,0.0,104.979,27.3028,0.0,0.0,56.0749,0.0,0.0,959.044,0.0,0.0,0.0,0.0,0.0,0.0,0.0,219.132,477.510009766,0.0,0.0,0.00153,0.0,39.6658,0.0,0.0,0.184,0.0,0.0,68.0,0.0,166.693,0.0,0.0,0,28.043,0.0,1190.42,0.0,0.00093,0.0,10.1295,0.0,71.5666,0.0005,0.04931
2022-09-30 03:10:00,128.894,1573.12,0.0,0,13.64,41.0525,0.0,0.0,22.4769,0.0,0.0,80.7355,40.105,61.8963,0.0,20.97,0.0,0,1236.3,0.0,0.0,0.0,0.0,0.001526,99.2535,0.0,106.541,26.4252,0.0,0.0,56.3363,0.0,0.0,952.965,0.0,0.0,0.0,0.0,0.0,0.0,0.0,218.766,485.179992676,0.0,0.0,0.00153,0.0,41.8906,0.0,0.0,0.184,0.0,0.0,67.4,0.0,166.912,0.0,0.0,0,24.5567,0.0,1189.25,0.0,0.00093,0.0,11.404,0.0,69.799,0.0,0.05067
2022-09-30 03:15:00,136.799,1601.88,0.0,0,14.7,37.5107,0.0,0.0,23.9183,0.0,0.0,89.9977,42.7649,58.1969,0.0,19.61,0.0,0,1208.59,0.0,0.0,0.0,0.0,0.001526,108.013,0.0,105.443,23.5489,0.0,0.0,56.0164,0.0,0.0,962.944,0.0,0.0,0.0,0.0,0.0,0.0,0.0,220.865,440.410003662,0.0,0.0,0.00153,0.0,43.0259,0.0,0.0,0.2041,0.0,0.0,67.9,0.0,165.111,0.0,0.0,0,27.6036,0.0,1198.28,0.0,0.00093,0.0,9.65493,0.0,82.5776,0.0,0.05405
2022-09-30 03:20:00,134.695,1586.82,0.0,0,16.12,37.3726,0.0,0.0,23.0668,0.0,0.0,77.6974,45.464,59.3961,0.0,22.29,0.0,0,1226.75,0.0,0.0,0.0,0.0,0.001526,106.093,0.0,105.614,25.5905,0.0,0.0,55.6934,0.0,0.0,954.924,0.0,0.0,0.0,0.0,0.0,0.0,0.0,218.277,390.010009766,0.0,0.0,0.00153,0.0,36.0769,0.0,0.0,0.184,0.0,0.0,67.6,0.0,164.847,0.0,0.0,0,29.2259,0.0,1188.22,0.0,0.00093,0.0,11.7731,0.0,69.0532,0.0,0.05563
2022-09-30 03:25:00,135.997,1607.32,0.0,0,19.61,38.9195,0.0,0.0,23.8519,0.0,0.0,71.4504,43.0738,55.5994,0.0,23.36,0.0,0,1204.93,0.0,0.0,0.0,0.0,0.001526,100.853,0.0,106.585,24.6518,0.0,0.0,55.5765,0.0,0.0,962.065,0.0,0.0,0.0,0.0,0.0,0.0,0.0,220.548,486.010009766,0.0,0.0,0.00153,0.0,31.7006,0.0,0.0,0.184,0.0,0.0,68.1,0.0,161.243,0.0,0.0,0,35.6896,0.0,1182.48,0.0,0.00093,0.0,14.1111,0.0,60.2768,0.0,0.05587
2022-09-30 03:30:00,135.696,1607.76,0.0,0,23.49,40.0331,0.0,0.0,24.4457,0.0,0.0,74.2473,45.8253,57.896,0.0,22.71,0.0,0,1221.09,0.0,0.0,0.0,0.0,0.001526,101.493,0.0,106.572,23.9877,0.0,0.0,55.4596,0.0,0.0,961.223,0.0,0.0,0.0,0.0,0.0,0.0,0.0,220.084,410.769989014,0.0,0.0,0.00153,0.0,31.371,0.0,0.0,0.184,0.0,0.0,68.1,0.0,157.508,0.0,0.0,0,44.3763,0.0,1184.36,0.0,0.00093,0.0,14.6648,0.0,70.7939,0.0,0.05265
2022-09-30 03:35:00,130.897,1569.09,0.0,0,23.49,21.8303,0.0,0.0,21.9535,0.0,0.0,72.2255,39.0735,58.8961,0.0,20.02,0.0,0,1198.8,0.0,0.0,0.0,0.0,0.001526,100.813,0.0,105.988,27.6194,0.0,0.0,55.2843,0.0,0.0,946.281,0.0,0.0,0.0,0.0,0.0,0.0,0.0,218.375,398.910003662,0.0,0.0,0.00153,0.0,33.0007,0.0,0.0,0.21414,0.0,0.0,66.9,0.0,157.343,0.0,0.0,0,40.4797,0.0,1192.64,0.0,0.00093,0.0,13.9792,0.0,79.8077,0.0,0.05102
2022-09-30 03:40:00,134.796,1594.87,0.0,0,27.71,19.4922,0.0,0.0,19.9222,0.0,0.0,76.7422,40.2747,61.0998,0.0,16.33,0.0,0,1162.71,0.0,0.0,0.0,0.0,0.001526,99.9135,0.0,106.522,23.0903,0.0,0.0,54.4906,0.0,0.0,959.63,0.0,0.0,0.0,0.0,0.0,0.0,0.0,220.157,377.079986572,0.0,0.0,0.00153,0.0,30.4189,0.0,0.0,0.15386,0.0,0.0,67.5,0.0,156.058,0.0,0.0,0,42.0362,0.0,1169.66,0.0,0.0,0.0,13.7946,0.0,74.9151,0.0005,0.04847
2022-09-30 03:45:00,132.599,1586.16,0.0,0,30.06,26.8834,0.0,0.0,26.7387,0.0,0.0,74.3587,47.8041,57.6969,0.0,13.47,0.0,0,1123.14,0.0,0.0,0.0,0.0,0.001526,93.9036,0.0,106.166,22.1318,0.0,0.0,55.6934,0.0,0.0,949.614,0.0,0.0,0.0,0.0,0.0,0.0,0.0,219.644,457.75,0.0,0.0,0.00153,0.0,28.1758,0.0,0.0,0.184,0.0,0.0,67.5,0.0,155.333,0.0,0.0,0,41.9153,0.0,1159.56,0.0,0.02885,0.0,16.3171,0.0,72.874,0.0,0.05073
2022-09-30 03:50:00,135.896,1605.57,0.0,0,38.0,32.981,0.0,0.0,30.0161,0.0,0.0,65.8457,50.7253,59.3961,0.0,12.92,0.0,0,1083.51,0.0,0.0,0.0,0.0,0.001526,88.2737,0.0,106.122,18.3525,0.0,0.0,55.7211,0.0,0.0,960.912,0.0,0.0,0.0,0.0,0.0,0.0,0.0,223.478,410.850006104,0.0,0.0,0.00153,0.0,30.9773,0.0,0.0,0.21414,0.0,0.0,67.9,0.0,155.124,0.0,0.0,0,38.678,0.0,1182.78,0.0,0.0,0.0,15.7546,0.0,67.9594,0.0,0.04896
2022-09-30 03:55:00,136.097,1601.25,0.0,0,43.91,30.4419,0.0,0.0,35.649,0.0,0.0,69.839,46.8739,59.2988,0.0,12.16,0.0,0,1045.6,0.0,0.0,0.0,0.0,0.001526,88.7837,0.0,106.344,19.8783,0.0,0.0,55.5181,0.0,0.0,958.275,0.0,0.0,0.0,0.0,0.0,0.0,0.0,219.596,424.399993896,0.0,0.0,0.00153,0.0,31.8471,0.0,0.0,0.184,0.0,0.0,68.1,0.0,154.245,0.0,0.0,0,34.4262,0.0,1194.89,0.0,0.01955,0.0,15.8601,0.0,62.8299,0.0,0.05416
2022-09-30 04:00:00,135.596,1596.34,0.0,0,45.25,31.5513,0.0,0.0,42.1374,0.0,0.0,65.5009,48.3143,63.6,0.0,10.33,0.0,0,1013.27,0.0,0.0,0.0,0.0,0.001526,88.6536,0.0,105.931,21.1653,0.0,0.0,55.7519,0.0,0.0,961.644,0.0,0.0,0.0,0.0,0.0,0.0,0.0,219.62,442.029998779,0.0,0.0,0.00153,0.0,33.7881,0.0,0.0,0.184,0.0,0.0,67.5,0.0,157.014,0.0,0.0,0,28.4495,0.0,1191.54,0.0,0.0363,0.0,18.8396,0.0,49.4179,0.0,0.05024
2022-09-30 04:05:00,135.395,1612.13,0.0,0,48.18,34.71,0.0,0.0,52.8875,0.0,0.0,62.1164,51.1965,70.2996,0.0,9.6,0.0,0,983.487,0.0,0.0,0.0,0.0,0.001526,85.5537,0.0,104.3,19.9164,0.0,0.0,56.6593,0.0,0.0,936.009,0.0,0.0,0.0,0.0,0.0,0.0,0.0,224.186,566.229980469,0.0,0.0,0.00153,0.0,32.2133,0.0,0.0,0.2041,0.0,57.1,67.8,0.0,156.486,0.0,0.0,0,32.9357,0.0,1167.39,0.0,0.0,0.0,21.3446,0.0,52.3592,0.0,0.05078
2022-09-30 04:10:00,138.198,1598.63,0.0,0,52.7,37.3307,0.0,0.0,59.1142,0.0,0.0,69.9107,49.6339,68.0959,0.0,14.41,0.0,0,1004.14,0.0,0.0,0.0,0.0,0.001526,86.5337,0.0,102.922,19.4491,0.0,0.0,56.3671,0.0,0.0,921.671,0.0,0.0,0.0,0.0,0.0,0.0,0.0,218.643,501.350006104,0.0,0.0,0.00153,0.0,27.0405,0.0,0.0,0.184,0.0,113.321,68.1,0.0,150.74,0.0,0.0,0,34.1552,0.0,1163.46,0.0,0.0,0.0,20.2987,0.0,56.9155,0.0,0.05276
2022-09-30 04:15:00,138.598,1616.38,0.0,0,49.31,38.0905,0.0,0.0,54.1961,0.0,0.0,75.642,40.9131,71.8971,0.0,15.36,0.0,0,1049.31,0.0,0.0,0.0,0.0,0.001526,79.9938,0.0,101.316,20.9535,0.0,0.0,56.0441,0.0,0.0,919.254,0.0,0.0,0.0,0.0,0.0,0.0,0.0,222.989,425.5,0.0,0.0,0.00153,0.0,24.0192,0.0,0.0,0.184,0.0,117.8,68.1,0.0,146.071,0.0,0.0,0,33.4557,0.0,1140.34,0.0,0.00093,0.0,23.6561,0.0,70.9575,0.0015,0.04637
2022-09-30 04:20:00,138.895,1596.9,0.0,0,42.95,36.7613,0.0,0.0,58.4579,0.0,0.0,90.9178,39.8144,67.2994,0.0,15.17,0.0,0,1081.02,0.0,0.0,0.0,0.0,0.001526,70.9039,0.0,101.812,21.7668,0.0,0.0,56.0164,0.0,0.0,915.72,0.0,0.0,0.0,0.0,0.0,0.0,0.0,219.083,430.5,0.0,0.0,0.00153,0.0,24.77,0.0,0.0,0.19405,0.0,110.136,67.8,0.0,145.192,0.0,0.0,0,30.3246,0.0,1158.97,0.0,0.00093,0.0,25.4228,0.0,62.4296,0.0,0.05392
2022-09-30 04:25:00,137.997,1585.67,0.0,0,44.88,37.0921,0.0,0.0,63.3057,0.0,0.0,95.3582,29.7227,61.6972,0.0,15.54,0.0,0,1113.84,0.0,0.0,0.0,0.0,0.001526,72.9639,0.0,101.12,22.5944,0.0,0.0,55.4288,0.0,0.0,917.551,0.0,0.0,0.0,0.0,0.0,0.0,0.0,219.156,430.549987793,0.0,0.0,0.00153,0.0,26.7842,0.0,0.0,0.184,0.0,106.829,67.7,0.0,143.907,0.0,0.0,0,27.3179,0.0,1141.73,0.0,0.00093,0.0,25.5458,0.0,62.5846,0.0015,0.05317
2022-09-30 04:30:00,138.595,1601.15,0.0,0,43.33,37.45,0.0,0.0,62.5869,0.0,0.0,103.728,24.9448,59.197,0.0,14.96,0.0,0,1085.15,0.0,0.0,0.0,0.0,0.001526,72.3339,0.0,100.18,21.424,0.0,0.0,56.4255,0.0,0.0,914.768,0.0,0.0,0.0,0.0,0.0,0.0,0.0,219.205,454.0,0.0,0.0,0.00153,0.0,32.5154,0.0,0.0,0.184,0.0,106.529,68.0,0.0,144.797,0.0,0.0,0,23.3774,0.0,1112.31,0.0,0.00093,0.0,26.1962,0.0,58.4256,0.0,0.04664
2022-09-30 04:35:00,137.195,1613.57,0.0,0,37.94,39.4826,0.0,0.0,75.4972,0.0,0.0,113.799,27.8038,57.5995,0.0,17.54,0.0,0,1111.37,0.0,0.0,0.0,0.0,0.001526,73.4839,0.0,103.151,21.8152,0.0,0.0,56.7486,0.0,0.0,925.846,0.0,0.0,0.0,0.0,0.0,0.0,0.0,222.721,374.010009766,0.0,0.0,0.00153,0.0,35.2438,0.0,0.0,0.19405,0.0,132.132,68.0,0.0,145.104,0.0,0.0,0,27.8746,0.0,1130.48,0.0,0.01582,0.0,23.744,0.0,61.702,0.0,0.05056
2022-09-30 04:40:00,138.895,1604.59,0.0,0,34.52,39.6207,0.0,0.0,70.8409,0.0,0.0,129.656,25.6248,52.5991,0.0,17.92,0.0,0,1148.58,0.0,0.0,0.0,0.0,0.001526,73.3639,0.0,101.824,19.7418,0.0,0.0,56.3087,0.0,0.0,924.125,0.0,0.0,0.0,0.0,0.0,0.0,0.0,219.84,426.209991455,0.0,0.0,0.00153,0.0,43.9231,0.0,0.0,0.19405,0.0,129.504,68.0,0.0,142.478,0.0,0.0,0,30.4894,0.0,1130.38,0.0,0.00093,0.0,29.7998,0.0,58.8357,0.0045,0.05515
2022-09-30 04:45:00,137.599,1605.3,0.0,0,37.36,38.8504,0.0,0.0,77.8528,0.0,0.0,140.438,21.4939,54.4975,0.0,19.9,0.0,0,1179.41,0.0,0.0,0.0,0.0,0.001526,76.3438,0.0,101.399,19.7863,0.0,0.0,56.0164,0.0,0.0,924.345,0.0,0.0,0.0,0.0,0.0,0.0,0.0,220.426,356.880004883,0.0,0.0,0.00153,0.0,44.8936,0.0,0.0,0.184,0.0,130.754,68.0,0.0,142.819,0.0,0.0,0,29.3394,0.0,1154.67,0.0,0.00093,0.0,26.3632,0.0,55.7534,0.0,0.04876
2022-09-30 04:50:00,137.796,1608.35,0.0,0,41.33,34.0527,0.0,0.0,76.5441,0.0,0.0,135.329,24.9351,53.3957,0.0,20.59,0.0,0,1184.95,0.0,0.0,0.0,0.0,0.001526,72.8039,0.0,101.355,18.7341,0.0,0.0,55.6934,0.0,0.0,918.137,0.0,0.0,0.0,0.0,0.0,0.0,0.0,220.621,311.880004883,0.0,0.0,0.00153,0.0,47.0176,0.0,0.0,0.2041,0.0,131.236,68.2,0.0,147.247,0.0,0.0,0,28.1163,0.0,1141.88,0.0,0.00093,0.0,25.2558,0.0,61.2265,0.0005,0.0527
2022-09-30 04:55:00,136.594,1599.54,0.0,0,41.72,34.1343,0.0,0.0,84.9349,0.0,0.0,128.367,26.085,52.9974,0.0,20.57,0.0,0,1179.14,0.0,0.0,0.0,0.0,0.001526,70.8439,0.0,98.6123,15.9681,0.0,0.0,55.8103,0.0,0.0,918.778,0.0,0.0,0.0,0.0,0.0,0.0,0.0,218.912,385.989990234,0.0,0.0,0.00153,0.0,52.7672,0.0,0.0,0.184,0.0,130.293,67.9,0.0,144.181,0.0,0.0,0,27.1421,0.0,1167.37,0.0,0.02327,0.0,26.2577,0.0,66.2388,0.0,0.05357
2022-09-30 05:00:00,135.897,1595.73,0.0,0,36.71,37.4019,0.0,0.0,79.427,0.0,0.0,130.851,24.4053,52.9974,0.0,19.54,0.0,0,1179.36,0.0,0.0,0.0,0.0,0.001526,69.0739,0.0,98.168,15.012,0.0,0.0,55.8995,0.0,0.0,916.947,0.0,0.0,0.0,0.0,0.0,0.0,0.0,219.522,337.940002441,0.0,0.0,0.00153,0.0,56.997,0.0,0.0,0.15386,0.0,125.754,67.6,0.0,140.973,0.0,0.0,0,22.1836,0.0,1184.26,0.0,0.0,0.0,30.1513,0.0,80.7135,0.0,0.05126
2022-09-30 05:05:00,135.096,1604.42,0.0,0,24.65,37.3726,0.0,0.0,77.0051,0.0,0.0,137.531,18.884,50.8999,0.0,20.05,0.0,0,1201.26,0.0,0.0,0.0,0.0,0.001526,64.874,0.0,99.4756,16.5616,0.0,0.0,56.161,0.0,0.0,924.711,0.0,0.0,0.0,0.0,0.0,0.0,0.0,218.961,309.040008545,0.0,0.0,0.00153,0.0,55.642,0.0,0.0,0.184,0.0,169.474,68.2,0.0,138.798,0.0,0.0,0,24.9412,0.0,1172.69,0.0,0.00093,0.0,29.4482,0.0,90.5891,0.0,0.05642
2022-09-30 05:10:00,134.697,1616.85,0.0,0,20.08,38.3124,0.0,0.0,68.8096,0.0,0.0,146.586,19.5248,50.9972,0.0,18.32,0.0,0,1203.73,0.0,0.0,0.0,0.0,0.001526,64.474,0.0,99.0884,17.0814,0.0,0.0,55.8103,0.0,0.0,922.44,0.0,0.0,0.0,0.0,0.0,0.0,0.0,221.256,386.070007324,0.0,0.0,0.00153,0.0,68.5878,0.0,0.0,0.21414,0.0,172.519,68.2,0.0,136.304,0.0,0.0,0,28.856,0.0,1190.0,0.0,0.0,0.0,31.3115,0.0,91.7085,0.93549,0.05076
2022-09-30 05:15:00,133.297,1626.86,0.0,0,19.51,42.2917,0.0,0.0,61.208,0.0,0.0,155.486,20.715,45.2977,0.0,19.56,0.0,0,1203.78,0.0,0.0,0.0,0.0,0.001526,59.9341,0.0,97.3491,18.6889,0.0,0.0,56.8931,0.0,0.0,910.813,0.0,0.0,0.0,0.0,0.0,0.0,0.0,221.72,357.029998779,0.0,0.0,0.00153,0.0,74.1085,0.0,0.0,0.17395,0.0,171.433,67.6,0.0,132.613,0.0,0.0,0,27.8819,0.0,1188.44,0.0,1.97795,0.0,29.8613,0.0,94.4173,1.00248,0.05092
2022-09-30 05:20:00,132.397,1674.15,0.0,0,24.15,43.3927,0.0,0.0,57.9345,0.0,0.0,163.809,18.453,43.6958,0.0,20.16,0.0,0,1208.61,0.0,0.0,0.0,0.0,0.001526,62.784,0.0,97.4697,17.8058,0.0,0.0,55.9272,0.0,0.0,924.436,0.0,0.0,0.0,0.0,0.0,0.0,0.0,223.062,408.820007324,0.0,0.0,0.00153,0.0,78.9609,0.0,0.0,0.184,0.0,174.886,68.2,0.0,127.229,0.0,0.0,0,34.9242,0.0,1196.98,0.0,8.31484,0.0,25.2294,0.0,93.3101,1.00048,0.05614
2022-09-30 05:25:00,133.599,1719.17,0.0,0,24.13,42.8233,0.0,0.0,59.5712,0.0,0.0,166.496,18.1418,45.4968,0.0,21.94,0.0,0,1205.19,0.0,0.0,0.0,0.0,0.001526,58.7241,0.0,97.8316,18.4104,0.0,0.0,54.9305,0.0,0.0,923.521,0.0,0.0,0.0,0.0,0.0,0.0,0.0,221.72,346.690002441,0.0,0.0,0.00153,0.0,70.2998,0.0,0.0,0.21414,0.0,205.572,68.2,0.0,123.428,0.0,0.0,0,33.485,0.0,1201.45,0.0,3.82466,0.0,21.2743,0.0,97.2006,0.99648,0.054
2022-09-30 05:30:00,134.297,1707.74,0.0,0,22.15,37.7912,0.0,0.0,67.9581,0.0,0.0,180.139,21.5232,51.3999,0.0,22.1,0.0,0,1225.51,0.0,0.0,0.0,0.0,0.001526,61.2941,0.0,98.2632,20.7543,0.0,0.0,54.6967,0.0,0.0,919.236,0.0,0.0,0.0,0.0,0.0,0.0,0.0,218.228,367.619995117,0.0,0.0,0.00153,0.0,68.9723,0.0,0.0,0.2041,0.0,224.729,67.9,0.0,120.033,0.0,0.0,0,31.632,0.0,1218.4,0.0,4.38872,0.0,26.161,0.0,96.1532,1.00348,0.05271
2022-09-30 05:35:00,135.994,1662.6,0.0,0,22.42,33.3619,0.0,0.0,69.794,0.0,0.0,172.404,21.4633,58.7987,0.0,22.27,0.0,0,1251.8,0.0,0.0,0.0,0.0,0.001526,65.284,0.0,93.2231,22.2302,0.0,0.0,55.635,0.0,0.0,918.503,0.0,0.0,0.0,0.0,0.0,0.0,0.0,217.716,478.459991455,0.0,0.0,0.00153,0.0,63.772,0.0,0.0,0.1639,0.0,218.542,67.9,0.0,114.32,0.0,0.0,0,31.7967,0.0,1206.02,0.0,4.01082,0.0,27.0927,0.0,98.1295,1.00048,0.0538
2022-09-30 05:40:00,136.394,1614.53,0.0,0,24.03,27.9007,0.0,0.0,64.29,0.0,0.0,173.558,24.4724,61.5998,0.0,21.23,0.0,0,1259.57,0.0,0.0,0.5816,0.0,0.001526,71.9339,0.0,94.1372,23.2014,0.0,0.0,56.0164,0.0,0.0,920.92,0.0,0.0,0.0,0.33955,0.0,0.0,0.0,218.839,441.890014648,0.0,0.0,0.00153,0.0,66.5644,0.0,0.0,0.19405,0.0,218.982,67.7,0.0,108.673,0.0,0.0,0,39.8315,0.0,1188.93,0.0,0.25225,0.0,24.201,0.1294,90.9773,1.00348,0.04784
2022-09-30 05:45:00,136.398,1622.58,0.0,0,22.9,26.7117,0.0,0.0,58.9189,0.0,0.0,171.693,25.7847,59.9979,0.0,20.5,0.0,0,1251.46,0.0,0.0,0.65713,0.0,0.001526,69.6339,0.0,91.1728,23.5965,0.0,0.0,56.3948,0.0,0.0,911.271,0.0,0.0,0.0,0.44484,0.0,0.0,0.0,220.06,391.070007324,0.0,0.0,0.00153,0.0,63.8178,0.0,0.0,0.184,0.0,223.995,67.1,0.0,105.168,0.0,0.0,0,44.889,0.0,1204.8,0.0,0.0,0.47303,23.5594,0.20997,101.96,0.0455,0.05145
2022-09-30 05:50:00,135.896,1630.81,0.61199,0,22.78,28.581,0.0,0.0,57.2782,0.0,0.0,171.958,28.0333,61.8963,0.0,18.46,0.0,0,1258.64,0.0,0.0,1.13046,0.0,0.001526,76.2538,0.0,91.1664,23.76,0.0,0.0,56.1333,0.0,0.0,906.876,0.0,0.0,0.0,0.5238,0.0,0.0,0.398,218.57,457.570007324,0.17,0.0,0.09918,0.0,85.7084,0.31778,0.0,0.15386,0.0,212.789,67.1,0.0,105.047,0.0,0.0,0,50.6716,0.0,1192.2,0.0,0.01955,0.85145,24.0253,0.41993,92.3873,0.97049,0.05416
2022-09-30 05:55:00,136.299,1615.82,1.07132,0,23.19,28.8113,0.60243,0.0,54.9852,0.0,0.0,169.973,27.324,62.299,0.0,19.73,0.0,0,1258.69,0.0,0.0,2.43969,0.37232,0.001526,76.4938,0.0,95.686,25.216,0.0,0.0,55.8688,0.0,0.0,917.734,0.0,0.0,0.0,0.67121,0.0,0.30152,1.132,218.888,497.670013428,0.66,0.0,0.3006,0.0,91.4031,0.79706,0.0,0.17395,0.0,213.772,67.7,0.0,106.091,0.0,0.0,0,53.4438,0.0,1187.37,0.0,0.00093,1.4313,25.0888,0.62014,96.0153,0.99348,0.05864
2022-09-30 06:00:00,135.497,1643.8,1.36072,0,21.98,27.75,1.88052,0.0,46.3327,0.0,0.0,173.793,27.4449,59.0996,0.0,23.05,0.0,0,1258.73,0.0,0.0,3.81941,0.95583,0.099184,74.7539,0.0,95.0766,23.8512,0.0,0.09486,56.2194,0.0,0.16166,917.075,0.0,0.0,0.533,1.25555,0.171001,0.81666,2.324,219.083,483.940002441,1.23,0.0,0.89876,0.0,96.3928,1.65523,0.0,0.17395,0.0,218.537,67.7,0.0,104.443,0.0,2.65324,0,53.2021,0.0,1204.19,0.38209,0.00093,2.36515,22.285,0.8594,89.8958,1.00448,0.05441
2022-09-30 06:05:00,135.999,1625.42,1.66075,0,21.25,24.0115,2.98283,0.0,41.0241,0.0,0.0,173.954,26.3133,60.1971,0.29974,21.63,0.0,0,1295.53,0.0,0.0,5.44083,1.88357,0.300603,73.5439,0.0,95.083,22.561,0.0,0.42378,55.8688,0.0,0.54566,922.44,0.0,0.0,1.266,1.10288,0.321001,1.49538,4.006,221.207,492.730010986,2.15,0.0,1.89975,0.0,116.535,3.37523,0.0,0.17395,0.0,287.24,68.3,0.0,100.114,0.0,3.85809,0,49.7597,0.0,1194.1,0.66773,0.00093,4.04364,19.5955,1.13041,97.3068,0.0295,0.05043
2022-09-30 06:10:00,133.697,1676.59,2.57144,0,20.57,20.1997,4.09247,0.0,32.7036,0.0,0.0,168.165,26.3352,64.0956,0.70416,20.13,2.20188,0,1317.4,0.0,2.01724,10.9799,3.89044,0.59968,67.744,0.0,97.876,20.6337,0.0,1.5312,55.7519,0.0,1.20352,918.375,0.0,0.0,2.434,2.13996,0.422001,2.35966,6.82,222.623,403.220001221,3.4,1.25,3.49889,0.0,122.376,5.81751,0.0,0.14381,0.0,333.941,67.7,0.0,101.037,0.0,8.31006,0,45.5555,0.0,1198.38,1.13161,0.0,6.32029,17.864,1.49052,94.0841,0.94549,0.04984
2022-09-30 06:15:00,134.796,1718.63,3.95207,0,19.11,17.2817,5.17281,0.0,29.8833,0.0,0.0,158.373,22.0334,72.5962,1.32819,21.59,4.81703,0,1320.16,0.0,3.94598,8.1902,6.70542,1.20089,77.2238,0.0,100.44,27.3298,0.0,3.60269,56.2779,1.4,2.11443,918.412,0.0,0.23099,3.739,3.40867,0.572001,3.60235,9.694,218.155,439.190002441,5.22,2.0,5.79995,0.0,124.674,9.01074,0.0,0.17395,0.0,344.382,67.7,0.0,96.39,0.0,12.2066,0,45.3468,0.0,1216.71,1.84695,0.0,9.80545,14.1111,1.88971,99.7678,1.00048,0.05422
2022-09-30 06:20:00,131.999,1747.98,6.26198,0,20.84,16.0614,4.11078,0.0,32.438,4.80316,0.0,162.141,22.7744,66.0957,2.18048,21.96,8.28583,0,1318.21,0.0,7.32738,17.8734,10.1454,2.00046,77.5438,0.0,100.371,30.2752,0.0,5.85779,56.2779,5.59,3.05651,913.248,2.38178,0.48588,5.207,2.60849,0.673001,5.1136,12.856,218.619,381.190002441,8.01,3.25,8.69917,0.104,127.228,9.88862,0.0,0.15386,0.0,342.562,67.7,0.0,94.1048,2.54063,16.1288,0,38.7146,0.0,1221.25,1.16335,0.0,14.1085,15.5613,2.34016,99.382,0.0365,0.04941
2022-09-30 06:25:00,131.796,1756.15,6.15047,0,17.07,16.9405,5.10323,0.0,34.6021,10.0973,0.0,141.3,25.5625,74.9991,3.35603,23.37,20.2911,0,1312.13,0.0,12.0516,23.5937,14.5498,3.00145,88.3137,0.0,99.0186,33.7085,0.0,8.33408,56.1333,7.6,2.8,908.103,5.20165,0.7921,6.787,3.1244,0.873001,6.73228,16.128,221.5,350.790008545,11.36,4.25,11.7998,1.178,128.171,14.1914,0.0,0.17395,0.0,273.658,67.1,0.0,96.8624,4.38087,22.4521,0,35.7153,0.0,1206.95,1.14626,0.00093,19.1989,16.2029,2.83944,102.551,0.97249,0.04887
2022-09-30 06:30:00,135.697,1744.05,4.21227,0,15.98,15.4816,6.68162,0.0,41.4186,15.5974,0.0,135.294,24.8838,78.7958,4.64179,21.11,31.3615,0,1291.96,0.0,16.4157,37.2399,18.7759,4.20081,84.2837,0.0,99.7041,32.1977,0.0,11.3889,56.0441,10.62,2.50918,919.657,8.77684,1.1585,8.498,3.11913,1.074,8.40711,19.744,221.622,408.959991455,14.75,5.75,15.1995,2.059,113.092,21.8588,0.0,0.17395,0.0,271.175,67.7,0.0,92.4239,6.23026,28.5362,0,46.786,0.0,1190.1,1.66384,0.00093,24.8936,16.7918,3.33995,98.4579,0.99748,0.05061
2022-09-30 06:35:00,134.395,1796.71,5.24244,0,14.47,16.0028,12.2225,1.29998,42.403,22.9034,0.0,111.225,29.5042,79.7959,6.1015,18.37,44.2476,0,1263.52,0.0,5.33761,37.7837,23.6466,5.59854,83.6937,0.295,98.3013,30.0903,0.0,14.3846,56.807,13.64,2.21466,926.798,13.2181,1.55676,10.44,3.9667,1.325,10.2724,23.068,220.719,337.75,18.49,7.75,18.999,2.464,100.595,26.0139,0.0,0.14381,0.0,292.112,68.3,0.0,92.9403,23.0762,34.7399,0,54.3484,0.0,1159.53,3.17998,0.65808,30.7591,15.6667,3.91003,97.6254,0.99948,0.0543
2022-09-30 06:40:00,132.297,1783.5,9.58082,0,14.67,15.7516,22.8318,1.89997,48.1687,32.5029,0.0,121.18,36.4538,63.9982,7.85382,19.63,55.3857,0,1285.86,0.0,6.07614,23.2513,26.2541,7.10002,83.1537,0.275,97.8316,26.7331,0.0,18.3644,55.7795,16.7,2.57523,905.612,18.9384,2.00635,12.428,3.29812,1.575,11.4101,26.768,219.962,290.380004883,22.57,9.75,22.4994,2.992,105.502,32.6211,0.0,0.12371,0.0,272.49,67.1,0.0,94.0938,32.1584,37.9699,0,51.0414,0.0,1155.31,5.49935,0.00093,36.9787,18.0222,4.49965,97.0834,2.96345,0.05148
2022-09-30 06:45:00,131.995,1799.51,25.3519,0,16.44,14.1021,31.8627,2.59996,42.4694,39.3008,0.0,131.295,44.0858,70.4987,9.54624,18.63,68.9221,0,1262.52,0.0,7.74243,21.6551,34.1326,8.59846,80.5738,0.0,98.5552,30.3101,0.0,22.6744,56.4563,19.77,3.51002,915.445,25.0616,2.49488,15.001,3.91405,1.877,14.0297,30.618,218.766,303.059997559,26.71,12.0,26.2989,3.503,107.434,36.8778,0.0,0.17395,0.0,174.885,67.4,0.0,99.62,42.2934,47.5575,0,48.3461,0.0,1131.38,4.70588,0.00093,43.7293,18.1014,5.0795,94.9606,0.0925,0.06039
2022-09-30 06:50:00,129.399,1796.95,32.7808,0,16.95,12.1931,25.6297,3.39995,49.282,45.5974,0.0,136.432,46.4259,62.8964,11.4161,18.13,82.7431,0,1215.74,0.0,9.15236,34.0776,38.8275,9.99924,86.1137,0.0,101.24,24.5566,0.0,26.923,56.3363,22.78,4.15501,911.087,32.6349,3.00642,16.767,4.02987,2.228,15.7192,34.07,219.644,390.119995117,31.09,14.25,30.0008,4.004,120.883,18.1948,0.0,0.13376,0.0,133.393,67.7,0.0,105.707,53.9574,54.6755,0,51.0451,0.0,1104.28,3.94903,0.00093,50.5837,19.1297,5.68011,107.784,0.94549,0.05321
2022-09-30 06:55:00,129.594,1750.42,36.7608,0,15.71,13.1099,10.5013,4.29993,49.8719,52.9995,0.0,135.557,43.6353,69.596,13.1927,18.71,96.3338,0,1184.27,0.0,10.5379,15.5521,44.3207,11.5984,91.7836,0.43499,100.041,25.2747,0.0,31.4911,55.8103,25.81,4.76979,909.366,40.4097,3.58877,18.689,4.53525,2.53,17.875,37.864,221.744,406.309997559,35.97,16.5,33.901,4.546,117.661,14.9413,0.0,0.12371,0.0,114.852,67.0,0.0,100.873,63.9094,62.2208,0,45.0465,0.0,1080.99,3.71466,0.0,57.6333,17.8465,6.26972,94.4637,0.0125,0.04895
2022-09-30 07:00:00,130.893,1689.77,40.9717,0,15.05,9.49072,9.91165,5.29992,50.5945,59.9004,0.0,129.148,45.2943,66.7993,15.212,17.25,110.263,0,1140.11,0.0,12.7108,18.9661,49.2305,12.9992,86.5437,0.45499,101.018,24.4757,0.0,36.7493,55.6042,28.84,5.22163,915.372,48.4161,4.22953,20.665,4.8669,2.881,19.7256,41.086,220.182,373.839996338,40.79,18.75,37.4014,5.066,113.568,16.3852,0.0,0.15386,0.0,95.7013,68.0,0.0,101.587,80.6638,69.9541,0,38.5718,0.0,1051.23,3.80255,0.01582,64.683,16.6423,6.86056,107.01,0.0,0.0557
2022-09-30 07:05:00,130.996,1635.79,45.3898,0,17.05,9.35256,13.6617,6.3999,58.1962,67.5978,0.0,131.867,56.354,65.5957,17.0353,14.71,125.358,0,1101.14,0.0,15.6283,21.3882,53.8863,14.5006,79.6738,0.46499,98.1363,25.5254,0.0,41.3921,56.161,31.99,5.69293,917.881,55.6672,4.79063,22.673,4.7195,3.105,21.5225,44.684,222.867,482.149993896,45.67,21.25,40.9995,5.281,120.298,19.4984,0.0,0.1639,0.0,125.482,67.7,0.0,100.477,83.8224,76.7645,0,37.6672,0.0,1032.06,3.9588,0.00093,71.6777,19.8152,7.45018,106.168,0.0,0.04503
2022-09-30 07:10:00,124.796,1643.82,49.76,0,24.14,8.40433,14.211,7.59988,58.4579,75.8034,0.0,135.006,57.2647,66.2993,18.774,15.97,139.369,0,1098.77,0.0,18.4848,25.3561,56.0397,15.9991,76.7938,0.68499,97.5586,21.9897,0.0,46.3237,56.161,33.93,6.04902,910.611,61.5788,4.98711,23.445,5.17224,0.811001,2.60868,47.412,219.742,364.910003662,50.22,23.5,42.2019,6.106,117.642,20.7166,0.0,0.15386,0.0,108.09,67.7,0.0,103.74,95.761,76.2091,0,35.3051,0.0,1000.76,4.08331,0.00093,73.9544,21.9598,8.06055,95.2181,3.68344,0.04761
2022-09-30 07:15:00,121.698,1628.17,53.6895,0,28.05,6.7423,16.4413,8.99986,61.2119,84.5994,0.0,140.626,57.4221,64.3965,20.7555,15.22,152.038,0,1098.16,0.0,16.2386,26.6352,59.1452,17.5006,72.3139,0.67499,99.1329,19.461,0.0,50.9194,56.9823,35.79,6.13811,922.221,72.9288,6.17127,25.767,5.21962,1.593,9.20302,49.292,221.793,285.880004883,54.88,26.25,43.1998,6.719,110.373,22.8577,0.0,0.14381,0.0,122.432,67.7,0.0,102.455,116.361,18.3078,0,37.6928,0.0,980.084,4.91096,0.01396,85.2338,21.7225,8.65017,106.897,2.88646,0.0551
2022-09-30 07:20:00,115.297,1666.94,57.9111,0,30.17,3.41302,20.6711,9.09986,65.8643,94.501,0.0,135.003,39.0246,65.5957,22.5219,18.01,165.114,0,1116.23,0.0,17.4777,28.2566,60.3488,18.5992,76.3639,0.74499,92.8422,18.1644,0.0,55.595,56.0441,37.99,7.49926,929.417,80.0188,6.84211,6.845,5.72499,1.53,1.16091,50.022,236.124,200.740005493,59.35,29.0,42.9007,7.27,107.425,26.182,0.0,0.14381,0.0,130.848,67.7,0.0,103.85,120.398,77.8839,0,47.35,0.0,952.91,6.88121,7.09363,93.022,22.7508,9.21049,95.0631,2.91046,0.04742
2022-09-30 07:25:00,107.998,1633.84,62.0397,0,26.59,0.51598,26.5013,10.9998,72.3488,106.401,0.0,141.802,34.3249,65.6975,24.3292,20.47,178.826,0,1119.33,0.0,18.735,35.7645,59.6652,20.0,75.5539,0.89499,90.8173,18.7103,0.0,60.4385,55.5765,39.0,16.0794,920.206,85.9606,7.3395,2.959,5.99348,2.71,0.0,51.074,225.748,171.779998779,64.04,31.5,42.9007,7.514,85.1957,34.4905,82.6963,0.08352,0.0,126.905,68.0,0.0,105.058,142.033,98.7338,0,46.2001,0.0,924.979,7.15465,6.23171,100.566,24.913,9.79034,98.8766,2.89946,0.04942
2022-09-30 07:30:00,101.295,1616.53,64.6416,0,21.59,0.0,34.2028,12.9998,78.4465,111.001,0.0,127.784,30.8836,65.8966,26.0813,21.19,191.834,0,1084.73,0.0,19.3881,34.5962,54.7579,21.3001,72.6739,0.77499,82.8445,19.1015,0.0,65.0752,55.6042,41.01,29.7923,900.833,97.5724,8.44224,0.0,10.1102,4.901,0.0,51.79,220.792,93.0999984741,68.45,34.25,40.7004,8.308,85.4978,46.4374,80.0565,0.12371,0.0,104.231,66.8,0.0,101.762,158.421,104.98,0,45.3504,0.0,901.566,13.9541,0.0,107.182,25.3349,10.3201,110.521,2.71846,0.05064
2022-09-30 07:35:00,102.997,1638.11,51.1698,0,21.22,0.0,37.8027,13.0998,76.4777,116.501,0.0,136.878,28.8048,74.2999,27.4145,19.68,203.853,0,1109.0,0.0,13.9681,36.1522,53.6007,22.3987,77.2938,0.95499,74.0973,22.2405,0.0,69.1323,56.7486,42.02,29.8527,929.069,102.175,9.27416,0.0,14.7586,4.054,0.48463,52.24,225.919,65.4100036621,72.66,37.0,37.9019,7.157,87.6127,52.8047,81.4267,0.12371,0.0,105.61,67.9,0.0,97.0053,165.132,118.618,0,49.3935,0.0,875.759,18.8589,0.09401,114.086,22.285,10.8805,113.773,1.02048,0.04711
2022-09-30 07:40:00,96.7942,1605.64,31.2621,0,22.11,0.0,71.502,15.6998,80.8059,120.601,0.0,140.792,34.9035,72.698,27.9265,17.35,216.739,0,1092.57,0.0,17.1115,36.8119,50.1973,22.7985,74.1639,0.72499,74.4147,23.5481,0.0,73.6379,55.1643,43.03,29.8527,912.204,96.1222,8.8405,0.0,18.5964,4.728,0.0,52.62,218.277,17.5599994659,76.75,39.75,36.9009,4.648,83.447,76.1335,80.9384,0.08352,0.0,91.2727,67.9,0.0,88.7984,169.847,117.012,0,44.5594,0.0,897.83,22.5577,0.0,121.306,21.4588,11.4005,99.7946,0.1235,0.05512
2022-09-30 07:45:00,104.794,1595.68,26.9105,0,25.35,0.0,99.36,13.0998,79.759,124.398,0.0,138.155,27.0347,75.6982,28.4692,17.16,223.717,0,1093.03,0.0,22.5681,31.6656,46.977,23.1983,69.6739,0.96499,70.8917,30.8266,0.0,78.1066,57.2161,44.04,29.8527,919.987,99.8283,7.4634,0.0,25.1821,3.429,0.0,52.984,218.595,0.0,80.46,42.5,34.0993,7.331,96.7498,85.7705,80.7431,0.13376,0.0,90.013,67.9,0.0,81.3056,156.077,117.935,0,43.4681,0.0,876.37,29.9602,0.00093,127.514,21.9686,11.89,96.3619,0.1285,0.05303
2022-09-30 07:50:00,109.696,1595.95,37.2705,0,28.45,0.0,89.7908,18.4997,81.4583,126.897,0.0,119.757,29.8131,78.0967,28.7826,15.68,232.484,0,1094.74,0.0,36.936,26.7862,33.7127,23.9002,79.6238,1.01498,85.9676,28.4399,0.0,82.2231,55.838,46.05,29.8527,917.972,101.54,10.1079,0.0,22.2709,2.529,0.0,53.314,220.45,0.0,84.37,45.25,24.4007,7.297,100.247,90.5671,80.7431,0.08352,0.0,91.6397,67.4,0.0,75.0323,160.664,125.54,0,34.3566,0.0,866.994,7.7528,0.00093,132.171,22.3026,12.3905,105.498,0.0,0.05261
2022-09-30 07:55:00,112.694,1611.3,37.6396,0,31.46,0.0,71.3701,19.8997,87.1615,128.902,0.0,126.763,44.6925,86.5,29.0857,14.71,228.338,0,1104.05,0.0,68.9189,28.9615,34.3426,24.3,75.1139,1.12498,95.375,28.2962,0.0,84.9551,55.5765,46.05,29.8527,923.942,107.422,10.1981,0.0,24.2819,2.81,0.17212,53.602,222.501,0.0,87.58,47.75,24.8005,3.071,109.924,90.2698,81.3291,0.04333,0.0,96.1873,67.7,0.0,68.8689,159.94,127.001,0,34.4408,0.0,838.014,21.7081,0.0,135.882,19.7361,12.9203,110.996,0.0,0.05702
2022-09-30 08:00:00,114.398,1596.34,38.391,0,36.87,3.44127,86.2788,21.4997,84.1458,130.399,0.0,115.496,45.6727,82.9997,29.2915,16.97,223.907,0,1114.62,0.0,89.6956,38.1513,29.6843,24.6998,75.5938,2.29497,92.0488,28.5565,0.0,84.9388,56.0164,47.2,29.8527,918.156,111.37,13.0939,0.0,23.1342,2.323,0.0,53.8,220.792,0.0,91.17,50.5,21.6999,2.977,116.69,79.2083,81.2314,0.14381,0.0,96.3113,67.7,0.0,59.2447,166.789,126.36,0,33.1481,0.0,873.171,20.2237,0.0,139.77,22.3114,13.2695,115.179,0.0,0.05281
2022-09-30 08:05:00,104.793,1611.65,42.6603,0,38.17,3.19009,88.4395,22.8997,81.6575,132.102,0.0,129.537,41.9641,88.6992,29.7093,17.32,238.88,0,1118.5,0.0,94.7982,56.8782,31.4055,24.9989,74.2939,1.53498,83.5999,26.3173,0.0,84.951,56.4255,48.05,26.8974,920.188,116.748,14.1011,0.0,37.8534,1.865,0.22339,54.062,221.573,0.0,93.87,53.0,22.4018,2.178,117.157,79.5984,81.0361,0.00565,0.0,81.8848,67.7,0.0,49.6315,172.74,130.257,0,36.6601,0.0,905.643,19.064,0.0,142.974,21.3973,13.8896,100.797,0.0,0.05253
2022-09-30 08:10:00,107.694,1609.91,40.1805,0,35.17,11.0899,88.4102,24.4996,65.8643,133.702,0.0,140.71,47.3048,82.8979,29.8199,16.52,235.872,0,1111.78,0.0,85.5329,33.856,24.1349,25.3986,82.1137,1.62498,85.0155,25.1581,0.0,84.9879,56.5424,48.05,26.5308,920.316,120.957,14.9135,0.0,28.0512,2.374,0.0,54.224,221.207,0.0,97.06,55.5,17.3999,4.398,123.429,79.6592,81.3291,0.04333,0.0,61.2931,67.9,0.0,38.9197,180.641,134.401,0,35.5541,0.0,847.536,19.7745,2.16783,144.408,20.7908,14.1996,95.4147,0.0,0.05386
2022-09-30 08:15:00,104.895,1596.44,31.5807,0,47.6,16.3314,90.721,25.8996,68.0909,135.302,0.0,133.889,60.9842,86.8982,30.1404,17.22,244.612,0,1123.67,0.0,115.532,28.2415,22.8678,25.6001,81.7138,1.67497,86.2088,26.9442,0.0,84.9633,56.1333,48.05,27.1852,920.444,125.348,15.041,0.0,25.5874,2.976,0.0,54.296,219.913,0.0,99.64,58.0,16.6003,5.592,129.279,81.2378,0.0,0.12371,0.0,86.6936,67.6,0.0,34.2834,183.177,133.119,0,37.0849,0.0,799.316,18.8345,0.0,145.678,20.9403,14.5695,102.426,0.0,0.05044
2022-09-30 08:20:00,102.398,1592.5,32.8206,0,46.15,21.1019,88.26,27.2996,64.4854,136.6,0.0,143.183,56.0952,90.7968,19.0863,15.75,242.918,0,1137.66,0.0,108.025,36.3838,19.7159,25.8991,73.8739,1.32498,85.7835,23.8282,0.0,84.9879,56.5148,49.05,26.5728,909.989,129.93,16.2853,0.0,25.8507,3.112,0.0,54.32,220.45,0.0,100.59,60.5,14.699,2.984,129.828,79.582,0.0,0.14381,0.0,78.0397,67.0,0.0,28.7242,186.976,134.273,0,41.6846,0.0,739.818,19.606,0.0,145.684,21.0106,14.9797,107.328,0.0,0.05706
2022-09-30 08:25:00,108.697,1597.41,45.4906,0,37.51,15.7327,88.9998,28.6996,78.4426,137.499,0.0,167.172,55.3542,92.3986,17.9947,16.88,248.609,0,1151.04,0.0,105.565,38.0758,15.9243,26.1006,77.7538,0.99498,86.7357,28.8715,0.0,85.0371,56.3671,49.05,26.5728,922.239,133.808,17.1987,0.0,29.5936,3.789,0.0,54.434,218.814,0.0,101.48,62.75,11.5007,3.985,138.59,80.03,0.0,0.12371,0.0,-0.20745,67.9,0.0,25.8787,189.476,138.972,0,50.4408,0.0,683.126,21.3834,0.0,146.612,21.3533,15.4094,110.975,0.0,0.05456
2022-09-30 08:30:00,109.395,1602.73,49.9618,0,46.2,18.7512,82.0014,30.0995,71.1066,138.701,0.0,175.811,63.5636,94.6997,21.8245,20.99,227.715,0,1166.23,0.0,104.698,38.8059,19.4546,26.2989,74.1939,1.07498,91.9789,26.0547,0.0,84.9838,57.0131,49.05,25.8806,910.355,138.461,17.8394,0.0,31.2203,2.416,0.0,54.46,218.35,0.0,102.15,65.5,14.0001,3.694,147.214,77.4282,0.0,0.12371,0.0,0.0,67.6,0.0,20.726,190.703,137.554,0,52.499,0.0,624.653,25.4386,0.0,146.825,19.6131,15.8904,107.377,0.0,0.05185
2022-09-30 08:35:00,120.594,1621.51,42.5913,0,55.19,22.2804,74.7723,31.4995,76.2199,127.598,0.0,167.361,60.8438,104.4,4.30131,20.45,213.067,0,1181.49,0.0,111.485,47.5878,18.1729,26.5003,75.5039,1.92497,90.684,26.6434,0.0,84.9428,55.9272,49.05,25.8806,922.294,142.62,18.5103,0.0,35.2528,2.113,0.16968,54.566,226.163,0.0,102.52,67.75,12.8008,3.54,145.832,77.4633,0.0,0.08352,0.0,0.0,67.8,0.0,16.9467,192.204,136.922,0,53.0336,0.0,588.739,25.9855,0.00093,147.167,20.3426,16.4397,102.933,0.0,0.05492
2022-09-30 08:40:00,122.696,1586.89,38.8211,0,59.35,22.9628,76.7315,32.6995,80.8723,102.7,0.0,156.712,46.9142,94.4961,16.0845,22.79,214.625,0,1206.81,0.0,112.822,76.1691,17.4868,26.6987,77.1338,1.42498,89.3891,25.2882,0.0,84.9428,56.1025,49.05,27.6419,918.119,146.678,19.2236,0.0,53.2569,2.463,0.0,54.694,219.254,0.0,102.69,70.25,12.5994,4.641,152.836,83.0708,0.0,0.12371,0.0,0.0,68.1,0.0,15.5953,192.323,134.708,0,43.0762,0.0,565.715,27.4504,0.00093,148.058,20.202,16.8401,92.3604,0.0,0.05001
2022-09-30 08:45:00,115.696,1553.88,76.2602,0,57.53,23.5196,86.8391,34.0995,95.9429,103.503,0.0,131.809,54.9429,102.997,7.67514,20.54,171.591,0,1190.11,0.0,123.87,61.818,9.66934,27.0985,73.1939,1.79497,94.2641,30.7774,0.0,84.9388,56.6316,49.76,26.3219,907.59,149.438,19.944,0.0,56.047,2.665,0.0,54.8,219.962,9.53999996185,102.83,72.0,7.3991,4.047,137.574,78.7269,0.0,0.12371,0.0,0.0,67.2,0.0,15.5404,192.57,137.494,0,37.6233,0.0,562.761,26.1637,0.0,148.766,22.3993,0.20997,98.8949,0.0,0.05078
2022-09-30 08:50:00,115.396,1594.12,80.2906,0,52.46,23.9717,85.4218,35.2995,93.7788,89.303,0.0,123.384,49.1347,97.4964,8.50586,20.79,181.347,0,1164.81,0.0,112.657,42.1898,8.58045,27.0985,76.0039,2.02497,95.8511,28.5311,0.0,84.9674,55.7519,50.08,25.7597,923.649,152.248,20.76,0.0,60.785,2.665,0.32349,54.896,227.872,0.0,102.73,74.25,5.79995,6.572,135.477,76.9441,0.0,0.12371,0.0,0.0,67.8,0.0,16.4743,193.248,142.784,0,39.1797,0.0,550.09,26.2736,0.00093,149.566,21.3006,0.19044,98.3603,0.0,0.0551
2022-09-30 08:55:00,111.196,1635.5,83.3891,0,65.18,26.1633,83.6494,36.5994,101.185,93.9998,0.0,121.866,50.7643,88.3983,30.2551,20.99,171.374,0,1169.74,0.0,87.0344,69.4971,13.6709,27.0985,77.9138,2.41496,97.4444,32.0382,0.0,84.9428,55.7211,50.08,25.131,938.701,155.39,21.7123,0.0,41.4542,3.84,0.80201,54.958,235.221,0.0,102.87,76.25,8.5008,8.843,107.425,75.2464,0.0,0.08352,0.0,0.0,67.8,0.0,15.859,195.061,143.553,0,42.6441,0.0,531.486,25.9709,0.92801,150.072,24.078,0.2002,101.109,0.0,0.04936
2022-09-30 09:00:00,105.996,1598.02,83.4396,0,64.76,26.0021,82.84,37.7994,97.7124,78.502,0.0,107.677,56.9827,87.3983,30.2551,24.47,177.851,0,1149.31,0.0,77.0916,43.1062,13.7343,27.0985,81.5438,3.21495,94.9687,30.7473,0.0,84.9633,56.2502,50.08,24.9006,927.366,159.74,22.8593,0.0,42.4439,3.231,0.29175,54.97,224.332,51.5200004578,102.78,78.25,8.69917,14.748,116.535,74.4994,0.0,0.14381,0.0,0.0,68.1,0.0,15.2548,195.033,143.125,0,40.3186,0.0,526.823,25.1798,0.00093,150.61,24.1571,0.2002,113.793,0.0,0.04917
2022-09-30 09:05:00,107.496,1531.1,83.3891,0,69.67,26.2931,82.2907,38.9994,95.2866,78.7972,0.0,112.992,68.604,83.5971,30.2561,24.3,139.829,0,1112.91,0.0,75.816,33.9215,11.2929,27.1992,85.0237,3.22495,98.9488,33.2173,0.0,85.0002,57.3053,50.5,24.7368,917.038,156.105,15.8322,0.0,35.4265,5.683,0.0,55.044,218.009,124.650001526,102.81,80.25,8.10102,12.136,108.487,74.1243,0.0,0.12371,0.0,0.0,67.8,9.4,16.3644,166.642,143.467,0,39.6667,0.0,547.795,24.6329,1.11975,151.305,22.2059,0.20997,118.203,0.0,0.05482
2022-09-30 09:10:00,97.7954,1506.03,83.421,0,68.75,29.4141,82.7595,40.0994,88.7357,72.8027,0.0,132.483,69.6635,85.7964,30.2561,20.89,136.239,0,1087.47,0.0,77.525,31.2023,2.61845,27.1992,84.0337,3.61494,98.187,32.915,0.0,84.9592,55.7795,50.5,24.7368,912.882,154.655,22.4398,0.0,50.7037,7.996,0.0,55.01,219.01,138.130004883,103.02,82.25,2.69932,10.381,115.381,74.597,0.0,0.00565,0.0,0.0,67.2,19.3,15.5074,165.251,142.51,0,33.4813,0.0,549.382,24.3619,0.0,151.427,19.2088,0.20997,116.066,0.0,0.05484
2022-09-30 09:15:00,93.7987,1480.98,83.3705,0,65.22,25.4516,83.5688,41.1994,93.9116,83.5008,0.0,131.85,75.0042,89.0975,27.9122,18.25,127.323,0,1071.18,0.0,87.9622,31.5901,3.42901,27.1992,92.5136,1.13498,92.4614,33.4062,0.0,84.9961,56.161,50.5,25.044,910.025,156.276,25.1745,0.0,48.7138,5.589,0.0,55.056,218.131,74.9800033569,103.07,84.0,2.69932,7.799,135.505,75.1489,0.0,0.12371,0.0,0.0,67.8,29.1,13.9034,194.218,142.16,0,38.916,0.0,564.983,25.0309,0.0,151.989,17.8025,0.2002,107.998,0.0,0.04851
2022-09-30 09:20:00,92.8969,1446.43,81.5093,0,80.1,19.3708,83.4296,42.2994,96.1382,87.2019,0.0,141.75,72.6751,91.3986,28.673,16.69,114.979,0,1054.63,0.0,69.4682,39.9993,5.01106,27.0985,89.1036,1.99497,99.0948,31.0297,0.0,84.9346,55.4012,50.5,25.044,914.731,139.518,24.7603,0.0,59.3952,9.501,0.0,55.256,229.996,17.6499996185,102.97,85.5,4.1001,5.967,148.634,75.1049,0.0,0.12371,0.0,0.0,67.8,39.1,14.4088,194.658,141.613,0,44.6912,0.0,536.589,24.9992,0.0,152.032,21.4852,0.19044,114.485,0.0,0.0
2022-09-30 09:25:00,88.0948,1418.72,83.4103,0,90.66,21.5812,83.6017,43.3993,100.201,103.997,0.0,136.622,68.5051,92.3986,30.292,20.86,120.697,0,1049.53,0.0,74.4121,50.1206,3.83673,27.1992,82.8437,2.24497,91.7758,35.013,0.0,84.9715,56.4255,50.5,25.044,921.158,159.156,18.8501,0.0,54.2361,7.247,0.31373,55.246,248.6,20.7999992371,102.7,87.25,2.40024,5.23,139.149,75.2739,0.0,0.08352,0.0,0.0,68.1,48.8,16.5951,142.71,141.596,0,36.0302,0.0,562.542,25.2897,0.00093,152.496,16.3962,0.20997,114.173,0.0,0.0
2022-09-30 09:30:00,88.1948,1377.19,83.1714,0,91.52,16.8715,83.7006,44.3993,99.1539,99.3008,0.0,139.573,60.4849,110.396,28.3709,20.42,124.193,0,1022.94,0.0,94.9508,38.6448,5.85336,27.0985,83.3537,3.03495,82.5144,30.8901,0.0,85.0575,56.6316,50.31,25.038,912.131,173.568,27.9482,0.0,69.787,9.368,0.0,55.166,259.464,96.5299987793,102.84,89.0,4.39918,18.271,131.531,75.2819,0.0,0.12371,0.0,0.0,67.5,49.7,15.8041,183.168,141.331,0,30.7823,0.0,538.517,25.0797,0.0,152.563,21.494,0.2002,107.879,0.2545,0.0
2022-09-30 09:35:00,89.4939,1355.73,83.2192,0,82.96,14.6526,84.8798,45.3993,100.728,96.1009,0.0,137.243,68.0131,107.099,30.2572,24.44,184.07,0,1043.01,0.0,117.253,44.7478,5.05501,22.8992,91.1536,9.40486,83.346,29.9022,0.0,85.0207,56.5732,50.31,25.3839,921.287,145.561,12.6762,0.0,85.2958,4.929,0.19898,55.152,278.508,0.0,102.86,90.5,3.19982,14.449,126.798,76.3262,0.0,0.12371,0.0,0.0,68.1,49.7,14.211,182.985,142.425,0,28.0174,0.0,564.446,25.3654,0.0,152.404,21.9422,0.19044,99.863,0.2555,0.0
2022-09-30 09:40:00,87.7976,1312.08,83.3599,0,82.04,16.4109,83.9606,46.2993,107.939,91.8025,0.0,134.859,60.7364,110.497,23.1168,23.43,183.379,0,1005.46,0.0,115.337,38.3829,6.75669,19.7009,84.9237,9.85485,91.268,32.4731,0.0,84.951,56.6901,50.31,25.2723,915.72,156.024,25.3055,0.0,59.6847,5.86,0.0,55.122,275.871,0.0,102.82,92.0,5.10109,14.539,122.559,75.5452,0.0,0.08352,0.0,0.0,68.1,49.7,14.0462,143.735,140.041,0,22.601,0.0,552.654,24.9088,0.0,152.404,20.5887,0.19044,107.61,0.0,0.0
2022-09-30 09:45:00,86.8964,1292.7,82.8607,0,95.48,13.2795,83.8508,47.1993,113.701,83.1025,0.0,128.997,60.264,95.2971,10.5718,22.09,260.479,0,966.494,0.0,123.79,53.8066,4.63508,15.4986,88.2137,7.98488,92.017,32.4278,0.0,84.947,56.161,50.31,25.1607,907.883,150.868,27.7145,0.0,55.7312,9.752,0.0,55.046,274.284,26.3799991608,102.83,93.5,3.70031,17.358,120.014,75.4373,0.0,0.12371,0.0,0.0,66.9,49.7,16.0238,155.244,140.143,0,19.7153,0.0,536.1,24.7599,0.0,152.355,21.327,0.20997,100.023,0.0,0.0
2022-09-30 09:50:00,89.4964,1296.82,77.8002,0,96.03,11.5421,85.5317,48.0993,102.693,80.6992,0.0,127.601,64.1434,96.5981,5.62483,20.7,243.785,0,925.356,0.0,108.19,59.5168,3.60235,17.0001,99.3135,5.43492,96.9048,31.0996,0.0,84.992,55.958,50.48,25.6768,918.394,131.894,19.7387,0.0,58.7266,10.501,0.0,54.982,277.482,0.0,102.82,95.0,2.59861,13.49,124.637,77.0339,81.5244,0.12371,0.0,0.0,67.8,49.7,17.1554,130.597,141.613,0,22.5864,0.0,509.708,25.6388,0.0,152.19,20.158,0.2002,112.541,0.2405,0.0
2022-09-30 09:55:00,92.0941,1304.44,70.2306,0,96.24,7.51052,85.6818,48.8993,98.4351,80.8984,0.0,118.531,65.673,85.0972,15.1388,18.73,229.151,0,888.759,0.0,116.936,2.99359,5.70199,20.1984,98.6735,6.22491,91.1791,33.4522,0.0,84.9142,56.7178,50.48,25.5754,913.706,129.427,20.2502,0.0,65.9335,8.696,0.0,54.982,282.097,16.4699993134,103.0,96.25,3.89868,14.557,140.522,77.0874,80.7431,0.14381,0.0,0.0,67.8,49.7,14.9251,142.179,141.553,0,25.6846,0.0,506.021,24.2863,0.0,151.824,21.828,0.2002,106.919,0.2425,0.0
2022-09-30 10:00:00,89.1978,1290.23,61.1795,0,91.34,6.82184,87.6594,49.5992,114.033,73.2971,0.0,129.999,67.4345,80.796,9.02758,24.77,245.113,0,850.135,0.0,113.658,40.4475,2.00565,23.3997,99.5635,4.33493,94.3149,33.2411,0.0,84.9879,56.7762,50.48,25.5754,918.064,171.211,20.1387,0.0,69.3764,10.884,0.0,54.904,280.314,0.0,103.03,97.5,1.60067,15.119,143.369,78.9381,81.0361,0.12371,0.0,0.0,68.1,49.7,18.6825,134.983,141.339,0,38.9636,0.0,499.722,23.0704,0.0,152.258,23.3309,0.17945,103.393,0.0,0.0
2022-09-30 10:05:00,91.495,1320.16,64.7399,0,88.07,6.23155,84.9311,50.1992,107.017,67.0005,0.0,119.347,67.0536,66.3967,0.98032,23.72,257.931,0,817.371,0.0,114.543,58.2126,0.7361,27.0985,108.563,1.96497,84.6727,27.4083,0.0,84.947,56.3363,50.48,25.472,935.002,0.73014,29.0084,0.0,73.4721,4.629,0.16236,54.9,287.834,0.0,103.02,98.25,0.09918,18.101,145.539,77.3544,81.8174,0.04333,0.0,0.0,67.8,49.7,13.7386,116.114,141.109,0,39.5605,0.0,493.277,25.7975,0.0,151.623,26.1083,0.19044,95.4916,0.0,0.0
2022-09-30 10:10:00,81.1984,1297.41,40.4805,0,94.91,4.60302,84.3122,50.6992,106.033,67.5978,0.0,121.46,65.5436,63.0999,3.03014,19.67,246.251,0,776.623,0.0,124.187,72.2314,1.30007,22.7008,104.803,1.80497,78.4773,26.3768,0.0,85.0002,56.161,50.48,25.2099,916.141,142.721,29.0969,0.0,78.4469,9.722,0.0,54.952,279.142,0.0,103.07,99.0,1.10018,18.249,164.811,75.4734,80.8408,0.12371,0.0,0.0,67.5,49.7,14.6834,148.121,141.639,0,35.2831,0.0,474.429,24.7672,0.0,151.952,26.9697,0.21973,95.068,0.0,0.0
2022-09-30 10:15:00,79.6978,1312.4,46.3403,0,80.22,2.90436,85.7404,51.2992,108.791,68.7034,0.0,132.779,70.2739,56.3959,2.74048,16.87,189.368,0,743.688,0.0,130.626,70.3783,7.77234,27.0985,101.523,4.10494,75.6271,36.4841,0.0,84.9879,55.9272,50.29,25.4474,925.645,129.94,29.0332,0.0,83.1269,10.945,0.40162,54.838,285.441,0.0,102.99,99.5,5.19875,18.967,159.181,77.1713,81.0361,0.15386,0.0,0.0,67.8,49.7,14.1231,182.582,137.34,0,28.1126,0.0,462.929,24.5621,0.00093,151.904,23.2167,0.2002,104.577,0.1975,0.0
2022-09-30 10:20:00,85.6972,1333.64,52.6806,0,91.68,0.57878,76.7095,51.6992,107.869,74.4987,0.0,116.339,67.725,63.6973,2.6432,21.49,167.038,0,736.706,0.0,132.238,71.3351,6.67369,27.0985,97.3035,3.43495,79.8167,29.5158,0.0,84.9961,56.8931,50.29,25.4474,924.784,159.106,29.0491,0.0,69.6975,12.683,0.40162,54.702,288.884,0.0,102.86,100.25,4.1001,16.966,158.393,87.5464,81.4267,0.00565,0.0,0.0,68.1,50.7,12.6729,185.539,136.46,0,21.2241,0.0,463.271,23.3195,0.0,152.135,24.1132,0.19044,93.1832,0.1945,0.0
2022-09-30 10:25:00,88.6968,1346.55,46.6615,0,93.8,0.0,84.3122,52.1992,106.103,69.6029,0.0,108.504,58.7124,49.798,4.29619,24.68,168.311,0,708.678,0.0,132.134,73.0623,3.77325,27.0985,104.733,9.85485,80.7434,34.1822,0.0,84.9756,56.1917,50.29,25.4474,943.645,0.0,25.0895,0.0,84.164,5.08,0.24048,54.69,289.86,28.5900001526,102.79,100.5,1.89975,12.117,154.337,76.9348,82.208,0.13376,0.0,0.0,67.8,50.8,9.36599,187.434,137.785,0,18.8363,0.0,457.802,25.7536,0.0,151.507,25.1151,0.2002,100.813,0.1865,0.0
2022-09-30 10:30:00,89.6975,1342.26,49.8317,0,86.12,0.0,81.0419,52.2992,109.771,70.5024,0.0,101.447,43.2728,47.497,30.1363,20.87,186.279,0,682.115,0.0,131.969,66.0982,10.2626,27.1992,100.833,9.83485,85.0028,36.6158,0.0,84.9633,56.6901,50.29,24.4347,930.442,0.0,29.0314,0.0,72.514,6.527,0.50172,54.794,287.175,0.0,102.85,100.75,6.49882,14.898,160.206,72.8406,81.3291,0.14381,0.0,0.0,68.1,50.8,8.56397,184.733,135.674,0,23.0552,0.0,457.387,24.8063,0.0,151.263,21.4852,0.20997,94.4381,0.0,0.0
2022-09-30 10:35:00,87.4932,1337.98,49.991,0,80.62,0.0,82.5617,52.5992,106.166,69.699,0.0,118.946,50.7655,45.4968,20.8087,18.83,189.599,0,646.055,0.0,117.351,71.8537,6.25132,27.0985,112.323,4.30493,95.3877,35.2312,0.0,84.9019,55.5181,50.29,24.748,927.75,0.0,28.488,0.0,61.3325,4.376,0.33814,54.768,283.049,159.25,102.82,100.75,3.99939,9.734,152.058,74.2501,81.2314,0.12371,0.0,0.0,67.8,50.8,4.94942,187.617,136.366,0,33.7377,0.0,459.389,24.7794,0.0121,144.134,21.2918,0.2002,91.9466,0.0,0.0
2022-09-30 10:40:00,86.1954,1381.2,50.4609,0,80.75,0.0,75.1605,52.6992,99.9429,70.3994,0.0,109.009,47.1839,45.2977,9.58925,23.96,205.845,0,655.869,0.0,131.566,56.6365,5.41634,27.1992,98.1035,3.22495,92.582,34.3163,0.0,85.033,56.1333,50.29,24.748,943.754,0.0,28.2402,0.0,63.2539,4.675,0.64576,54.654,290.422,203.789993286,102.83,100.75,0.89876,19.352,154.237,86.5006,82.1103,0.12371,0.0,0.0,67.8,50.8,2.66423,184.871,139.81,0,34.0563,0.0,460.561,22.8873,0.00093,149.572,21.7665,0.19044,85.6025,0.0,0.0
2022-09-30 10:45:00,85.7965,1393.92,51.1406,0,79.6,0.0,74.71,52.5992,108.916,97.5017,0.0,122.538,49.9049,45.1959,4.5696,25.41,221.536,0,708.946,0.0,131.359,61.677,5.79965,27.0985,94.1536,6.3649,82.8826,29.7991,0.0,85.0452,55.1951,50.29,24.748,951.5,0.0,29.0031,0.0,63.3908,6.405,0.76783,54.658,295.427,154.539993286,102.75,100.75,0.89876,14.661,151.865,86.8485,82.7939,0.12371,0.0,0.0,68.1,50.8,0.0,181.886,140.117,0,30.775,0.0,460.683,23.2926,0.28948,133.159,21.5203,0.20997,74.8711,0.1365,0.0
2022-09-30 10:50:00,85.2962,1391.45,49.6697,0,77.88,0.0,76.2591,52.6992,102.236,97.7008,0.0,130.062,53.2351,46.4969,2.69568,20.07,195.71,0,710.9,0.0,129.857,53.1469,2.84062,27.1992,96.0635,3.74494,86.431,25.4358,0.0,84.9756,56.484,50.29,24.748,918.54,59.5042,29.0597,0.0,49.7245,5.647,0.0,54.634,282.341,273.769989014,102.85,100.75,2.10117,9.911,147.324,87.0307,42.1317,0.12371,0.0,0.0,68.1,50.8,0.0,179.442,134.837,0,32.9723,0.0,460.585,22.714,0.00093,142.876,19.0857,0.19044,72.9644,0.0,0.0
2022-09-30 10:55:00,83.5985,1360.45,50.1609,0,85.21,0.0,82.9609,52.6992,104.724,112.8,0.0,134.524,57.6443,47.3996,0.83773,23.32,231.59,0,712.071,0.0,129.906,59.1895,3.96857,27.1992,94.9436,8.44487,91.7695,31.4296,0.0,84.9838,55.8103,49.29,24.6395,915.336,198.554,29.058,0.0,55.9628,5.806,0.0,54.736,279.875,133.240005493,102.72,100.75,3.09911,13.47,119.574,74.9438,81.0361,0.12371,0.0,0.0,67.8,50.8,0.0,187.919,136.708,0,33.9391,0.0,461.806,24.6598,0.00093,139.464,21.5203,0.20997,69.2363,0.0255,0.0
2022-09-30 11:00:00,85.7939,1330.17,68.0402,0,82.31,0.93777,85.8686,52.6992,96.0093,127.0,0.0,127.588,46.6151,43.6958,0.38411,23.31,243.948,0,675.694,0.0,125.994,67.0197,0.0,27.0985,104.883,3.67494,80.0261,31.2487,0.0,85.033,55.7519,43.21,24.3773,916.874,199.883,24.2558,0.0,56.9157,6.855,0.0,54.554,277.922,73.2399978638,102.57,100.75,0.09918,14.009,114.777,77.2681,80.2518,0.12371,0.0,0.0,67.5,50.8,0.0,153.056,137.862,0,39.0955,0.0,469.619,24.6671,0.00093,142.071,18.1101,0.2002,89.2073,0.0695,0.0
2022-09-30 11:05:00,79.1965,1316.23,82.3802,0,75.05,0.0,78.6322,52.6992,96.7944,127.0,0.0,109.549,41.593,46.696,0.38411,21.48,240.384,0,693.907,0.0,125.121,62.7496,0.0,27.0985,98.4835,2.99495,75.1384,24.4646,0.0,85.0289,55.5457,41.19,24.3773,915.647,160.194,22.2999,0.0,73.0772,5.309,0.0,54.578,277.824,236.509994507,102.64,100.75,0.09918,16.557,112.836,86.5707,52.0043,0.00565,0.0,0.0,67.5,50.8,0.0,159.08,140.733,0,37.3742,0.0,469.863,23.7858,0.0,142.589,18.5232,0.20997,91.4473,0.0345,0.0
2022-09-30 11:10:00,79.4961,1315.94,72.0891,0,78.48,0.0,79.3207,52.6992,89.5834,137.101,0.0,104.793,49.0932,47.997,0.38411,17.37,245.37,0,672.349,0.0,124.462,67.0801,0.28931,27.0985,100.603,2.46496,74.6496,28.5716,0.0,85.0207,55.4288,35.15,27.8077,895.083,162.983,25.9586,0.0,67.118,4.539,0.0,54.726,279.216,124.339996338,102.74,100.75,0.09918,8.278,120.874,87.1006,2.00427,0.14381,0.0,0.0,67.8,50.8,0.0,159.593,141.587,0,35.0671,0.0,457.997,23.837,0.0,142.199,21.4588,0.2002,79.9762,0.0,0.0
2022-09-30 11:15:00,74.0957,1323.38,56.3897,0,73.67,0.0,82.2101,52.6992,91.2905,137.197,0.0,106.609,45.7337,41.0983,0.38411,18.77,252.62,0,653.99,0.0,123.711,64.3912,0.0,27.0985,108.163,3.92494,91.1474,29.0262,0.0,84.951,56.7486,34.13,26.1683,886.972,214.637,24.1125,0.0,58.4371,4.69,0.0,54.754,280.461,123.089996338,102.57,101.0,0.09918,6.725,117.798,87.0908,-2.04929,0.12371,0.0,0.0,67.8,51.9,0.0,162.284,141.989,0,28.3507,0.0,467.422,24.5597,0.0,143.59,15.28,0.2002,93.669,0.0025,0.0
2022-09-30 11:20:00,68.4983,1307.59,52.8399,0,70.04,0.0,78.0902,52.6992,91.0912,134.403,0.0,99.8154,50.7741,44.5985,0.38411,22.17,250.587,0,623.032,0.0,120.891,65.8112,0.1648,27.1992,100.923,8.81487,83.9237,24.6352,0.0,84.9674,55.635,48.49,26.8196,879.83,209.632,28.9695,0.0,66.2336,3.042,0.0,53.954,278.801,160.470001221,102.41,100.25,0.09918,10.087,107.846,74.9276,0.0,0.00565,0.0,0.0,67.6,51.7,0.0,192.689,137.246,0,28.2261,0.0,459.926,23.5099,0.0,140.056,19.9119,0.20997,80.3119,0.0,0.0
2022-09-30 11:25:00,74.5969,1306.29,56.5915,0,62.43,0.69914,84.8689,52.6992,84.9349,130.997,0.0,100.046,49.1554,40.2,0.38411,17.37,251.265,0,588.266,0.0,121.971,67.4527,0.0,27.0985,95.5036,9.86485,81.0735,29.3793,0.0,85.0452,56.1917,42.39,25.6512,877.615,208.152,28.9748,0.0,47.6714,10.253,0.0,52.956,279.655,155.820007324,102.35,100.25,0.00153,16.016,102.902,75.7707,0.0,0.12371,0.0,0.0,67.6,51.7,0.0,190.19,137.674,0,30.1891,0.0,459.706,24.86,0.0,140.349,17.0203,0.2002,80.296,0.0,0.0
2022-09-30 11:30:00,68.9936,1337.06,52.3699,0,58.05,3.02577,78.211,52.6992,89.2592,136.099,0.0,89.575,53.3437,43.0984,0.38411,18.05,251.874,0,583.383,0.0,120.494,69.6985,0.31373,27.0985,98.8935,9.86485,74.3766,28.0852,0.0,85.0944,56.6593,40.36,26.1929,886.496,188.302,25.594,0.0,73.2404,7.283,0.0,51.226,283.757,135.850006104,102.26,100.25,0.09918,10.356,105.328,87.1284,0.0,0.14381,0.0,0.0,67.6,51.7,0.0,156.315,137.033,0,31.2181,0.0,467.763,23.6222,0.0,138.573,16.2205,0.20997,85.1533,0.0,0.0
2022-09-30 11:35:00,77.8952,1323.95,69.7314,0,75.66,3.34603,86.949,52.6992,92.2748,135.803,0.0,93.9376,61.8546,35.4961,0.27522,20.71,255.845,0,550.79,0.0,122.38,68.3037,0.0,27.0985,93.5936,9.85485,86.704,28.0376,0.0,85.1067,56.2779,39.36,26.1908,883.383,174.293,26.1923,0.0,61.88,7.253,0.0,54.226,281.462,130.410003662,102.11,100.25,0.09918,10.791,111.115,76.009,0.0,0.12371,0.0,0.0,68.2,52.0,0.0,164.894,140.887,0,32.1447,0.0,479.043,24.6329,0.00093,126.232,12.9069,0.2002,82.2577,0.0,0.0
2022-09-30 11:40:00,72.1955,1324.56,71.6909,0,71.16,4.93166,90.3694,52.6992,91.8178,135.398,0.0,81.7014,62.504,28.3982,0.27522,17.65,239.083,0,559.628,0.0,122.258,68.6361,0.17212,27.0985,91.4936,4.30493,86.8944,29.6888,0.0,84.9961,55.8688,28.09,26.0772,872.579,215.946,29.0527,0.0,56.8577,4.833,0.0,54.234,282.438,119.300003052,102.07,100.25,0.09918,9.966,114.429,63.6963,0.0,0.12371,0.0,0.0,68.0,51.7,0.0,167.897,127.095,0,23.8498,0.0,492.056,25.2384,0.0,109.178,23.1112,0.20997,91.3985,0.0,0.0
2022-09-30 11:45:00,63.8966,1345.48,69.4208,0,70.67,8.92136,90.8199,52.6992,87.6849,135.0,0.0,91.9203,62.0645,30.9957,0.287,22.69,237.078,0,595.541,0.0,122.643,67.8959,0.51392,27.1992,90.6636,8.24487,65.7056,26.7926,0.0,84.947,55.6934,40.27,26.0772,889.828,194.646,29.0403,0.0,53.557,3.884,0.31617,54.346,282.243,173.36000061,100.88,100.25,0.09918,18.644,111.81,69.3175,0.0,0.12371,0.0,0.0,68.0,51.7,0.0,173.518,90.1118,0,23.5312,0.0,513.688,25.3556,0.0,103.545,21.6873,0.20997,76.347,0.0,0.0
2022-09-30 11:50:00,58.6933,1326.63,52.2903,0,71.16,9.20185,91.219,52.6992,83.3606,135.103,0.0,96.1608,57.6736,25.9998,0.287,23.09,233.988,0,622.177,0.0,122.655,67.4829,3.28985,27.0985,80.7738,4.35493,78.7947,23.56,0.0,85.0125,55.1643,45.41,25.7157,879.629,196.207,29.0403,0.0,61.243,4.088,0.0,54.772,278.923,219.339996338,99.28,100.5,2.59861,10.647,99.2584,76.3522,0.0,0.12371,0.0,0.0,67.7,52.0,0.0,174.131,87.9841,0,21.0629,0.0,521.989,25.2775,0.00093,97.3861,21.661,0.20997,75.097,0.0,0.0
2022-09-30 11:55:00,60.1984,1365.38,41.9196,0,67.61,5.65173,83.8691,52.6992,78.5754,135.0,0.0,72.6558,67.1134,37.098,0.287,20.51,253.948,0,636.313,0.0,123.082,68.9281,9.22988,27.4006,93.6636,4.13494,72.8468,20.9122,0.0,84.9592,55.5181,44.39,25.6154,900.302,0.0,19.7192,0.0,40.7593,5.606,0.77516,54.754,291.081,212.100006104,102.16,101.0,5.19875,9.39,102.792,86.1761,0.0,0.12371,0.0,0.0,68.0,51.9,0.0,168.281,90.1033,0,19.7336,0.0,530.412,25.2579,0.90195,110.191,18.91,0.2002,77.564,0.0,0.0
2022-09-30 12:00:00,61.6975,1365.69,41.5903,0,41.82,6.39273,78.6102,52.6992,79.2317,135.199,0.0,70.4662,64.3046,33.3986,0.287,17.27,246.495,0,660.533,0.0,122.399,67.4175,25.8195,27.0985,102.073,3.96494,87.2054,18.5889,0.0,85.0289,56.0441,44.39,25.6154,892.758,13.913,18.9067,0.0,33.8577,7.455,0.49928,54.516,286.784,254.570007324,102.72,101.0,18.5992,9.978,93.0602,84.4808,0.0,0.08352,0.0,0.0,68.0,52.0,0.0,147.407,88.061,0,15.7418,0.0,543.107,23.8004,14.2831,99.1684,17.6531,0.2002,65.6291,0.0,0.0
2022-09-30 12:05:00,58.6973,1306.9,41.5319,0,33.27,4.16135,75.2923,52.6992,86.1107,135.103,0.0,75.3674,65.1432,36.1997,0.37573,16.73,240.547,0,668.833,0.0,129.247,69.2504,18.6075,27.0985,99.9635,4.86493,80.699,20.0235,0.0,84.9797,56.6593,44.39,27.5773,867.269,138.853,19.3493,0.0,44.6497,5.77,0.0,50.228,271.452,351.670013428,102.47,101.0,14.2016,6.486,88.3909,83.6475,0.0,0.12371,0.0,0.0,67.0,51.7,0.84047,142.921,80.7465,0,13.1124,0.0,554.656,21.6739,0.97455,110.265,14.2253,0.20997,67.0488,0.0,0.0
2022-09-30 12:10:00,64.9997,1299.6,40.3796,0,30.24,4.66477,85.7514,52.6992,89.1928,133.002,0.0,89.0089,72.564,30.2966,0.37573,13.43,215.249,0,643.198,0.0,129.436,69.5928,13.2753,27.0008,106.303,9.12486,78.4646,19.9037,0.0,84.947,56.4255,44.39,26.0813,865.273,140.565,29.0668,0.0,39.996,6.642,0.0,53.538,273.942,300.179992676,99.52,101.0,9.99924,19.196,92.108,77.9269,0.0,0.08352,0.0,0.0,67.0,51.7,0.77455,138.663,93.7606,0,19.3014,0.0,554.289,25.004,0.0,115.63,11.5886,0.20997,68.748,0.0,0.0
2022-09-30 12:15:00,74.2967,1331.27,39.2008,0,25.4,3.35127,80.1703,52.6992,85.7201,133.201,0.0,77.1542,69.7942,37.098,0.37573,14.49,191.319,0,656.48,0.0,131.414,70.7913,15.1577,25.9998,93.9436,9.50486,67.9717,18.5723,0.0,85.0248,56.6593,44.39,26.8165,886.825,141.764,28.9252,0.0,78.6522,4.168,0.0,53.094,278.679,270.100006104,93.48,101.0,10.7988,10.407,88.986,85.0644,0.0,0.12371,0.0,0.0,67.9,52.0,1.73037,144.385,98.6484,0,29.8192,0.0,549.846,23.7491,0.0,128.405,17.574,0.2002,62.4063,0.0,0.0
2022-09-30 12:20:00,79.6935,1316.11,44.1312,0,21.72,2.23139,74.959,52.6992,84.8646,133.098,0.0,81.6114,63.2938,33.6995,2.39258,23.82,199.788,0,693.053,0.0,105.162,67.0751,0.0,27.1992,94.1936,9.86485,85.828,24.2837,0.0,85.0657,56.807,44.39,26.7264,869.979,164.141,27.9499,0.0,66.8916,8.474,0.0,54.59,279.533,217.119995117,102.71,101.0,0.09918,6.927,86.9718,89.6014,0.0,0.12371,0.0,0.0,67.9,51.7,1.10414,134.443,116.174,0,30.1341,0.0,560.1,22.5772,0.0,144.75,21.4149,0.20997,65.7291,0.0,0.0
2022-09-30 12:25:00,83.6951,1296.43,44.4207,0,52.03,2.3957,86.1103,52.6992,91.1615,136.003,0.0,47.7806,65.5143,41.2974,17.5401,21.46,226.739,0,665.904,0.0,96.2203,71.2646,7.47448,25.3986,95.2236,3.00495,85.5804,21.0709,0.0,84.9551,55.635,44.39,20.8998,867.049,186.539,28.0313,0.0,55.6417,8.603,0.0,54.666,276.701,246.270004272,102.13,101.0,5.79995,5.18,106.546,78.135,0.0,0.12371,0.0,0.0,67.3,51.9,2.16983,120.224,89.3086,0,28.043,0.0,554.143,24.9503,0.0,150.317,23.1991,0.20997,62.3209,0.0,0.0
2022-09-30 12:30:00,89.1949,1297.26,66.4312,0,52.56,1.07487,86.092,52.6992,85.7201,122.201,0.0,48.5771,60.784,40.2,16.4629,19.97,201.861,0,623.398,0.0,104.491,84.7798,4.66438,24.1993,96.6535,9.84485,75.6652,22.5372,0.0,82.7474,56.5148,44.26,25.8611,874.227,184.434,27.718,0.0,46.8291,3.363,0.0,54.12,278.654,197.910003662,102.12,101.0,3.40124,10.742,118.631,76.8682,0.0,0.12371,0.0,0.0,67.3,52.9,4.80659,114.585,125.787,0,31.09,0.0,549.553,24.9161,0.0,149.847,24.0692,8.32057,64.6549,0.0,0.05567
2022-09-30 12:35:00,87.498,1297.63,56.7295,0,51.47,1.35641,84.2609,52.6992,90.9623,82.6013,0.0,40.5097,61.6642,41.2974,13.6801,17.88,208.894,0,594.662,0.0,112.633,70.5898,0.16968,18.0987,93.5436,2.47496,71.4757,18.1509,0.0,80.5929,55.4596,48.43,26.368,868.02,184.434,26.2029,0.0,56.5735,2.25,0.0,52.336,273.747,316.859985352,102.36,101.0,0.09918,11.901,117.871,80.3762,0.0,0.12371,0.0,0.0,67.3,52.9,4.3891,117.45,130.103,0,48.1776,0.0,554.631,24.6793,0.0,140.581,23.3573,10.4703,58.0276,0.0,0.05276
2022-09-30 12:40:00,82.4987,1292.72,52.3407,0,49.3,2.45327,89.9812,38.7994,86.638,71.6011,0.0,80.1068,63.5343,37.2971,4.67891,18.13,200.249,0,555.624,0.0,124.45,66.0931,3.46807,27.0985,93.3236,3.16495,80.2737,25.9753,0.0,84.8118,56.3363,50.65,26.751,865.95,187.929,29.0544,0.0,65.4281,2.099,0.0,54.524,273.429,243.779998779,102.5,101.0,3.19982,10.017,91.7418,70.8902,0.0,0.12371,0.0,0.0,67.0,52.6,4.67475,115.024,114.081,0,48.5988,0.0,554.802,24.8746,0.0,139.367,24.5526,8.96023,69.0727,0.0,0.04925
2022-09-30 12:45:00,90.2946,1336.35,51.661,0,57.89,5.21215,86.6413,52.6992,72.6144,70.7977,0.0,116.405,70.7134,43.7976,4.71552,15.65,221.075,0,534.432,0.0,110.13,70.3381,1.50515,27.0985,92.3836,7.57488,73.361,22.0651,0.0,59.0049,55.2535,50.5,26.4919,884.609,177.717,29.0031,0.0,93.982,8.635,0.50416,54.436,287.395,169.490005493,102.57,101.0,0.19989,14.609,116.013,54.9086,0.0,0.00565,0.0,0.0,67.9,52.9,8.65187,170.533,98.5885,0,46.4015,0.0,552.8,25.6681,0.0,151.897,18.1277,0.2002,63.4122,0.0,0.05181
2022-09-30 12:50:00,80.5962,1343.48,51.4194,0,53.86,6.13108,78.1891,52.6992,69.9893,73.098,0.0,76.4981,69.6538,36.9962,5.12128,22.19,236.834,0,510.091,0.0,104.649,67.6038,4.36652,17.2992,85.8937,4.25494,80.8513,23.8449,0.0,73.6215,56.0164,47.45,27.1155,887.539,149.891,24.2841,0.0,100.778,5.899,0.0,52.78,285.661,312.359985352,102.56,101.0,2.59861,19.004,101.062,75.9082,0.0,0.15386,0.0,0.0,67.9,52.7,6.36667,129.7,87.2749,0,41.5125,0.0,537.834,23.7491,0.0,146.691,22.0301,7.40989,71.1455,0.0,0.05962
2022-09-30 12:55:00,85.9957,1321.53,37.7803,0,53.73,11.9524,88.3113,50.8992,67.9581,123.299,0.0,55.3475,68.9934,34.6996,5.53062,20.02,240.777,0,521.932,0.0,114.531,67.9915,0.28687,27.1992,94.8436,4.62493,79.1882,27.4377,0.0,65.3148,56.4563,49.56,27.3807,872.982,157.545,25.5214,0.0,87.6543,2.923,0.0,54.126,279.216,379.660003662,102.55,101.0,0.19989,19.297,111.179,68.2653,0.0,0.08352,0.0,0.0,67.9,52.6,8.15747,127.338,92.1627,0,29.3761,0.0,530.924,25.2677,0.0,152.502,24.6581,8.0105,59.6731,0.0,0.05512
2022-09-30 13:00:00,87.0941,1324.92,34.2517,0,53.58,13.3423,85.312,47.2993,69.5987,126.897,0.0,53.3257,69.583,30.9957,0.69459,18.38,250.655,0,521.248,0.0,110.521,68.0217,0.0,27.0008,91.8836,9.85485,83.327,23.2728,0.0,70.4143,56.1025,50.56,27.6265,879.244,158.613,25.6559,0.0,63.991,3.73,0.0,54.31,278.337,504.920013428,100.15,100.75,0.09918,6.792,109.613,81.417,0.0,0.00565,0.0,0.0,67.8,52.9,7.88281,126.413,98.5116,0,39.1357,0.0,516.666,25.3092,0.00093,152.038,21.3797,8.3401,71.8682,0.0,0.0
2022-09-30 13:05:00,85.0975,1283.96,33.9411,0,40.5,11.8728,80.921,49.3993,67.5674,119.9,0.0,54.2275,64.1434,20.9994,2.41306,20.43,254.354,0,537.581,0.0,124.858,68.3541,0.0,27.0985,90.6536,8.19488,78.3122,26.4308,0.0,78.5408,56.1025,50.56,27.7658,851.631,168.532,21.3671,0.0,82.7374,4.341,0.0,51.69,263.59,603.299987793,99.32,101.0,1.29854,13.81,94.5525,80.618,0.0,0.12371,0.0,0.0,66.6,52.7,4.3891,119.327,107.586,0,54.916,0.0,523.576,23.5856,0.0,154.461,16.8093,9.11039,60.3275,0.0,0.0
2022-09-30 13:10:00,87.995,1291.38,35.2208,0,50.22,10.1501,85.3596,45.3993,60.0947,131.697,0.0,72.6772,77.0233,20.8976,28.546,18.49,253.067,0,506.917,0.0,124.108,66.9693,5.67758,17.9004,96.7435,9.85485,82.9524,23.0086,0.0,84.6479,56.6009,50.56,25.8376,867.104,163.396,13.6108,0.0,83.2111,7.674,0.0,54.906,272.258,538.91998291,102.87,101.0,4.79896,7.133,80.8926,76.6064,0.0,0.12371,0.0,0.0,67.2,52.8,3.15862,135.587,121.37,0,44.0101,0.0,521.256,24.235,0.0,150.958,15.0955,0.2002,63.1412,0.0,0.0
2022-09-30 13:15:00,82.6948,1287.71,39.5008,0,61.4,9.50328,85.9821,50.3992,73.923,123.1,0.0,87.6387,76.2738,27.199,16.5627,17.69,234.679,0,463.459,0.0,110.143,67.3218,0.0,9.59945,102.113,8.99486,83.5364,24.9327,0.0,77.3202,56.161,48.61,25.6707,866.445,171.332,17.2199,0.0,79.4261,7.589,0.0,54.822,272.575,571.83001709,101.85,101.0,0.19989,7.248,97.2351,58.2399,0.0,0.04333,0.0,0.0,67.2,52.8,1.44472,141.877,123.865,0,37.8576,0.0,513.175,23.92,0.0,149.09,16.0623,7.30003,53.1826,0.0,0.0
2022-09-30 13:20:00,87.8969,1294.04,43.3214,0,82.62,11.6112,93.8595,52.0992,61.7978,110.802,0.0,106.685,81.5338,26.398,1.83738,19.78,191.048,0,432.184,0.0,123.51,69.3662,1.88846,24.4007,98.2835,9.84485,84.0252,30.829,0.0,33.4152,55.1366,49.71,7.33875,860.274,183.901,19.7227,0.0,72.6403,3.477,0.0,54.748,278.483,536.179992676,102.72,101.0,1.70138,4.96,92.4193,89.8246,0.0,0.12371,0.0,0.0,67.2,52.8,0.71962,138.151,129.633,0,44.0064,0.0,514.933,29.9675,0.0,102.629,17.9783,7.83959,44.4483,0.0,0.0
2022-09-30 13:25:00,85.495,1294.33,42.5302,0,71.69,12.2622,92.5704,52.4992,68.5479,119.303,0.0,98.378,76.1834,41.2974,10.1376,16.3,181.401,0,425.812,0.0,104.057,70.7107,5.93881,14.9004,91.5236,3.48495,80.8513,28.3534,0.0,56.7132,56.4563,50.73,6.83008,864.724,185.129,13.8904,0.0,45.5815,3.679,0.0,55.194,277.238,596.960021973,102.39,101.0,4.60059,4.172,110.336,87.3481,0.0,0.12371,0.0,0.0,67.2,52.8,0.0,161.076,128.428,0,46.5699,0.0,512.735,29.5012,0.0,112.303,17.8289,8.40968,42.7747,0.0,0.0
2022-09-30 13:30:00,83.1967,1315.94,46.1517,0,65.8,13.2209,92.3214,52.4992,50.2664,90.697,0.0,101.813,64.362,33.996,8.68608,15.44,148.542,0,441.657,0.0,90.074,69.623,14.9892,19.0997,95.3736,7.88488,79.531,25.5778,0.0,51.4949,55.958,50.73,8.39168,882.559,183.266,28.2986,0.0,31.6783,3.524,0.36011,54.424,283.659,649.359985352,87.75,100.75,10.2007,17.178,96.4111,62.589,0.0,0.15386,0.0,0.0,67.8,52.8,1.17006,158.219,130.094,0,45.5262,0.0,497.598,29.6525,0.00093,108.11,12.7399,7.87011,41.2879,0.0,0.0
2022-09-30 13:35:00,80.4963,1306.95,42.9497,0,62.21,9.07207,92.7095,52.4992,52.4305,92.3999,0.0,119.869,59.125,42.6957,13.1133,12.91,142.621,0,465.901,0.0,76.9451,70.041,7.78454,25.3986,82.6837,6.8949,84.4569,19.818,0.0,82.3214,55.635,50.75,8.43059,875.015,196.298,29.0314,0.0,47.7504,8.609,0.0,55.032,278.386,586.849975586,62.14,100.5,5.60159,14.422,106.757,68.221,0.0,0.12371,0.0,0.0,67.5,52.8,0.0,168.849,110.97,0,35.1367,0.0,486.538,29.7478,0.00093,131.823,19.4197,7.66015,39.7668,0.0,0.0
2022-09-30 13:40:00,77.1947,1314.55,44.2906,0,60.12,8.84181,92.2994,52.6992,53.0828,91.1982,0.0,104.39,66.0026,28.1991,11.1514,19.1,113.583,0,511.482,0.0,79.0875,70.0007,10.2138,24.5991,81.9038,2.38496,82.1082,18.8349,0.0,80.2284,55.7211,49.73,26.0966,875.362,203.368,29.0845,0.0,57.5684,6.951,0.0,54.054,276.774,718.640014648,68.1,100.0,7.60052,18.515,89.5171,62.8688,0.0,0.04333,0.0,0.0,67.7,52.8,0.26917,175.331,90.5989,0,24.9851,0.0,476.211,29.7136,0.00093,148.962,17.5301,7.51976,35.1574,0.0,0.0
2022-09-30 13:45:00,74.0996,1337.08,71.8608,0,49.78,6.53298,92.5411,51.9992,73.2042,123.684,0.0,81.2512,62.1744,25.6989,7.64518,18.07,124.911,0,529.842,0.0,114.379,68.9029,10.3993,18.8983,81.6338,8.84487,82.6224,16.3625,0.0,85.0371,55.838,48.49,19.969,882.302,201.686,28.8456,0.0,60.0164,4.012,0.0,50.77,282.17,691.33001709,70.69,99.25,7.10002,19.505,77.203,56.9738,0.0,0.08352,0.0,0.0,68.0,52.8,1.67544,177.784,62.5541,0,27.2923,0.0,481.899,29.9895,0.0,151.189,17.4597,8.08985,40.2686,0.0,0.0
2022-09-30 13:50:00,66.4952,1334.27,55.8109,0,47.09,5.81081,74.1717,52.4992,82.4427,119.399,0.0,74.609,56.3137,18.7957,7.28346,15.34,107.201,0,531.258,0.0,86.6865,68.6411,24.8795,24.0986,71.8839,8.03488,75.5763,20.6123,0.0,84.992,56.1025,45.43,11.54,881.313,210.548,12.285,0.0,32.8049,9.969,0.27222,52.268,283.0,782.789978027,80.59,98.75,17.5006,6.497,88.7663,44.3218,0.0,0.12371,0.0,0.0,67.8,52.8,2.21378,168.025,39.508,0,37.279,0.0,481.484,23.295,0.00093,150.854,17.3718,6.40034,43.3191,0.0,0.0
2022-09-30 13:55:00,57.1946,1326.19,54.0506,0,38.67,7.21328,92.3287,49.7992,83.2317,119.303,0.0,73.93,55.5251,22.8978,25.599,14.54,166.713,0,563.363,0.0,77.9339,68.7569,29.9162,27.1992,65.334,9.86485,60.6337,14.5169,0.0,36.2947,55.4596,32.86,11.4391,881.277,207.034,12.8249,0.0,32.6101,9.593,0.0,28.852,280.558,826.349975586,91.08,98.0,21.6999,14.755,87.7775,42.0694,0.0,0.08352,0.0,0.0,67.8,52.8,3.93866,122.165,37.7649,0,45.9986,0.0,483.12,28.9299,0.00093,150.64,25.3085,6.78976,36.6577,0.0,0.0
2022-09-30 14:00:00,58.5991,1312.4,54.0506,0,33.61,5.96362,93.0098,52.4992,96.8609,118.898,0.0,70.5745,51.3149,21.2959,27.2486,15.11,174.07,0,606.137,0.0,73.521,73.2032,34.0374,27.1992,62.3241,8.37487,62.6206,13.3084,0.0,34.775,55.4596,14.53,10.8012,875.619,161.684,21.8079,0.0,36.6321,7.124,0.0,37.45,281.12,842.219970703,72.99,97.5,24.6998,16.969,72.6528,47.7919,0.0,0.12371,0.0,0.0,67.8,52.8,10.201,88.7846,30.8946,0,56.4505,0.0,486.074,30.0529,0.0,150.835,29.246,6.06952,31.3829,0.0,0.0
2022-09-30 14:05:00,60.2989,1339.38,40.6212,0,31.39,3.57315,83.1806,51.0992,98.1031,117.998,0.0,68.2032,41.9532,19.8975,29.867,11.93,136.428,0,621.372,0.0,92.6863,76.3051,44.3769,27.0985,61.6841,7.14489,65.0454,9.61242,0.0,31.5689,56.3671,29.14,25.5068,879.556,158.572,22.677,0.0,32.9312,3.505,0.89479,35.378,283.171,813.130004883,65.98,96.25,31.5999,7.318,55.9991,35.0648,0.0,0.00565,0.0,0.0,67.8,52.9,17.5399,66.9215,30.6383,0,43.5523,0.0,480.215,29.008,0.00093,137.383,23.1815,6.20014,26.7173,0.0,0.0
2022-09-30 14:10:00,65.7956,1330.22,43.1913,0,34.35,2.986,93.0611,50.3992,80.6106,101.498,0.0,59.1714,45.8241,22.1986,30.2725,12.91,147.675,0,634.556,0.0,103.96,70.1266,54.2916,24.6998,60.8141,8.17488,54.7557,9.37755,0.0,32.4332,56.8931,25.05,20.8405,874.245,156.9,11.8195,0.0,69.1079,2.897,0.0,55.44,277.58,893.349975586,77.62,95.0,39.6017,4.842,58.7365,58.3153,0.0,0.08352,0.0,0.0,68.0,52.8,15.024,86.157,32.1251,0,38.0078,0.0,475.6,28.0681,0.00093,120.293,20.1317,13.7394,34.1613,0.0,0.0
2022-09-30 14:15:00,60.4949,1324.82,38.0697,0,30.22,2.79865,93.8888,49.3993,75.9543,98.4974,0.0,48.6519,42.4634,20.0967,30.2725,12.32,144.829,0,659.532,0.0,109.563,67.06,53.5665,11.7998,66.334,4.34493,64.855,9.88537,0.0,41.132,56.3671,25.05,15.7665,877.706,157.354,12.2177,0.0,73.3931,4.547,0.66285,52.876,278.679,988.489990234,64.92,93.5,38.8998,3.566,53.9483,34.0045,0.0,0.14381,0.0,0.0,68.0,52.8,17.1224,109.265,34.1418,0,30.9471,0.0,483.462,0.0,0.00093,119.329,12.3356,18.1304,27.678,0.0,0.0
2022-09-30 14:20:00,49.3978,1306.78,51.7699,0,33.49,2.26592,93.0501,45.2993,59.2431,97.5017,0.0,48.7266,33.9135,15.5963,14.0897,9.45,166.848,0,688.414,0.0,98.8083,102.575,54.7164,6.59953,65.784,9.33486,60.183,15.4143,0.0,64.682,56.3363,22.65,24.0558,868.624,152.087,13.0851,1.648,57.5948,6.352,0.0,41.724,277.385,919.530029297,79.29,92.0,40.0015,5.254,55.2667,61.1068,0.0,0.08352,0.0,0.0,67.4,52.8,17.5949,133.271,38.2007,0,32.6354,0.0,484.683,0.0,0.00093,105.724,11.4919,14.6196,34.0038,0.0,0.0
2022-09-30 14:25:00,40.3962,1304.12,74.099,0,45.23,0.90742,92.6217,52.6992,57.6024,96.4031,0.0,48.8548,38.5046,9.1976,11.2056,13.2,155.764,0,728.673,0.0,94.8348,75.0815,55.3097,6.30045,51.9342,9.49486,61.6176,9.26329,0.0,67.3341,56.3671,22.65,26.0331,865.419,150.626,13.0302,0.0,83.0532,3.389,2.48661,44.732,278.996,1007.69000244,92.04,90.5,26.3996,7.213,58.5626,42.3606,0.0,0.00565,0.0,0.0,67.4,52.8,22.363,138.782,37.4572,0,24.7105,0.0,484.268,1.65164,14.0914,75.3277,10.4899,11.4798,36.8676,0.0,0.0
2022-09-30 14:30:00,37.0983,1298.12,81.8996,0,46.09,0.0,92.6217,52.3992,54.4579,77.4994,0.0,49.3736,31.0338,5.99825,16.7281,11.5,160.073,0,767.395,0.0,101.061,73.9485,33.1926,6.40116,59.5041,3.09495,60.6337,8.9102,0.0,83.3659,56.3363,20.64,25.9277,869.723,148.803,26.7587,0.0,59.9269,2.432,5.43343,40.744,275.651,947.190002441,91.28,89.0,21.6999,15.928,68.3497,61.7991,0.0,0.12371,0.0,0.0,67.3,52.8,17.9574,157.752,47.2328,0,24.4688,0.0,483.633,0.71168,0.00093,74.5586,9.55825,6.73971,33.463,0.0,0.0
2022-09-30 14:35:00,52.3954,1312.28,81.3208,0,37.52,0.0,94.1891,52.4992,58.2587,68.6004,0.0,50.4768,47.4232,6.79919,14.5352,10.18,159.504,0,779.602,0.0,118.224,75.2829,23.0387,6.8986,59.7441,4.74493,66.8165,11.6151,0.0,64.172,56.2194,19.62,27.7729,861.483,187.899,28.0119,10.221,34.2157,6.102,10.1503,39.81,283.342,831.929992676,55.94,87.75,21.9989,14.556,65.8137,89.9437,0.0,0.14381,0.0,0.0,67.0,52.8,21.3852,157.826,70.7402,0,23.6118,0.0,481.314,29.5085,0.00093,54.4228,8.22229,8.17041,43.3838,0.0015,0.0
2022-09-30 14:40:00,56.695,1342.01,81.119,0,36.8,0.0,91.9185,42.1994,68.8096,70.0011,0.0,57.3526,37.8344,9.59587,16.3558,11.56,189.531,0,799.89,0.0,108.727,70.8114,28.3439,7.70123,60.0041,5.53492,65.2549,17.3281,0.0,38.1727,55.6934,18.61,18.5498,880.911,186.68,21.5654,21.41,33.1471,6.521,1.3611,40.06,303.996,740.650024414,86.05,85.5,21.4008,13.408,55.0469,62.1056,0.0,0.00565,0.0,0.0,67.9,52.8,16.3534,126.184,79.986,0,20.5979,0.0,482.754,30.3166,0.02885,53.6477,12.5378,5.4799,48.1532,0.0,0.0
2022-09-30 14:45:00,47.3941,1370.58,81.5093,0,30.1,6.09549,93.8192,45.2993,84.8685,64.1028,0.0,67.9271,36.715,22.0968,28.6822,8.72,218.568,0,809.387,0.0,128.173,74.6081,66.6819,7.8996,56.5441,4.47493,57.2758,17.2313,0.0,37.3146,56.484,17.93,26.2707,864.156,167.797,23.6947,4.135,34.5316,8.06,2.63554,34.72,317.351,771.200012207,85.96,84.5,21.1017,13.956,45.4704,88.1089,0.0,0.12371,0.0,0.0,67.3,52.8,19.7372,81.2772,88.3259,0,22.9819,0.0,483.853,29.9602,5.13336,45.8595,9.82193,3.60973,50.3127,0.0,0.0
2022-09-30 14:50:00,53.098,1360.89,81.3792,0,29.64,13.9012,92.0687,30.2995,79.6262,58.6988,0.0,53.5485,34.9548,13.8971,29.9448,8.69,215.425,0,848.182,0.0,114.269,79.8098,41.8061,8.40009,55.3942,2.75496,52.6356,12.5546,0.0,31.7123,55.635,47.39,23.7015,861.373,136.497,13.8073,0.0,38.2219,8.852,4.43244,32.274,324.993,883.08001709,84.57,83.0,20.9003,14.614,51.1467,85.0938,0.0,0.12371,0.0,0.0,67.0,52.8,18.7704,62.0508,67.4846,0,28.2298,0.0,484.146,29.3547,0.02885,29.2088,15.4646,3.07016,53.8747,0.0,0.0
2022-09-30 14:55:00,60.8975,1328.66,81.5093,0,28.63,26.7431,75.6622,37.2994,73.2003,46.799,0.0,74.9462,32.893,42.1957,19.8257,11.95,251.509,0,876.405,0.0,131.823,72.6544,32.9851,8.19867,55.4142,5.25492,55.8793,14.0384,0.0,38.0273,55.9272,19.11,20.9879,871.242,140.596,17.0924,0.0,29.9305,5.582,11.8691,53.594,336.394,846.340026855,93.98,81.25,20.2014,12.382,49.7917,67.1785,0.0,0.08352,0.0,0.0,67.6,52.8,15.5624,51.4763,78.0206,0,32.9796,0.0,479.897,30.0041,0.00093,21.5427,20.2811,2.50008,57.7713,0.0,0.0
2022-09-30 15:00:00,56.5964,1339.74,81.4403,0,29.6,18.0227,90.1021,39.2994,63.0439,47.1973,0.0,58.7915,34.7143,60.7989,17.4592,19.3,229.815,0,912.465,0.0,132.036,73.304,24.4035,8.69917,52.6542,3.50495,56.1522,10.828,0.0,49.8586,56.3087,24.22,23.5858,867.58,167.193,23.6399,0.0,32.847,5.299,14.5498,54.784,344.378,767.91998291,97.54,79.0,18.8006,6.541,46.9627,27.0315,0.0,0.12371,0.0,0.0,67.3,52.7,18.3529,79.5743,67.0658,0,25.9995,0.0,479.165,29.7551,0.00093,16.5133,18.5848,2.50008,57.5161,0.0,0.0
2022-09-30 15:05:00,50.5927,1305.2,81.4403,0,77.33,11.5819,93.3797,38.8994,64.6143,46.4969,0.0,48.0079,35.3454,35.1996,17.6773,16.32,242.823,0,892.079,0.0,111.986,73.9737,27.3649,13.0999,50.6342,4.69493,51.7659,11.0256,0.0,63.3549,56.6316,48.88,18.1156,864.486,177.556,25.1001,0.0,54.373,4.144,14.1152,54.716,345.892,803.440002441,92.63,77.75,20.3998,1.83,49.5811,34.0205,0.0,0.08352,0.0,0.0,67.3,52.7,17.8805,89.3523,74.9957,0,26.5782,0.0,502.847,29.4963,0.02141,10.2266,16.5369,11.6398,63.2914,0.0,0.0
2022-09-30 15:10:00,40.7966,1296.92,69.0703,0,70.18,7.92288,90.5818,45.1993,70.4503,46.2978,0.0,46.244,28.994,19.0966,15.1721,15.19,242.796,0,848.255,0.0,106.78,72.9666,33.9812,25.3986,44.9443,6.8149,49.5125,8.82133,0.0,80.3922,55.7795,49.96,23.1997,883.401,168.724,24.4098,0.0,71.1505,3.485,7.9115,53.13,349.212,843.130004883,95.19,58.75,24.5991,2.054,51.0185,23.0132,0.0,0.13376,0.0,0.0,67.3,52.7,21.0007,141.831,64.528,0,24.3296,0.0,529.093,29.9162,0.0,7.54711,23.0321,5.38957,57.7383,0.0,0.0
2022-09-30 15:15:00,40.2964,1315.13,64.1505,0,63.56,5.80244,90.4793,44.3993,78.7082,45.5013,0.0,37.9294,30.5943,16.7999,12.2066,13.3,244.869,0,819.446,0.0,121.636,72.2515,39.0399,23.6988,50.8142,3.75494,48.0652,7.25106,0.0,36.5711,56.2194,49.96,10.646,898.233,165.31,23.8664,0.0,61.3272,1.66,11.83,54.536,352.605,835.820007324,89.87,72.0,27.8004,2.764,52.6665,23.2434,0.0,0.08352,0.0,0.0,67.9,52.8,20.781,138.727,73.7139,0,25.4978,0.0,559.075,30.1433,0.00093,8.45045,22.6981,7.56005,56.2527,0.81849,0.05833
2022-09-30 15:20:00,46.0932,1315.43,81.2597,0,56.9,2.75469,91.0799,41.3994,94.3725,45.3983,0.0,37.7218,29.2027,20.5967,13.9745,10.26,256.996,0,813.05,0.0,131.475,0.0,37.4456,25.9998,58.3641,3.38495,43.2472,10.3234,0.0,21.7692,56.1025,44.82,7.4775,900.613,162.117,23.5761,0.0,69.2395,1.61,12.726,50.796,349.749,911.510009766,55.75,66.75,27.0008,3.545,64.7059,23.0777,0.0,0.08352,0.0,0.0,67.6,52.8,22.8025,191.234,68.0742,0,31.0533,0.0,589.251,29.8283,0.00093,11.9417,25.6161,8.1399,58.2986,1.00248,0.05942
2022-09-30 15:25:00,60.098,1393.14,82.1014,0,51.46,1.65365,92.6217,44.9993,90.4389,45.5013,0.0,39.53,30.6542,21.7959,15.1869,6.66,216.197,0,860.56,0.0,132.134,0.0,50.6734,27.1992,63.894,2.71496,49.6267,24.0678,0.0,19.9639,55.9856,49.94,27.9194,907.443,160.204,22.854,0.0,61.0745,1.409,8.76844,54.972,358.587,946.789978027,12.34,61.0,36.1013,4.175,52.0256,29.326,0.0,0.12371,0.0,0.0,67.9,52.8,25.2085,170.35,74.6709,0,29.6031,0.0,610.468,30.1872,0.03258,15.3292,24.4999,6.08051,55.8498,0.0735,5.10066
2022-09-30 15:30:00,54.9965,1412.35,81.6288,0,43.16,0.0,92.3506,41.2994,89.0639,48.3989,0.0,44.0604,39.2431,20.2958,30.2541,7.66,106.198,0,903.627,0.0,131.933,0.0,57.0553,27.0985,69.8239,1.69497,61.6684,29.1857,0.0,21.8921,56.2502,46.86,23.2448,900.009,147.897,22.2468,0.0,48.14,1.409,3.50958,55.704,353.582,928.469970703,42.24,41.5,41.2009,7.038,55.5596,52.6379,0.0,0.14381,0.0,0.0,67.9,52.8,23.8022,177.29,57.0254,7,19.9203,0.0,645.112,30.0041,0.00093,22.8611,23.9198,5.12955,70.8806,0.0,0.0
2022-09-30 15:35:00,48.5964,1409.13,76.1912,0,48.1,0.0,91.2007,42.9993,99.1578,47.8016,0.0,99.1394,41.7249,26.398,29.5649,6.5,93.7322,0,935.073,0.0,127.404,0.0,47.4019,22.3987,74.9839,1.22498,50.7566,25.4485,0.0,28.1027,56.1025,49.1,29.5588,882.009,107.23,20.4591,0.0,38.5378,1.76,2.46464,50.274,368.06,905.340026855,78.41,54.5,39.0005,7.611,60.7507,78.7752,0.0,0.08352,0.0,0.0,67.4,52.8,28.8341,183.259,48.9503,6,15.2767,0.0,672.579,30.0188,0.0,30.4906,22.7245,3.02988,66.1332,0.0,0.0
2022-09-30 15:40:00,43.9966,1359.49,68.6694,0,58.03,0.0,82.1295,41.6994,88.7357,48.0007,0.0,143.864,50.1637,33.996,26.5073,15.92,85.1821,0,907.289,0.0,131.102,0.0,39.3304,25.2003,78.0438,1.43498,68.0797,20.6908,0.0,51.5338,55.7795,50.11,22.3529,861.537,89.5459,20.8361,3.06,37.8376,1.81,0.0,35.114,377.752,1143.56005859,71.64,47.0,49.0013,9.077,69.0272,67.3145,0.0,0.12371,0.0,0.0,67.0,55.3,23.6484,188.46,49.3092,48,12.4166,0.0,697.873,25.485,0.01769,58.085,19.9383,3.22031,58.1424,0.0,0.0
2022-09-30 15:45:00,50.498,1323.82,33.6198,0,66.93,0.0,74.6404,40.9994,91.8803,47.8977,0.0,118.344,69.904,37.598,26.2328,21.28,76.5101,0,884.218,0.0,131.237,0.0,45.3339,18.1994,73.3439,1.09498,91.1982,20.6805,0.0,73.9492,55.7211,48.03,16.2442,840.461,106.395,19.7068,0.0,44.2707,1.911,5.96078,6.65,389.496,1061.44995117,90.36,59.5,42.8,7.329,52.7947,67.4005,0.0,0.08352,0.0,0.0,67.9,55.3,22.4729,189.622,44.6522,51,9.04005,0.0,728.635,22.482,0.0,64.8539,19.3494,6.15009,45.3333,0.0,0.0
2022-09-30 15:50:00,60.4968,1331.05,33.1207,0,66.51,0.0,86.8794,39.5994,98.1734,47.8977,0.0,83.8285,64.0336,32.4958,26.5001,23.2,104.274,0,904.457,0.0,131.359,0.0,55.7516,9.89853,52.9442,1.16498,79.258,13.1259,0.0,85.0084,55.0474,50.06,21.588,837.33,98.5896,15.5702,1.771,37.9008,4.764,1.3904,6.06,401.019,1102.04003906,78.92,49.25,41.1002,6.14,41.0849,58.3849,0.0,0.08352,0.0,0.0,67.2,55.4,21.8466,182.179,50.779,49,8.13184,0.0,755.199,27.3234,0.00093,77.4212,24.6493,3.76965,34.9572,0.0,0.0
2022-09-30 15:55:00,49.5974,1374.46,32.2896,0,67.95,0.0,83.5908,38.0994,95.2866,47.8977,0.0,79.7253,52.4843,27.9999,25.0389,13.78,145.195,0,944.814,0.0,130.669,0.0,50.2974,15.0988,45.9243,1.66497,57.6693,10.4011,0.0,62.7548,56.3087,50.06,10.5405,825.172,122.498,14.6994,0.0,27.0088,4.304,0.0,3.646,415.131,1100.20996094,76.13,57.75,40.3006,4.146,50.8721,45.892,0.0,0.12371,0.0,0.0,67.5,55.4,28.9439,181.978,45.6519,49,8.67018,0.0,799.39,26.818,0.00093,84.7211,22.9354,3.66955,42.7381,0.0,5.03618
2022-09-30 16:00:00,46.4971,1382.91,31.5515,0,54.09,0.0,61.5701,34.5995,84.4114,47.8977,0.0,68.8426,51.9924,24.9997,21.3801,10.1,211.712,0,974.502,0.0,128.435,49.7228,56.5255,14.1985,42.8144,2.85496,48.3508,12.4634,0.0,32.7711,56.5424,43.98,30.0452,784.411,149.74,17.5297,2.865,15.7694,5.232,0.0,4.63,422.626,1171.84997559,79.38,54.0,42.4002,4.519,78.5031,41.5423,0.0,0.12371,0.0,0.0,67.0,55.5,24.9668,190.776,44.9427,96,13.6983,0.0,837.819,20.8267,0.00093,99.1745,27.2685,3.39,39.2383,0.0,0.0
2022-09-30 16:05:00,36.9951,1412.28,23.0022,0,46.67,4.81443,55.7217,35.5995,98.0406,47.6986,0.0,63.6423,50.8852,25.1988,17.3732,8.58,224.625,0,995.865,0.0,127.001,78.6164,53.1515,20.1007,39.9944,3.05495,45.6467,9.9671,0.0,21.9249,55.4873,33.75,29.1277,767.455,127.05,14.032,0.0,3.28759,3.794,0.0,5.81,426.947,1006.5300293,82.71,50.25,38.5,4.438,85.7725,18.4446,0.0,0.08352,0.0,0.0,66.7,55.0,34.4042,181.584,42.7637,114,15.5843,0.0,883.084,18.3511,0.0,107.646,27.4091,7.61986,40.9082,0.0,0.0
2022-09-30 16:10:00,58.6954,1473.66,25.79,0,42.34,11.4102,66.7704,34.1995,103.677,45.5974,0.0,77.7478,49.164,23.7961,17.2196,9.35,211.536,0,1023.77,0.0,127.123,78.7171,55.8419,23.1006,38.0744,3.35495,38.9371,23.6156,0.0,18.7464,56.0749,39.89,29.8465,756.688,97.3207,16.6252,3.038,2.68746,3.861,0.0,8.146,443.842,782.549987793,73.7,49.0,40.5997,3.831,86.9627,17.4108,0.0,0.13376,0.0,0.0,67.6,55.1,24.824,151.902,50.9755,106,33.1994,0.0,933.695,19.44,0.00093,62.919,29.0175,2.69051,46.5138,0.0,0.0
2022-09-30 16:15:00,62.1984,1496.46,24.1306,0,38.39,20.162,74.1204,32.5995,105.119,45.5013,0.0,73.6751,48.2753,28.0973,18.8846,10.83,226.048,0,1059.49,0.0,124.59,72.7652,49.0987,20.1984,34.7445,3.79494,34.2715,23.0379,0.0,16.7444,55.9856,5.48,28.5348,632.649,147.454,17.6465,2.047,4.89323,2.047,2.0032,18.39,456.098,756.33001709,70.95,41.5,40.5997,2.722,96.2646,14.8033,0.0,0.08352,0.0,0.0,67.0,55.3,23.5935,189.485,52.1547,177,38.5388,0.0,962.358,23.173,0.0,80.6073,28.3056,6.55049,46.3294,0.0,0.0
2022-09-30 16:20:00,50.7954,1514.92,24.2023,0,41.74,20.6309,74.5599,30.8995,101.119,45.5974,0.0,98.2895,45.564,29.1991,18.2866,12.44,219.883,0,1091.06,0.0,122.234,60.1513,31.2663,21.8006,32.6945,0.94499,33.5479,14.885,0.0,15.724,55.958,14.82,21.289,622.138,138.007,18.5067,1.169,5.83028,2.047,7.39391,22.922,465.693,727.880004883,67.39,42.5,40.3006,3.477,115.628,35.376,0.0,0.00565,0.0,0.0,66.7,55.3,24.5493,167.613,78.6957,190,43.1238,0.0,984.234,20.8072,0.0,76.8475,29.6767,8.02026,47.6161,0.0005,0.0
2022-09-30 16:25:00,55.5979,1532.81,17.4212,0,37.95,16.7124,75.0506,28.1996,96.3999,41.4019,0.0,116.106,45.254,28.5973,21.1313,18.74,215.682,0,1123.36,0.0,120.519,84.1051,30.9099,19.6002,25.7746,0.98498,43.0251,11.5652,0.0,15.2023,55.312,17.0,22.8895,628.309,134.17,16.1366,3.149,4.23518,2.147,16.7031,33.286,476.045,641.900024414,63.21,40.25,45.2995,2.642,108.222,39.6611,0.0,0.15386,0.0,0.0,67.0,55.4,25.0877,157.185,92.983,191,37.1399,0.0,1005.96,22.2989,0.0,61.68,30.4941,8.40968,50.5153,0.0,0.0
2022-09-30 16:30:00,64.3948,1590.23,18.1009,0,33.31,13.4134,67.3417,27.6996,104.595,57.7993,0.0,109.941,41.0645,30.2966,22.5301,19.05,216.441,0,1143.89,0.0,119.719,89.5383,29.4719,11.9005,28.2246,1.14498,62.1762,8.04453,0.0,15.0339,55.5181,17.0,22.2085,639.918,128.46,5.33935,3.041,4.45102,2.097,23.7027,45.992,492.891,564.91998291,60.76,38.75,31.7006,2.655,91.0643,68.9268,0.0,0.00565,0.0,0.0,67.9,55.5,23.5386,127.659,90.6245,190,28.2884,0.0,1050.89,19.4986,0.00093,50.724,26.7499,7.94946,60.3055,0.0025,0.0
2022-09-30 16:35:00,74.5994,1653.54,14.0413,0,34.08,13.292,59.1421,24.9996,101.646,43.9013,0.0,115.134,38.1445,35.9961,25.8161,21.68,203.636,0,1183.07,0.0,118.56,83.526,56.235,20.6989,25.4946,2.71496,43.1393,4.80241,0.0,15.8459,56.4563,18.0,25.8939,658.321,129.175,3.67727,2.838,4.93008,2.097,18.5123,42.476,511.861,612.690002441,60.74,33.5,40.502,2.172,76.5438,48.1439,0.0,0.08352,0.0,0.0,68.2,55.4,22.7805,65.4566,35.7055,190,23.9853,0.0,1026.4,17.8042,0.02885,34.3481,27.4618,7.24021,52.9213,0.0,0.0
2022-09-30 16:40:00,72.6988,1718.14,20.1507,0,33.31,12.3522,55.9707,25.4996,105.447,31.3012,0.0,110.869,35.8044,35.5979,24.2596,17.03,192.905,0,1209.54,0.0,100.005,79.4019,57.9562,11.2993,29.1746,2.96495,34.5191,10.0203,0.0,16.6093,56.3671,39.09,24.5084,674.544,117.533,3.4454,3.18,8.3098,1.644,21.6886,21.002,531.93,709.349975586,57.35,31.25,41.6007,1.792,76.5255,46.5441,0.0,0.12371,0.0,0.0,67.4,55.4,23.8901,47.6585,23.1443,189,26.3841,0.0,1005.96,15.939,0.00093,18.0575,26.5126,4.9501,64.3375,0.0,0.0
2022-09-30 16:45:00,68.8994,1739.53,22.5402,0,26.13,12.5008,47.35,23.8996,87.556,27.7031,0.0,106.183,30.1146,39.399,22.1133,15.52,181.78,0,1221.97,0.0,105.504,70.9222,50.4829,17.0001,36.9144,1.59498,34.9952,20.2362,0.0,21.8317,56.2194,36.03,21.6812,665.7,105.861,2.67897,3.222,8.39929,1.292,16.6128,31.874,538.131,961.530029297,51.54,28.0,35.1003,1.841,82.266,57.0569,0.0,0.14381,0.0,0.0,66.8,55.4,22.1103,28.0018,18.5214,221,25.4173,0.0,1034.21,13.0166,0.00093,14.3404,26.8554,2.41951,62.0816,0.0,0.0
2022-09-30 16:50:00,78.9939,1796.63,13.0324,0,21.31,12.8629,50.6093,22.1997,88.0795,26.0002,0.0,110.785,25.554,53.0992,15.361,15.26,144.694,0,1250.78,0.0,92.9122,65.3227,57.756,20.0,35.8545,1.33498,28.7998,19.0626,0.0,33.2411,55.7211,31.98,18.5006,664.382,121.29,3.05245,3.54,7.73072,1.141,17.9287,33.124,550.143,914.900024414,48.4,25.25,31.2001,1.607,89.9199,52.9812,0.0,0.08352,0.0,0.0,67.4,57.7,28.9659,18.8098,18.7778,255,21.3449,0.0,1061.24,13.9687,0.00093,18.8937,27.5497,2.13019,58.0069,0.0015,0.0
2022-09-30 16:55:00,82.8946,1868.63,12.9899,0,21.7,13.1936,45.8009,20.9997,77.3957,22.203,0.0,103.835,24.3552,63.9982,17.5575,13.55,137.377,0,1285.4,0.0,87.5105,53.2728,40.6903,18.8983,37.6444,1.57498,22.3123,17.1956,0.0,24.1388,55.0197,30.84,15.9841,667.788,113.485,3.24361,4.015,8.59934,1.292,16.8472,29.66,565.914,854.260009766,44.04,23.0,28.3009,0.976002,92.8313,55.6051,0.0,0.12371,0.0,0.0,68.0,57.4,30.4271,19.1669,17.3336,298,26.7137,0.0,1089.29,8.70008,0.02327,17.1054,28.9296,1.6895,52.875,0.0,0.0
2022-09-30 17:00:00,87.0981,1899.08,21.4118,0,18.26,14.28,41.0217,19.4997,75.9582,21.0014,0.0,105.537,22.2837,59.8962,13.7569,14.78,117.892,0,1324.63,0.0,83.1464,44.2442,18.8907,17.2992,44.9243,0.52499,23.5375,17.6876,0.0,34.5887,56.5148,28.96,14.5807,664.217,89.7977,3.64541,3.325,7.48856,1.292,14.1958,26.542,575.485,879.0,39.48,20.0,15.7,0.508001,84.6006,46.7547,0.0,0.12371,0.0,0.0,67.0,57.4,30.8336,14.7906,13.4798,333,32.3937,0.0,1113.93,9.78164,0.0,42.9053,28.5517,1.42949,58.085,0.0,0.0
2022-09-30 17:05:00,94.0956,1938.53,15.491,0,20.48,14.8201,36.0009,17.7997,76.8723,19.0993,0.0,110.001,21.6745,43.6958,13.0232,19.3,113.271,0,1363.4,0.0,82.3835,39.3094,17.1231,16.3012,43.2243,0.58499,28.3427,20.2433,0.0,35.9588,55.312,24.89,12.972,662.954,96.6963,2.6949,3.771,4.9406,1.242,12.7822,23.296,581.125,849.979980469,34.99,17.75,12.5017,0.0,82.1469,40.3752,0.0,0.14381,0.0,0.0,66.7,57.4,29.5372,12.932,9.9678,366,31.317,0.0,1142.78,9.27382,0.0,51.6762,24.368,0.97049,57.3306,0.0,0.0
2022-09-30 17:10:00,105.097,1992.83,18.7621,0,21.94,15.5213,30.2001,16.1998,80.4739,15.1991,0.0,108.765,46.764,39.6999,9.36346,15.73,95.7105,0,1391.5,0.0,73.1914,19.3589,31.8108,8.79988,62.604,0.325,32.6592,22.5602,0.0,42.0577,55.635,19.77,11.6526,671.944,51.8503,2.41169,8.626,2.84539,0.991001,10.724,20.15,596.335,827.320007324,31.06,15.25,21.6999,0.0,80.1511,27.553,0.0,0.08352,0.0,0.0,67.3,57.4,24.3626,11.7143,5.60983,396,34.3566,0.0,1172.79,8.07996,0.00093,43.2715,24.7811,0.61037,62.8422,0.0,0.0
2022-09-30 17:15:00,95.9972,2042.66,17.631,0,19.82,13.7337,27.1128,14.5998,73.0714,13.9014,0.0,96.6644,54.0847,32.1994,7.90221,18.3,82.1334,0,1397.87,0.0,63.3036,17.2641,22.9752,10.7988,84.2337,0.275,51.7215,20.6059,0.0,38.3693,55.958,17.75,7.68589,671.999,41.6182,2.68074,9.786,3.25074,0.639001,8.97353,16.742,608.249,850.979980469,26.38,13.0,11.5007,0.0,89.691,26.5792,0.0,0.08352,0.0,0.0,67.3,57.9,26.2632,12.9961,5.99435,395,40.4102,0.0,1197.72,6.16587,0.00093,36.1059,20.5623,0.53957,65.2067,0.0,0.0
2022-09-30 17:20:00,95.3946,2101.03,13.9219,0,19.03,13.6207,21.7221,10.6998,82.8333,12.3014,0.0,84.5731,54.3447,30.1992,8.07629,20.19,73.8137,0,1400.44,0.0,52.7321,23.4981,8.76356,12.1996,90.3236,0.315,53.8289,16.1363,0.0,33.8842,56.2502,14.69,7.39533,673.006,30.4395,2.6772,8.182,3.76139,0.489001,1.37087,13.302,626.316,883.229980469,22.17,10.75,3.19982,0.0,82.8794,19.7767,0.0,0.08352,0.0,0.0,67.3,57.7,32.3278,13.9483,5.95163,397,43.7574,0.0,1225.82,5.46761,2.36144,26.2486,19.7625,0.5005,74.8516,4.90642,0.0
2022-09-30 17:25:00,86.2953,2165.54,10.542,0,18.57,15.6532,17.0126,11.6998,88.7982,22.203,0.0,80.7996,45.442,22.9995,6.95501,19.26,64.0712,0,1395.94,0.0,43.4974,18.6741,12.2866,10.399,97.5635,0.305,45.5388,25.9825,0.0,27.7043,56.7486,7.68,7.34259,682.327,21.3957,2.01166,6.16,2.44003,0.389001,1.14626,10.198,661.57,871.190002441,17.77,8.75,5.29946,0.0,59.0021,14.6419,0.0,0.12371,0.0,0.0,67.9,57.7,31.7565,12.9686,7.08812,405,39.2273,0.0,1255.87,4.82063,0.46633,8.61524,20.3426,0.45045,80.0897,4.99942,0.0
2022-09-30 17:30:00,83.4952,2209.09,7.67182,0,21.11,16.4423,14.8226,10.1998,88.4701,35.7988,0.0,73.8033,33.8439,19.7958,5.86445,19.86,52.8925,0,1389.18,0.0,35.9167,7.08743,10.3603,8.79988,94.2136,0.0,44.3264,33.6625,0.0,21.4456,55.5765,8.65,6.25459,678.646,17.7098,1.5957,2.737,1.58194,0.389001,1.01198,7.394,669.09,900.609985352,13.73,7.0,2.90074,0.0,44.8112,12.6815,0.0,0.12371,53.58,1.53821,68.2,57.4,27.3399,10.4417,7.93408,406,39.1431,0.0,1273.38,3.92706,0.00093,5.67941,20.5448,0.52004,78.3832,4.97642,0.0
2022-09-30 17:35:00,86.3989,2222.15,5.11234,0,24.03,19.1908,11.3326,8.59987,89.392,28.1014,0.0,87.8019,34.1735,14.9989,5.23674,18.95,42.5403,0,1383.57,0.0,28.5374,3.51225,5.16976,4.79896,85.5437,0.0,59.2499,36.7927,0.0,13.6801,55.8995,8.65,4.71552,666.506,14.7993,1.16381,4.254,1.19238,0.339001,0.73365,4.804,653.806,756.650024414,10.44,5.0,2.80003,0.0,36.3424,9.68485,118.325,0.08352,250.59,147.907,66.7,57.6,33.6681,6.77043,5.90036,392,44.314,0.0,1274.26,2.98466,0.0,4.8127,21.283,0.4004,79.9786,4.98242,0.0
2022-09-30 17:40:00,82.397,2223.69,3.4423,0,25.67,24.0722,8.34058,7.59988,90.8959,20.1019,0.0,94.9783,29.9034,14.198,4.18125,18.18,33.5837,0,1379.2,0.0,16.2203,3.07416,6.25132,5.29946,92.4836,0.0,61.5859,38.3622,0.0,9.3312,55.0782,6.64,3.85101,662.587,15.182,0.86467,1.662,0.0,0.288001,0.18921,2.722,623.215,856.349975586,7.23,3.75,6.30045,0.0,37.5051,8.04303,117.739,0.04333,238.57,139.585,66.4,57.7,32.097,5.44289,3.69574,391,45.8778,0.0,1274.92,2.28641,0.0,3.82391,21.0721,0.27955,83.8349,4.99942,0.0
2022-09-30 17:45:00,91.7967,2267.0,1.46162,0,30.61,30.6742,6.103,6.3999,93.2592,13.5992,0.0,101.289,32.484,12.897,2.48102,21.25,22.7301,0,1390.06,0.0,17.3556,2.02174,6.00961,4.20081,95.1036,0.0,75.3224,38.559,0.0,10.9399,55.4873,1.54,2.95898,671.926,10.217,0.68589,1.291,0.0,0.137001,0.66773,1.416,635.593,693.400024414,4.51,2.5,4.30152,0.0,44.097,7.15017,119.155,0.13376,244.23,146.285,67.0,57.7,29.0648,4.34424,2.0209,397,48.7343,0.0,1278.65,1.58572,12.4625,2.77409,21.2127,0.15992,89.2891,0.0375,0.0
2022-09-30 17:50:00,96.4932,2268.54,0.7713,0,32.24,33.701,3.87274,5.19992,89.0639,8.70336,0.0,99.0539,33.2238,12.5961,2.30477,20.59,19.0039,0,1387.84,0.0,12.8145,1.17075,3.28985,2.50095,91.4836,0.0,80.1467,37.1958,0.0,6.90867,55.958,1.54,2.17946,673.025,8.83726,0.56199,0.836,0.0,0.0,0.53346,0.668,636.912,785.119995117,2.76,1.25,2.50095,0.0,56.6583,4.533,195.684,0.12371,246.65,147.262,67.3,57.4,31.8883,3.11742,0.0,396,50.7008,0.0,1272.4,1.06569,0.87216,1.62051,21.9422,0.08057,98.9609,0.0035,0.0
2022-09-30 17:55:00,102.698,2271.98,0.84033,0,32.82,38.662,3.20256,4.19994,88.5404,5.09842,0.0,93.5332,38.2348,16.9991,1.576,19.64,12.8657,0,1389.52,0.0,8.81666,0.5967,1.59304,1.60067,86.1637,0.0,85.0599,34.5885,0.0,2.62426,55.4596,1.54,1.85696,677.511,3.58022,0.33365,0.0,0.0,0.0,0.35767,0.222,637.009,743.619995117,1.54,0.75,1.29854,0.0,66.2257,4.21118,197.938,0.12371,247.85,147.951,67.3,57.7,27.4827,1.89059,0.0,400,44.4459,0.0,1278.9,0.92653,47.5239,0.64393,22.8036,0.0,89.5479,4.92042,0.0
2022-09-30 18:00:00,105.998,2257.16,0.23232,0,30.12,42.4319,2.57267,3.29995,95.5483,3.29938,0.0,93.9788,42.6636,13.2997,0.83091,17.44,7.48638,0,1386.18,0.0,5.6733,0.0,0.46754,1.10018,84.7137,0.0,81.7337,33.5085,0.0,1.53907,55.1951,0.53,1.1383,672.695,2.48249,0.29294,0.0,0.0,0.0,0.0,0.0,631.492,837.159973145,0.82,0.25,0.59968,0.0,79.1897,3.49534,198.221,0.15386,239.81,144.539,67.0,57.6,27.0872,1.27718,0.0,392,40.1282,0.0,1276.92,0.0,44.6942,0.0,17.2664,0.0,79.1644,4.97542,0.0
2022-09-30 18:05:00,109.297,2271.2,0.0,0,24.68,42.6412,1.75235,2.49996,94.5014,2.39986,0.0,100.577,40.863,17.4991,0.52325,16.9,5.04738,0,1390.28,0.0,2.23087,0.0,0.0,0.59968,81.3938,0.0,73.6784,33.2927,0.0,0.9753,56.5424,0.53,0.63389,677.731,1.34447,0.17612,0.0,0.0,0.0,0.0,0.0,637.497,491.950012207,0.4,0.0,0.19989,0.0,88.7663,1.80509,199.614,0.15386,490.33,278.796,67.6,57.8,31.7455,0.0,0.0,397,43.1055,0.0,1274.45,0.42847,32.9289,0.0,15.3943,0.0,88.4248,0.0265,0.0
2022-09-30 18:10:00,105.598,2273.11,0.0,0,22.95,40.1817,0.93202,1.69997,90.1107,1.30121,0.0,95.4009,41.5845,16.4991,0.31768,15.53,2.90648,0,1388.42,0.0,1.63272,0.0,0.0,0.300603,79.2738,0.0,72.4977,28.8985,0.0,0.60307,55.1059,0.53,0.28914,677.2,0.0,0.0,0.0,0.0,0.0,0.0,0.0,639.011,496.089996338,0.0,0.0,0.09918,0.0,96.2829,0.76032,200.471,0.13376,495.86,331.382,67.6,57.7,34.6459,0.0,0.0,400,47.5807,0.0,1277.33,0.17212,10.7703,0.0,17.4861,0.0,96.9687,0.0055,0.06362
2022-09-30 18:15:00,106.096,2275.96,0.0,0,23.78,42.4319,0.0,1.19998,97.5171,0.0,0.0,78.8449,52.0937,19.1984,0.11427,13.76,1.18563,0,1389.38,0.0,0.52796,0.0,0.0,0.199893,81.4738,0.0,83.1429,27.8638,0.0,0.13135,56.8347,0.53,0.0,677.218,0.0,0.0,0.0,0.0,0.0,0.0,0.0,641.501,543.989990234,0.0,0.0,0.00153,0.0,91.8517,0.02557,200.388,0.14381,498.36,348.794,67.5,57.7,35.5358,0.0,0.0,400,53.7734,0.0,1280.19,0.0,0.0,0.0,15.9392,0.0,104.437,0.0,0.04781
2022-09-30 18:20:00,105.996,2267.25,0.0,0,25.09,43.893,0.0,0.0,101.447,0.0,0.0,65.9251,51.3844,18.3974,0.11427,15.3,0.0,0,1389.62,0.0,0.0,0.0,0.0,0.001526,83.3537,0.0,86.8944,25.6334,0.0,0.0,56.2194,0.53,0.0,678.683,0.0,0.0,0.0,0.0,0.0,0.0,0.0,638.425,538.25,0.0,0.0,0.00153,0.0,87.8233,0.0,200.241,0.15386,494.72,344.248,67.5,57.5,38.6889,0.0,0.0,397,52.5905,0.0,1271.6,0.0,32.3649,0.0,17.9343,0.0,119.177,3.96844,0.05662
2022-09-30 18:25:00,101.598,2268.76,0.0,0,23.65,43.5602,0.0,0.0,101.252,0.0,0.0,62.8977,57.0852,20.4993,0.01209,15.86,0.0,0,1389.11,0.0,0.0,0.0,0.0,0.001526,89.8836,0.0,90.9189,26.3602,0.0,0.0,55.7211,0.53,0.0,673.281,0.0,0.0,0.0,0.0,0.0,0.0,0.0,637.229,508.609985352,0.0,0.0,0.00153,0.0,93.0419,0.0,200.543,0.12371,497.53,345.894,67.5,57.6,37.854,0.0,0.0,396,47.903,0.0,1271.4,0.0,49.9979,0.0,19.5604,0.0,124.824,3.99444,0.06072
2022-09-30 18:30:00,107.696,2263.22,0.0,0,24.29,42.6433,0.0,0.0,109.838,0.0,0.0,66.0197,54.0432,21.2959,0.01209,15.35,0.0,0,1388.5,0.0,0.0,0.0,0.0,0.001526,89.6836,0.0,85.6693,24.6979,0.0,0.0,56.3087,0.0,0.0,677.621,0.0,0.0,0.0,0.0,0.0,0.0,0.0,636.912,528.719970703,0.0,0.0,0.00153,0.0,90.7347,0.0,200.392,0.12371,493.97,344.017,67.5,57.5,41.3587,0.0,0.0,395,44.369,0.0,1277.97,0.0,48.3523,0.0,18.8748,0.0,120.565,4.00544,0.05378
2022-09-30 18:35:00,111.396,2280.31,0.0,0,27.61,44.5921,0.0,0.0,114.099,0.0,0.0,69.6925,53.7929,21.6986,0.01209,15.26,0.0,0,1389.18,0.0,0.0,0.0,0.0,0.001526,83.6337,0.0,85.9867,23.7259,0.0,0.0,56.1025,0.0,0.0,681.082,0.0,0.0,0.0,0.0,0.0,0.0,0.0,642.161,389.869995117,0.0,0.0,0.00153,0.0,100.659,0.0,201.973,0.14381,511.45,360.128,67.7,57.6,40.4688,0.0,0.0,409,43.4717,0.0,1277.11,0.0,49.9626,0.0,22.6717,0.0,122.34,0.0475,0.06198
2022-09-30 18:40:00,115.394,2257.31,0.0,0,30.2,47.6315,0.0,0.0,105.314,0.0,0.0,74.9554,48.733,20.0967,0.01209,13.89,0.0,0,1391.38,0.0,0.0,0.0,0.0,0.001526,82.0338,0.0,83.9871,27.0854,0.0,0.0,56.1333,0.0,0.0,682.107,0.0,0.0,0.0,0.0,0.0,0.0,0.0,641.038,469.309997559,0.0,0.0,0.00153,0.0,116.196,0.0,200.453,0.14381,497.49,349.758,67.7,57.6,39.447,0.0,0.0,409,53.9455,0.0,1276.06,0.0,27.6085,0.0,20.0789,0.0,121.404,0.97249,0.05676
2022-09-30 18:45:00,115.397,2240.07,0.0,0,32.56,51.2821,0.0,0.0,99.0249,0.0,0.0,70.5928,50.5043,25.3979,0.0,14.97,0.0,0,1388.64,0.0,0.0,0.0,0.0,0.001526,84.7337,0.0,82.6033,29.5618,0.0,0.0,55.838,0.0,0.0,671.706,0.0,0.0,0.0,0.0,0.0,0.0,0.0,636.765,550.710021973,0.0,0.0,0.00153,0.0,122.943,0.0,240.578,0.12371,487.88,341.741,67.4,57.4,43.3033,0.0,0.0,401,54.8611,0.0,1281.61,0.0,0.88891,0.0,27.1191,0.0,126.03,1.00148,0.06166
2022-09-30 18:50:00,115.794,2248.47,0.0,0,31.85,54.0012,0.0,0.0,88.1459,0.0,0.0,68.864,41.2744,28.1991,0.0,18.36,0.0,0,1386.3,0.0,0.0,0.0,0.0,0.001526,86.7037,0.0,88.8051,28.1859,0.0,0.0,56.3948,0.0,0.0,679.855,0.0,0.0,0.0,0.0,0.0,0.0,0.0,640.037,431.089996338,0.0,0.0,0.00153,0.0,112.589,0.0,242.792,0.13376,496.29,347.304,67.7,57.7,45.8741,0.0,0.0,403,58.8235,0.0,1276.89,0.0,1.30033,0.0,22.9706,0.0,121.968,0.99748,0.05771
2022-09-30 18:55:00,115.696,2249.33,0.0,0,38.24,56.3519,0.0,0.0,83.8841,0.0,0.0,72.3568,40.9937,24.4997,0.0,19.39,0.0,0,1388.86,0.0,0.0,0.0,0.0,0.001526,89.7137,0.0,86.4501,32.8587,0.0,0.0,55.5181,0.0,0.0,676.467,0.0,0.0,0.0,0.0,0.0,0.0,0.0,639.988,433.820007324,0.0,0.0,0.00153,0.0,98.3612,0.0,242.548,0.12371,497.33,349.639,67.5,57.6,48.4889,0.0,0.0,402,57.3001,0.0,1277.38,0.0,2.90317,0.0,21.7401,0.0,117.712,2.72346,0.05373
2022-09-30 19:00:00,112.696,2241.81,0.0,0,41.96,55.7093,0.0,0.0,81.2005,0.0,0.0,80.3982,40.2625,26.4998,0.0,17.87,0.0,0,1384.15,0.0,0.0,0.0,0.0,0.001526,80.6138,0.0,93.8261,34.7249,0.0,0.0,56.0441,0.0,0.0,676.009,0.0,0.0,0.0,0.0,0.0,0.0,0.0,631.662,406.480010986,0.0,0.0,0.00153,0.0,95.5413,0.0,241.771,0.14381,489.89,342.399,67.5,57.8,55.3225,0.0,0.0,400,57.5747,0.0,1270.11,0.0,0.00093,0.0,22.1268,0.0,119.331,0.0,0.06054
2022-09-30 19:05:00,113.795,2247.08,0.0,0,43.91,52.9923,0.0,0.0,82.2473,0.0,0.0,87.7012,45.3651,29.1991,0.0,19.75,0.0,0,1387.47,0.0,0.0,0.0,0.0,0.001526,79.5338,0.0,88.6083,31.9097,0.0,0.0,55.7519,0.0,0.0,676.193,0.0,0.0,0.0,0.0,0.0,0.0,0.0,623.117,352.149993896,0.0,0.0,0.00153,0.0,99.6063,0.0,241.669,0.14381,496.45,344.84,67.4,57.5,59.3875,0.0,0.0,402,61.9547,0.0,1281.07,0.0,0.00093,0.0,21.4588,0.0,118.679,0.0,0.05704
2022-09-30 19:10:00,111.995,2250.84,0.0,0,39.12,47.531,0.0,0.0,76.4152,0.0,0.0,99.8856,57.9824,27.5972,0.0,21.01,0.0,0,1389.01,0.0,0.0,0.0,0.0,0.001526,81.4538,0.0,94.1816,29.4206,0.0,0.0,55.6042,0.0,0.0,679.91,0.0,0.0,0.0,0.0,0.0,0.0,0.0,640.671,299.910003662,0.0,0.0,0.00153,0.0,100.659,0.0,241.807,0.15386,499.8,347.743,67.7,57.5,70.6157,0.0,0.0,407,57.2708,0.0,1276.6,0.0,0.0,0.0,20.3074,0.0,121.237,0.0,0.04769
2022-09-30 19:15:00,111.198,2243.44,0.0,0,35.01,44.5398,0.0,0.0,78.2512,0.0,0.0,94.1497,62.0743,22.5969,0.0,21.09,0.0,0,1388.13,0.0,0.0,0.0,0.0,0.001526,82.2437,0.0,90.8427,28.9389,0.0,0.0,56.5148,0.0,0.0,678.958,0.0,0.0,0.0,0.0,0.0,0.0,0.0,637.131,313.260009766,0.0,0.0,0.00153,0.0,115.344,0.0,241.913,0.12371,493.58,345.572,67.7,57.8,74.6148,0.0,0.0,404,54.07,0.0,1270.11,0.0,0.4775,0.0,23.0409,0.0,123.613,0.0,0.04642
2022-09-30 19:20:00,108.897,2247.42,0.0,0,31.58,49.551,0.0,0.0,80.8723,0.0,0.0,95.9411,59.8331,17.3,0.0,20.98,0.0,0,1389.28,0.0,0.0,0.0,0.0,0.001526,81.8038,0.0,84.8377,27.7932,0.0,0.0,56.1917,0.0,0.0,678.829,0.0,0.0,0.0,0.0,0.0,0.0,0.0,638.083,224.0,0.0,0.0,0.00153,0.0,92.2454,0.0,241.771,0.17395,494.64,344.126,67.7,57.4,73.9117,0.0,0.0,403,53.2168,0.0,1274.99,0.0,0.0,0.0,19.6746,0.0,117.515,0.0,0.04908
2022-09-30 19:25:00,108.693,2252.55,0.0,0,29.23,55.2006,0.0,0.0,83.8841,0.0,0.0,101.012,53.5329,15.7999,0.0,20.53,0.0,0,1389.13,0.0,0.0,0.0,0.0,0.001526,81.7838,0.0,85.4979,28.0344,0.0,0.0,55.9856,0.0,0.0,679.122,0.0,0.0,0.0,0.0,0.0,0.0,0.0,641.208,119.230003357,0.0,0.0,0.00153,0.0,89.7368,0.0,242.206,0.14381,499.48,351.209,68.0,58.1,79.35,0.0,0.0,405,67.7336,0.0,1278.95,0.0,3.55286,0.0,19.657,0.0,111.262,0.0,0.05488
2022-09-30 19:30:00,106.798,2246.1,0.0,0,24.4,62.0622,0.0,0.0,79.0364,0.0,0.0,94.3526,43.1641,14.698,0.0,19.58,0.0,0,1390.89,0.0,0.0,0.0,0.0,0.001526,84.7637,0.0,84.2855,31.9041,0.0,0.0,56.1333,0.0,0.0,678.335,0.0,0.0,0.0,0.0,0.0,0.0,0.0,639.768,132.529998779,0.0,0.0,0.00153,0.0,87.8141,0.0,241.563,0.12371,494.89,345.896,67.7,57.9,77.669,0.0,0.0,403,67.7409,0.0,1275.43,0.0,0.02327,0.0,19.1121,0.0,105.113,0.0,0.0494
2022-09-30 19:35:00,115.298,2256.04,0.0,0,22.12,66.9018,0.0,0.0,88.1459,0.0,0.0,94.3481,46.515,14.5962,0.0,20.12,0.0,0,1389.79,0.0,0.0,0.0,0.0,0.001526,79.3838,0.0,84.2093,31.0535,0.0,0.0,55.7519,0.0,0.0,682.199,0.0,0.0,0.0,0.0,0.0,0.0,0.0,640.452,140.100006104,0.0,0.0,0.00153,0.0,83.8407,0.0,166.821,0.14381,499.16,348.167,67.7,57.9,81.8549,0.0,0.0,409,64.0714,0.0,1276.31,0.0,0.0,0.0,20.5535,0.0,101.056,0.0,0.05188
2022-09-30 19:40:00,118.298,2249.84,0.0,0,18.04,69.7926,0.0,0.0,85.0638,0.0,0.0,98.0926,45.2442,15.0963,0.0,18.22,0.0,0,1388.03,0.0,0.0,0.0,0.0,0.001526,84.4137,0.0,85.6629,30.1577,0.0,0.0,56.2779,0.0,0.0,680.148,0.0,0.0,0.0,0.0,0.0,0.0,0.0,639.573,248.619995117,0.0,0.0,0.00153,0.0,75.967,0.0,119.844,0.15386,491.73,346.48,67.7,58.1,91.49,0.0,0.0,408,63.2364,0.0,1275.65,0.0,0.0,0.0,19.6307,0.0,91.8563,0.0,0.05028
2022-09-30 19:45:00,116.796,2246.96,0.0,0,16.94,73.462,0.0,0.0,83.427,0.0,0.0,102.867,57.2842,20.0967,0.0,17.56,0.0,0,1387.59,0.0,0.0,0.0,0.0,0.001526,85.7337,0.0,85.2059,32.6222,0.0,0.0,54.9889,0.0,0.0,677.877,0.0,0.0,0.0,0.0,0.0,0.0,0.0,638.303,136.800003052,0.0,0.0,0.00153,0.0,75.2529,0.0,119.844,0.12371,494.47,344.655,67.4,57.8,97.4447,0.0,0.0,404,58.9224,0.0,1273.04,0.0,0.08284,0.0,18.2683,0.0,86.6609,0.0,0.04983
2022-09-30 19:50:00,119.499,2251.33,0.0,0,17.0,75.1408,0.0,0.0,83.0325,0.0,0.0,109.358,55.1931,30.9957,0.0,20.7,0.0,0,1388.91,0.0,0.0,0.0,0.0,0.001526,94.6436,0.0,88.8305,29.6285,0.0,0.0,55.7519,0.0,0.0,683.224,0.0,0.0,0.0,0.0,0.0,0.0,0.0,642.942,28.5799999237,0.0,0.0,0.00153,0.0,63.7629,0.0,120.82,0.12371,505.63,353.084,67.9,58.0,103.641,0.0,0.0,408,58.7979,0.0,1272.67,0.0,7.008,0.0,17.3718,0.0,76.1663,0.0,0.05146
2022-09-30 19:55:00,121.695,2255.5,0.0,0,17.78,77.9499,0.0,0.0,78.3801,0.0,0.0,100.647,56.1843,29.7965,0.0,20.61,0.0,0,1386.69,0.0,0.0,0.0,0.0,0.001526,91.5536,0.0,89.1351,35.1217,0.0,0.0,55.6042,0.0,0.0,678.06,0.0,0.0,0.0,0.0,0.0,0.0,0.0,639.988,74.1100006104,0.0,0.0,0.00153,0.0,53.7835,0.0,120.625,0.1639,499.01,349.115,68.0,58.1,105.729,0.0,0.0,408,55.9707,0.0,1281.68,0.0,3.16007,0.0,14.6208,0.0,81.0651,0.0,0.05022
2022-09-30 20:00:00,121.298,2257.85,0.0,0,19.82,74.1423,0.0,0.0,81.5911,0.0,0.0,101.469,54.1042,27.699,0.0,19.32,0.0,0,1389.57,0.0,0.0,0.0,0.0,0.001526,87.4537,0.0,98.3013,38.0646,0.0,0.0,56.3948,0.0,0.0,685.238,0.0,0.0,0.0,0.0,0.0,0.0,0.0,630.246,85.5599975586,0.0,0.0,0.00153,0.0,47.4205,0.0,120.381,0.14381,506.77,356.228,68.1,57.9,108.673,0.0,0.0,411,49.5876,0.0,1275.82,0.0,2.55877,0.0,14.6999,0.0,75.7574,0.0,0.05243
2022-09-30 20:05:00,121.797,2247.67,0.0,0,20.28,69.6125,0.0,0.0,87.8802,0.0,0.0,98.6526,54.9123,29.2965,0.0,19.54,0.0,0,1390.01,0.0,0.0,0.0,0.0,0.001526,89.5136,0.0,103.481,33.9307,0.0,0.0,55.9272,0.0,0.0,682.052,0.0,0.0,0.0,0.0,0.0,0.0,0.0,613.596,153.440002441,0.0,0.0,0.00153,0.0,42.3941,0.0,6.64836,0.14381,496.06,347.651,67.7,57.9,109.969,0.0,0.0,405,63.1009,0.0,1270.62,0.0,0.00093,0.0,17.7058,0.0,85.6587,0.0,0.04882
2022-09-30 20:10:00,123.698,2247.64,0.0,0,20.57,66.4811,0.0,0.0,87.9506,0.0,0.0,97.5448,51.2538,31.4958,0.0,18.27,0.0,0,1389.74,0.0,0.0,0.0,0.0,0.001526,98.1335,0.0,100.694,35.8667,0.0,0.0,56.3363,0.0,0.0,681.338,0.0,0.0,0.0,0.0,0.0,0.0,0.0,600.729,153.490005493,0.0,0.0,0.00153,0.0,36.8002,0.0,0.0,0.15386,502.7,349.246,68.0,57.9,107.234,0.0,0.0,407,73.9043,0.0,1275.26,0.0,0.00093,0.0,15.8337,0.0,93.2894,0.0,0.04778
2022-09-30 20:15:00,123.897,2246.52,0.0,0,19.86,64.6013,0.0,0.0,91.4858,0.0,0.0,103.784,54.4045,36.7971,0.0,18.0,0.0,0,1389.33,0.0,0.0,0.0,0.0,0.001526,101.173,0.0,104.935,33.8719,0.0,0.0,56.3363,0.0,0.0,682.217,0.0,0.0,0.0,0.0,0.0,0.0,0.0,583.59,175.529998779,0.0,0.0,0.00153,0.0,42.7604,0.0,0.0,0.15386,497.5,347.337,68.0,58.1,104.959,0.0,0.0,405,72.8972,0.0,1272.91,0.0,0.00093,0.0,19.8592,0.0,96.4694,0.0,0.05296
2022-09-30 20:20:00,122.198,2248.01,0.0,0,19.07,72.3714,0.0,0.0,95.2241,0.0,0.0,112.959,54.3435,39.6999,0.0,20.08,0.0,0,1388.45,0.0,0.0,0.0,0.0,0.001526,96.7935,0.0,105.385,29.3008,0.0,0.0,56.3948,0.0,0.0,679.232,0.0,0.0,0.0,0.0,0.0,0.0,0.0,568.331,132.160003662,0.0,0.0,0.00153,0.0,43.4928,0.0,0.0,0.15386,497.2,345.913,67.9,57.8,98.4994,0.0,0.0,406,66.2797,0.0,1270.94,0.0,0.00093,0.0,21.2567,0.0,93.9828,0.0,0.05545
2022-09-30 20:25:00,122.498,2256.26,0.0,0,20.34,75.8127,0.0,0.0,93.3881,0.0,0.0,125.313,53.0043,43.2976,0.0,18.17,0.0,0,1389.08,0.0,0.0,0.0,0.0,0.001526,92.0536,0.0,106.528,30.1918,0.0,0.0,55.838,0.0,0.0,677.328,0.0,0.0,0.0,0.0,0.0,0.0,0.0,553.536,124.239997864,0.0,0.0,0.00153,0.0,43.6576,0.0,0.0,0.13376,495.65,345.394,67.3,58.0,93.984,0.0,0.0,405,57.626,0.0,1277.46,0.0,0.0,0.0,24.1307,0.0,99.8691,0.0,0.04737
2022-09-30 20:30:00,118.595,2247.57,0.0,0,23.86,76.5537,0.0,0.0,102.564,0.0,0.0,113.979,58.4024,42.8993,0.0,19.57,0.0,0,1381.12,0.0,0.0,0.0,0.0,0.001526,90.1036,0.0,104.973,32.2104,0.0,0.0,55.6626,0.0,0.0,679.507,0.0,0.0,0.0,0.0,0.0,0.0,0.0,538.106,139.529998779,0.0,0.0,0.00153,0.0,47.2282,0.0,0.0,0.1639,496.79,349.195,67.9,58.1,87.8975,0.0,0.0,409,55.9561,0.0,1273.04,0.0,0.00093,0.0,21.6786,0.0,107.229,0.0,0.0542
2022-09-30 20:35:00,119.198,2255.8,0.0,0,26.37,74.2428,0.0,0.0,103.478,0.0,0.0,100.372,65.9843,42.3993,0.0,19.06,0.0,0,1385.06,0.0,0.0,0.0,0.0,0.001526,83.9837,0.0,103.126,34.0465,0.0,0.0,55.7211,0.0,0.0,680.569,0.0,0.0,0.0,0.0,0.0,0.0,0.0,523.091,113.720001221,0.0,0.0,0.00153,0.0,53.7285,0.0,0.0,0.13376,504.54,336.465,67.9,57.8,78.0755,0.0,0.0,410,49.2726,0.0,1273.43,0.0,0.00093,0.0,23.911,0.0,108.053,0.0,0.05286
2022-09-30 20:40:00,116.997,2247.18,0.0,0,29.06,67.8417,0.0,0.0,99.7437,0.0,0.0,98.3154,67.1049,36.9962,0.0,18.82,0.0,0,1386.01,0.0,0.0,0.0,0.0,0.001526,85.9537,0.0,104.033,31.682,0.0,0.0,55.6626,0.0,0.0,678.372,0.0,0.0,0.0,0.0,0.0,0.0,0.0,504.805,76.0899963379,0.0,0.0,0.00153,0.0,65.0538,0.0,0.0,0.13376,492.0,317.533,67.9,58.0,79.5257,0.0,0.0,405,46.8446,0.0,1272.13,0.0,0.0,0.0,24.8163,0.0,107.444,0.0,0.05172
2022-09-30 20:45:00,120.896,2259.09,0.0,0,31.63,67.4712,0.0,0.0,95.9429,0.0,0.0,96.5438,62.9044,31.2966,0.0,16.67,0.0,0,1382.3,0.0,0.0,0.0,0.0,0.001526,87.5337,0.0,100.986,34.0267,0.0,0.0,56.2779,0.0,0.0,680.825,0.0,0.0,0.0,0.0,0.0,0.0,0.0,489.107,12.4600000381,0.0,0.0,0.00153,0.0,64.4862,0.0,0.0,0.15386,499.84,326.554,67.8,58.1,79.1192,0.0,0.0,408,45.5445,0.0,1265.0,0.0,0.00093,0.0,24.4647,0.0,113.833,0.0,0.05149
2022-09-30 20:50:00,120.694,2258.07,0.0,0,36.56,57.2918,0.0,0.0,86.8334,0.0,0.0,85.8656,58.8443,24.1987,0.0,15.1,0.0,0,1355.05,0.0,0.0,0.0,0.0,0.001526,83.8337,0.0,99.501,33.864,0.0,0.0,55.6934,0.0,0.0,682.29,0.0,0.0,0.0,0.0,0.0,0.0,0.0,476.387,78.6600036621,0.0,0.0,0.00153,0.0,57.5647,0.0,0.0,0.15386,504.5,307.198,67.8,57.9,82.2834,0.0,0.0,412,40.3113,0.0,1248.96,0.0,0.00093,0.0,21.0194,0.0,118.077,0.0,0.0538
2022-09-30 20:55:00,118.496,2259.26,0.0,0,33.33,55.4518,0.0,0.0,75.4933,0.0,0.0,91.7342,51.1037,20.7958,0.0,17.05,0.0,0,1356.86,0.0,0.0,0.0,0.0,0.001526,86.4737,0.0,99.4249,32.8484,0.0,0.0,55.4873,0.0,0.0,685.751,0.0,0.0,0.0,0.0,0.0,0.0,0.0,466.328,141.699996948,0.0,0.0,0.00153,0.0,62.7283,0.0,0.0,0.12371,504.06,331.368,67.8,58.1,85.5134,0.0,0.0,411,39.2419,0.0,1225.99,0.0,0.00093,0.0,22.5838,0.0,120.685,0.0105,0.05089
2022-09-30 21:00:00,116.598,2258.75,0.0,0,32.43,59.182,0.0,0.0,65.0752,0.0,0.0,92.7321,47.7235,18.7957,0.0,19.2,0.0,0,1355.25,0.0,0.0,0.0,0.0,0.001526,88.6737,0.0,92.7788,32.0485,0.0,0.0,56.5148,0.0,0.0,680.624,0.0,0.0,0.0,0.0,0.0,0.0,0.0,454.536,197.029998779,0.0,0.0,0.00153,0.0,67.1046,0.0,0.0,0.15386,506.53,329.045,67.8,58.0,90.3365,0.0,0.0,411,37.8759,0.0,1203.04,0.0,0.00093,0.0,22.3729,0.0,126.904,0.0,0.05228
2022-09-30 21:05:00,108.597,2244.88,0.0,0,30.16,64.4611,0.0,0.0,62.3877,0.0,0.0,96.8338,47.7345,15.3972,0.0,22.61,0.0,0,1372.53,0.0,0.0,0.0,0.0,0.001526,87.0237,0.0,92.1757,31.5955,0.0,0.0,55.7519,0.0,0.0,679.69,0.0,0.0,0.0,0.0,0.0,0.0,0.0,435.981,104.440002441,0.0,0.0,0.00153,0.0,63.122,0.0,0.0,0.12371,495.1,346.931,68.0,58.0,95.5441,0.0,0.0,403,35.1367,0.0,1224.06,0.0,0.0,0.0,19.9207,0.0,129.705,0.0,0.04925
2022-09-30 21:10:00,114.394,2250.45,0.0,0,30.36,68.6434,0.0,0.0,57.9345,0.0,0.0,99.9161,46.7738,15.8972,0.0,23.51,0.0,0,1388.13,0.0,0.0,0.0,0.0,0.001526,87.0037,0.0,93.5405,31.5066,0.0,0.0,55.9272,0.0,0.0,690.658,0.0,0.0,0.0,0.0,0.0,0.0,0.0,414.667,83.1699981689,0.0,0.0,0.00153,0.0,60.8331,0.0,0.0,0.15386,503.81,354.928,68.0,57.7,93.0282,0.0,0.0,409,34.1735,0.0,1254.29,0.0,0.01396,0.0,23.0848,0.0,130.502,0.0,0.04909
2022-09-30 21:15:00,119.899,2254.82,0.0,0,32.92,64.2308,0.0,0.0,50.0008,0.0,0.0,91.1589,42.2437,21.2959,0.0,25.36,0.0,0,1389.01,0.0,0.0,0.0,0.0,0.001526,84.9637,0.0,97.5459,31.8002,0.0,0.0,56.1025,0.0,0.0,683.663,0.0,0.0,0.0,0.0,0.0,0.0,0.0,378.509,25.6399993896,0.0,0.0,0.00153,0.0,61.3458,0.0,0.0,0.15386,504.41,358.308,67.9,57.8,92.8743,0.0,0.0,408,32.5475,0.0,1266.35,0.0,0.00093,0.0,18.3475,0.0,125.001,0.0,0.05276
2022-09-30 21:20:00,116.996,2259.73,0.0,0,32.54,68.4717,0.0,0.0,50.6609,0.0,0.0,82.3896,44.6644,20.7958,0.0,23.82,0.0,0,1389.18,0.0,0.0,0.0,0.0,0.001526,85.8437,0.0,99.1392,29.4436,0.0,0.0,55.6626,0.0,0.0,680.001,0.0,0.0,0.0,0.0,0.0,0.0,0.0,369.72,108.339996338,0.0,0.0,0.00153,0.0,65.7221,0.0,0.0,0.04333,501.54,351.056,67.9,57.9,91.2154,0.0,0.0,409,28.0943,0.0,1269.89,0.0,0.0,0.0,17.2927,0.0,120.542,0.0,0.05187
2022-09-30 21:25:00,117.698,2254.62,0.0,0,30.31,74.8121,0.0,0.0,47.446,0.0,0.0,87.0588,48.2326,25.097,0.0,22.58,0.0,0,1384.79,0.0,0.0,0.0,0.0,0.001526,87.3937,0.0,104.084,28.4732,0.0,0.0,56.1917,0.0,0.0,683.407,0.0,0.0,0.0,0.0,0.0,0.0,0.0,358.929,139.86000061,0.0,0.0,0.00153,0.0,62.4262,0.0,0.0,0.12371,496.97,349.384,67.9,57.9,92.8524,0.0,0.0,406,24.6482,0.0,1265.4,0.0,0.0,0.0,15.6667,0.0,124.402,0.0,0.04844
2022-09-30 21:30:00,117.797,2244.22,0.0,0,31.56,78.693,0.0,0.0,40.3053,0.0,0.0,85.6611,49.7548,28.7964,0.0,22.72,0.0,0,1356.05,0.0,0.0,0.0,0.0,0.001526,82.7737,0.0,102.218,28.4105,0.0,0.0,54.8136,0.0,0.0,681.777,0.0,0.0,0.0,0.0,0.0,0.0,0.0,341.741,146.169998169,0.0,0.0,0.00153,0.0,66.537,0.0,0.0,0.1639,486.9,340.855,67.3,57.9,93.7752,0.0,0.0,403,22.4326,0.0,1242.79,0.0,0.0,0.0,14.8757,0.0,127.025,0.0285,0.04834
2022-09-30 21:35:00,116.897,2260.43,0.0,0,35.79,80.0201,0.0,0.0,34.6685,0.0,0.0,87.2969,58.9944,30.1992,0.0,24.25,0.0,0,1382.76,0.0,0.0,0.0,0.0,0.001526,86.4437,0.0,103.837,28.1256,0.0,0.0,55.5457,0.0,0.0,684.011,0.0,0.0,0.0,0.0,0.0,0.0,0.0,332.219,130.589996338,0.0,0.0,0.00153,0.0,63.9643,0.0,0.0,0.12371,504.84,293.447,67.8,58.0,93.4456,0.0,0.0,411,23.7437,0.0,1208.29,0.0,0.00093,0.0,14.4714,0.0,143.901,0.0,0.04441
2022-09-30 21:40:00,116.994,2247.81,0.0,0,37.93,84.5122,0.0,0.0,30.3442,0.0,0.0,89.3919,46.3539,27.3981,0.0,22.78,0.0,0,1380.47,0.0,0.0,0.0,0.0,0.001526,85.7837,0.0,102.929,26.3245,0.0,0.0,55.4012,0.0,0.0,677.548,0.0,0.0,0.0,0.0,0.0,0.0,0.0,356.536,170.059997559,0.0,0.0,0.00153,0.0,58.7182,0.0,0.0,0.12371,490.02,269.506,67.8,58.1,95.9066,0.0,0.0,405,19.9936,0.0,1199.43,0.0,0.0,0.0,15.6228,0.0,145.724,0.0005,0.05168
2022-09-30 21:45:00,117.299,2252.48,0.0,0,35.31,87.7002,0.0,0.0,28.1137,0.0,0.0,91.2108,38.4033,28.2964,0.0,22.54,0.0,0,1358.54,0.0,0.0,0.0,0.0,0.001526,91.9236,0.0,99.8184,26.0983,0.0,0.0,55.7211,0.0,0.0,683.004,0.0,0.0,0.0,0.0,0.0,0.0,0.0,318.352,137.11000061,0.0,0.0,0.00153,0.0,71.0689,0.0,0.0,0.17395,508.55,239.844,68.1,57.9,94.5333,0.0,0.0,411,22.8244,0.0,1201.48,0.0,0.00093,0.0,14.5681,0.0,151.829,0.0,0.05516
2022-09-30 21:50:00,114.894,2249.89,0.0,0,35.49,95.2023,0.0,0.0,29.559,0.0,0.0,94.519,35.1134,25.1988,0.0,21.83,0.0,0,1340.04,0.0,0.0,0.0,0.0,0.001526,102.633,0.0,97.9903,29.6205,0.0,0.0,56.0441,0.0,0.0,675.204,0.0,0.0,0.0,0.0,0.0,0.0,0.0,327.483,99.0800018311,0.0,0.0,0.00153,0.0,91.2291,0.0,0.0,0.14381,496.35,272.187,68.1,58.0,94.0719,0.0,0.0,404,20.7407,0.0,1197.13,0.0,0.0,0.0,12.1511,0.0,146.938,0.0005,0.04852
2022-09-30 21:55:00,115.797,2266.59,0.0,0,34.98,99.3992,0.0,0.0,27.5903,0.0,0.0,87.6295,35.1635,25.2962,0.0,21.1,0.0,0,1312.62,0.0,0.0,0.0,0.0,0.001526,94.4436,0.0,94.7783,31.7375,0.0,0.0,56.8347,0.0,0.0,693.496,0.0,0.0,0.0,0.0,0.0,0.0,0.0,319.524,100.190002441,0.0,0.0,0.00153,0.0,94.168,0.0,0.0,0.12371,507.93,230.851,68.1,57.8,92.6107,0.0,0.0,413,20.3452,0.0,1198.23,0.0,0.00093,0.0,10.9206,0.0,151.694,0.0015,0.05267
2022-09-30 22:00:00,112.096,2257.19,0.0,0,35.3,102.049,0.0,0.0,26.0199,0.0,0.0,88.7831,40.603,23.296,0.0,19.39,0.0,0,1283.98,0.0,0.0,0.0,0.0,0.001526,97.6535,0.0,90.7538,32.3128,0.0,0.0,55.635,0.0,0.0,686.667,0.0,0.0,0.0,0.0,0.0,0.0,0.0,310.246,48.3400001526,0.0,0.0,0.00153,0.0,103.561,0.0,0.0,0.15386,505.05,269.737,68.5,58.0,90.5782,0.0,0.0,412,20.3964,0.0,1199.38,0.0,0.00093,0.0,10.4723,0.0,159.395,0.0,0.05236
2022-09-30 22:05:00,109.898,2246.49,0.0,0,34.02,103.021,0.0,0.0,30.4067,0.0,0.0,74.4564,41.7139,22.2959,0.0,17.34,0.0,0,1314.25,0.0,0.0,0.0,0.0,0.001526,84.7937,0.0,90.2968,33.8108,0.0,0.0,56.0749,0.0,0.0,693.57,0.0,0.0,0.0,0.0,0.0,0.0,0.0,291.936,163.339996338,0.0,0.0,0.00153,0.0,121.872,0.0,0.0,0.15386,496.53,275.988,67.9,57.9,93.3468,0.0,0.0,405,17.6168,0.0,1221.13,0.0,0.02327,0.0,11.694,0.0,156.563,0.0,0.052
2022-09-30 22:10:00,108.095,2254.21,0.0,0,35.68,100.921,0.0,0.0,28.3129,0.0,0.0,68.014,44.7437,26.5972,0.0,15.73,0.0,0,1356.51,0.0,0.0,0.0,0.0,0.001526,89.6037,0.0,84.2601,32.7905,0.0,0.0,55.7211,0.0,0.0,678.06,0.0,0.0,0.0,0.0,0.0,0.0,0.0,278.288,99.7200012207,0.0,0.0,0.00153,0.0,134.47,0.0,0.0,0.12371,497.35,254.911,67.3,57.8,89.9739,0.0,0.0,403,13.0758,0.0,1255.46,0.0,0.0,0.0,10.7008,0.0,157.006,0.0025,0.05471
2022-09-30 22:15:00,112.395,2258.75,0.0,0,38.4,99.1732,0.0,0.0,27.7231,0.0,0.0,62.1057,48.7746,27.199,0.0,15.81,0.0,0,1377.1,0.0,0.0,0.0,0.0,0.001526,90.0636,0.0,76.7761,35.6755,0.0,0.0,55.4012,0.0,0.0,680.844,0.0,0.0,0.0,0.0,0.0,0.0,0.0,279.68,55.8100013733,0.0,0.0,0.00153,0.0,141.95,0.0,0.0,0.15386,503.59,265.255,67.9,57.9,93.6544,0.0,0.0,409,16.0568,0.0,1228.14,0.0,0.00093,0.0,12.072,0.0,159.35,0.0015,0.05366
2022-09-30 22:20:00,109.494,2255.38,0.0,0,37.06,101.612,0.0,0.0,31.6528,0.0,0.0,56.5026,53.5647,30.3983,0.0,16.16,0.0,0,1373.9,0.0,0.0,0.0,0.0,0.001526,86.8937,0.0,75.9445,34.4075,0.0,0.0,56.161,0.0,0.0,678.17,0.0,0.0,0.0,0.0,0.0,0.0,0.0,280.998,99.9199981689,0.0,0.0,0.00153,0.0,151.225,0.0,0.0,0.13376,504.71,264.564,67.9,57.9,97.8402,0.0,0.0,409,20.5832,0.0,1199.94,0.0,0.00093,0.0,11.2546,0.0,161.227,0.0035,0.05153
2022-09-30 22:25:00,108.395,2242.32,0.0,0,38.47,105.664,0.0,0.0,33.5513,0.0,0.0,57.5463,48.3827,32.2967,0.0,16.75,0.0,0,1383.61,0.0,0.0,0.0,0.0,0.001526,84.0737,0.0,73.6593,32.9039,0.0,0.0,55.838,0.0,0.0,676.76,0.0,0.0,0.0,0.0,0.0,0.0,0.0,275.724,59.4300003052,0.0,0.0,0.00153,0.0,137.629,0.0,0.0,0.14381,495.46,252.389,67.3,58.1,98.884,0.0,0.0,401,16.8331,0.0,1171.54,0.0,0.0,0.0,11.1755,0.0,160.468,0.0035,0.05107
2022-09-30 22:30:00,109.195,2251.3,0.0,0,37.74,104.153,0.0,0.0,34.9927,0.0,0.0,57.9004,38.7854,31.9958,0.0,15.7,0.0,0,1355.05,0.0,0.0,0.0,0.0,0.001526,84.0637,0.0,87.2118,33.4578,0.0,0.0,56.4255,0.0,0.0,680.02,0.0,0.0,0.0,0.0,0.0,0.0,0.0,277.507,137.270004272,0.0,0.0,0.00153,0.0,138.645,0.0,0.0,0.13376,496.14,169.113,67.9,58.0,101.103,0.0,0.0,406,19.4296,0.0,1145.79,0.0,6.88513,0.0,10.78,0.0,154.084,0.0,0.05127
2022-09-30 22:35:00,111.096,2251.47,0.0,0,33.81,105.633,0.0,0.0,30.0122,0.0,0.0,50.2556,46.1634,28.0973,0.0,16.79,0.0,0,1380.0,0.0,0.0,0.0,0.0,0.001526,83.3337,0.0,84.9837,36.0183,0.0,0.0,55.1951,0.0,0.0,681.338,0.0,0.0,0.0,0.0,0.0,0.0,0.0,263.249,66.1100006104,0.0,0.0,0.00153,0.0,148.524,0.0,0.0,0.15386,498.56,228.158,67.9,58.2,104.41,0.0,0.0,409,22.1506,0.0,1118.0,0.0,4.96396,0.0,11.2106,0.0,160.71,0.0,0.0452
2022-09-30 22:40:00,110.698,2247.01,0.0,0,36.5,105.212,0.0,0.0,30.0825,0.0,0.0,48.1865,54.0322,32.1994,0.0,17.81,0.0,0,1375.05,0.0,0.0,0.0,0.0,0.001526,78.7938,0.0,75.7541,36.2405,0.0,0.0,56.8347,0.0,0.0,676.65,0.0,0.0,0.0,0.0,0.0,0.0,0.0,244.352,122.88999939,0.0,0.0,0.00153,0.0,146.107,0.0,0.0,0.12371,492.11,239.982,67.6,58.0,104.597,0.0,0.0,368,23.5129,0.0,1097.64,0.0,0.0,0.0,12.3005,0.0,164.766,0.0005,0.0458
2022-09-30 22:45:00,113.896,2255.01,0.0,0,40.14,106.001,0.0,0.0,27.6567,0.0,0.0,47.6905,61.3126,30.4957,0.0,17.0,0.0,0,1349.51,0.0,0.0,0.0,0.0,0.001526,77.1838,0.0,59.6118,34.6781,0.0,0.0,54.8721,0.0,0.0,681.704,0.0,0.0,0.0,0.0,0.0,0.0,0.0,230.851,164.660003662,0.0,0.0,0.00153,0.0,138.718,0.0,0.0,0.14381,502.0,234.201,67.9,57.9,106.069,0.0,0.0,340,26.2925,0.0,1099.81,0.0,0.00093,0.0,9.57583,0.0,166.856,0.0035,0.0553
2022-09-30 22:50:00,119.696,2253.65,0.0,0,39.61,106.472,0.0,0.0,29.1606,0.0,0.0,45.6733,51.8923,33.1994,0.0,16.77,0.0,0,1322.92,0.0,0.0,0.0,0.0,0.001526,80.7838,0.0,65.9786,32.9015,0.0,0.0,55.2227,0.0,0.0,686.593,0.0,0.0,0.0,0.0,0.0,0.0,0.0,223.966,240.86000061,0.0,0.0,0.00153,0.0,153.394,0.0,0.0,0.14381,510.25,193.252,68.1,57.8,108.629,0.0,0.0,303,29.7679,0.0,1100.4,0.0,0.00093,0.0,10.9118,0.0,164.508,0.0,0.05058
2022-09-30 22:55:00,117.098,2250.21,0.0,0,39.63,104.272,0.0,0.0,31.7192,0.0,0.0,41.7334,50.6142,43.6958,0.0,12.96,0.0,0,1289.28,0.0,0.0,0.0,0.0,0.001526,77.3038,0.0,63.8521,35.3414,0.0,0.0,56.6316,0.0,0.0,679.928,0.0,0.0,0.0,0.0,0.0,0.0,0.0,224.088,307.730010986,0.0,0.0,0.00153,0.0,147.919,0.0,0.0,0.12371,506.22,144.517,67.5,57.9,111.266,0.0,0.0,297,44.6912,0.0,1097.62,0.0,0.00093,0.0,10.1383,0.0,167.283,0.0015,0.05702
2022-09-30 23:00:00,119.596,2245.22,0.0,0,46.87,103.602,0.0,0.0,37.1607,0.0,0.0,41.4801,46.2135,49.4971,0.0,12.28,0.0,0,1249.85,0.0,0.0,0.0,0.0,0.001526,87.0937,0.0,67.502,35.781,0.0,0.0,56.3948,0.0,0.0,681.777,0.0,0.0,0.0,0.0,0.0,0.0,0.0,218.546,298.220001221,0.0,0.0,0.00153,0.0,162.715,0.0,0.0,0.12371,500.22,140.805,68.2,58.1,111.793,0.0,0.0,283,45.5079,0.0,1070.0,0.0,0.02141,0.0,11.8962,0.0,168.46,0.0,0.05296
2022-09-30 23:05:00,118.6,2251.55,0.0,0,51.09,103.23,0.0,0.0,36.5045,0.0,0.0,39.0372,41.7444,54.6967,0.0,11.82,0.0,0,1219.06,0.0,0.0,0.0,0.0,0.001526,92.7836,0.0,64.0869,36.6348,0.0,0.0,55.0474,0.0,0.0,682.254,0.0,0.0,0.0,0.0,0.0,0.0,0.0,224.039,427.980010986,0.0,0.0,0.00153,0.0,161.927,0.0,0.0,0.15386,510.58,200.624,67.9,57.8,110.552,0.0,0.0,256,45.9071,0.0,1090.07,0.0,0.00093,0.0,10.9733,0.0,167.27,0.0,0.0495
2022-09-30 23:10:00,115.996,2257.99,0.0,0,51.85,101.582,0.0,0.0,35.3209,0.0,0.0,39.6811,54.5144,58.697,0.0,11.09,0.0,0,1253.85,0.0,0.0,0.0,0.0,0.001526,91.3836,0.0,69.9205,35.2827,0.0,0.0,55.6042,0.0,0.0,676.778,0.0,0.0,0.0,0.0,0.0,0.0,0.0,220.011,170.220001221,0.0,0.0,0.00153,0.0,160.856,0.0,0.0,0.13376,510.47,243.762,68.2,58.2,111.178,0.0,0.0,216,43.4461,0.0,1102.5,0.0,0.0,0.0,9.12758,0.0,168.472,0.0005,0.0523
2022-09-30 23:15:00,114.694,2260.39,0.0,0,50.23,102.522,0.0,0.0,33.6841,0.0,0.0,41.7975,57.8543,74.2999,0.0,11.22,0.0,0,1300.12,0.0,0.0,0.0,0.0,0.001526,89.7436,0.0,67.2862,36.2825,0.0,0.0,56.3948,0.0,0.0,679.379,0.0,0.0,0.0,0.0,0.0,0.0,0.0,223.478,159.729995728,0.0,0.0,0.00153,0.0,168.125,0.0,0.0,0.12371,506.47,253.01,68.2,58.1,113.54,0.0,0.0,190,40.3809,0.0,1106.85,0.0,0.00093,0.0,10.0153,0.0,167.051,0.0015,0.0544
2022-09-30 23:20:00,115.793,2260.09,0.0,0,56.31,100.561,0.0,0.0,34.274,0.0,0.0,46.3645,54.9941,87.7965,0.0,13.26,0.0,0,1337.91,0.0,0.0,0.0,0.0,0.001526,89.7936,0.0,79.0041,32.2929,0.0,0.0,56.3087,0.0,0.0,681.191,0.0,0.0,0.0,0.0,0.0,0.0,0.0,226.676,89.7200012207,0.0,0.0,0.00153,0.0,172.557,0.0,0.0,0.13376,512.8,254.063,67.9,57.9,118.165,0.0,0.0,191,37.7295,0.0,1101.33,0.0,0.00093,0.0,12.3532,0.0,164.506,0.0005,0.05184
2022-09-30 23:25:00,115.598,2262.09,0.0,0,57.04,99.0413,0.0,0.0,35.3873,0.0,0.0,45.4292,54.103,94.6997,0.0,12.4,0.0,0,1374.97,0.0,0.0,0.0,0.0,0.001526,89.0636,0.0,86.012,28.8953,0.0,0.0,55.312,0.0,0.0,677.328,0.0,0.0,0.0,0.0,0.0,0.0,0.0,223.404,55.2999992371,0.0,0.0,0.00153,0.0,173.39,0.0,0.0,0.15386,504.6,249.839,67.9,58.0,121.956,0.0,0.0,190,35.8618,0.0,1100.77,0.0,0.00093,0.0,10.1647,0.0,164.478,0.0,0.05249
2022-09-30 23:30:00,109.498,2251.5,0.0,0,53.15,100.971,0.0,0.0,30.2778,0.0,0.0,50.4601,50.735,97.2972,0.0,11.38,0.0,0,1386.13,0.0,0.0,0.0,0.0,0.001526,82.1738,0.0,85.1488,30.0093,0.0,0.0,56.0749,0.0,0.0,675.185,0.0,0.0,0.0,0.0,0.0,0.0,0.0,219.815,0.0,0.0,0.0,0.00153,0.0,165.306,0.0,0.0,0.12371,495.77,243.148,67.3,57.9,124.559,0.0,0.0,191,37.3889,0.0,1100.35,0.0,2.25905,0.0,12.8806,0.0,167.163,0.0015,0.05302
2022-09-30 23:35:00,114.196,2250.03,0.0,0,53.58,100.199,0.0,0.0,33.2935,0.0,0.0,55.3002,52.9336,91.2968,0.0,14.06,0.0,0,1384.05,0.0,0.0,0.0,0.0,0.001526,85.4837,0.0,84.4061,31.3447,0.0,0.0,55.8103,0.0,0.0,680.367,0.0,0.0,0.0,0.0,0.0,0.0,0.0,220.45,186.830001831,0.0,0.0,0.00153,0.0,160.545,0.0,0.0,0.12371,256.07,334.995,67.9,57.9,129.558,0.0,0.0,191,39.5569,0.0,1125.03,0.0,0.00093,0.0,12.0104,0.0,163.22,0.0,0.04828
2022-09-30 23:40:00,109.995,2243.71,0.0,0,49.83,99.1627,0.0,0.0,31.8481,0.0,0.0,56.9543,48.8649,91.3986,0.0,14.7,0.0,0,1379.64,0.0,0.0,0.0,0.0,0.001526,77.0438,0.0,82.9144,31.263,0.0,0.0,55.4288,0.0,0.0,676.687,0.0,0.0,0.0,0.0,0.0,0.0,0.0,218.228,215.740005493,0.0,0.0,0.00153,0.0,156.187,0.0,0.0,0.15386,251.02,350.938,67.9,57.7,130.086,0.0,0.0,158,34.7741,0.0,1152.75,0.0,11.4814,0.0,13.32,0.0,165.257,0.0,0.0502
2022-09-30 23:45:00,111.598,2247.23,0.0,0,47.22,97.2725,0.0,0.0,32.3091,0.0,0.0,58.1659,43.3143,92.0977,0.0,15.5,0.0,0,1388.08,0.0,0.0,0.0,0.0,0.001526,80.2438,0.0,83.5364,30.952,0.0,0.0,56.0441,0.0,0.0,679.928,0.0,0.0,0.0,0.0,0.0,0.0,0.0,222.232,239.350006104,0.0,0.0,0.00153,0.0,162.852,0.0,0.0,0.12371,257.25,360.458,67.7,57.7,131.151,0.0,0.0,44,33.4374,0.0,1162.78,0.0,0.00093,0.0,16.3259,0.0,164.758,0.0045,0.05629
2022-09-30 23:50:00,107.198,2232.5,0.0,0,44.94,97.6514,0.0,0.0,36.2388,0.0,0.0,59.3103,41.7237,94.6997,0.0,16.21,0.0,0,1387.89,0.0,0.0,0.0,0.0,0.001526,69.8239,0.0,86.7674,32.7873,0.0,0.0,55.8688,0.0,0.0,676.284,0.0,0.0,0.0,0.0,0.0,0.0,0.0,220.987,320.109985352,0.0,0.0,0.00153,0.0,165.525,0.0,0.0,0.12371,248.74,345.785,67.7,58.0,142.918,0.0,0.0,0,32.8075,0.0,1160.9,0.0,3.41883,0.0,15.4294,0.0,160.986,0.0,0.05093
2022-09-30 23:55:00,105.698,2220.25,0.0,0,44.37,96.0019,0.0,0.0,41.8756,0.0,0.0,68.1636,46.2635,90.5976,0.0,16.05,0.0,0,1356.56,0.0,0.0,0.0,0.0,0.001526,73.2939,0.0,85.7772,32.9714,0.0,0.0,56.1025,0.0,0.0,672.768,0.0,0.0,0.0,0.0,0.0,0.0,0.0,218.106,339.619995117,0.0,0.0,0.00153,0.0,170.359,0.0,0.0,0.15386,247.75,347.354,67.1,58.1,151.125,0.0,0.0,0,26.4134,0.0,1135.48,0.0,0.00093,0.0,17.9871,0.0,161.911,0.0,0.05446
2022-10-01 00:00:00,108.897,2216.73,0.0,0,39.96,92.6925,0.0,0.0,48.7586,0.0,0.0,65.8823,44.3726,81.296,0.0,17.83,0.0,0,1318.55,0.0,0.0,0.0,0.0,0.001526,68.704,0.0,77.0808,28.2748,0.0,0.0,55.8688,0.0,0.0,677.31,0.0,0.0,0.0,0.0,0.0,0.0,0.0,217.447,331.329986572,0.0,0.0,0.00153,0.0,158.045,0.0,0.0,0.15386,253.35,355.228,67.7,57.8,145.917,0.0,0.0,0,27.4681,0.0,1113.9,0.0,0.00093,0.0,19.5604,0.0,165.875,0.0,0.05288
2022-10-01 00:05:00,106.595,2213.49,0.0,0,35.85,93.9212,0.0,0.0,53.8055,0.0,0.0,68.5298,41.9239,75.4991,0.0,18.38,0.0,0,1286.3,0.0,0.0,0.0,0.0,0.001526,64.144,0.0,71.9137,27.2885,0.0,0.0,55.8103,0.0,0.0,676.65,0.0,0.0,0.0,0.0,0.0,0.0,0.0,219.644,441.029998779,0.0,0.0,0.00153,0.0,145.319,0.0,0.0,0.13376,118.83,349.522,67.7,58.1,136.765,0.0,0.0,0,23.8828,0.0,1131.63,0.0,7.69679,0.0,25.7304,0.0,168.559,0.0,0.05208
2022-10-01 00:10:00,105.098,2202.62,0.0,0,30.7,94.9721,0.0,0.0,57.997,0.0,0.0,79.855,39.6936,67.7994,0.0,18.21,0.0,0,1268.13,0.0,0.0,0.0,0.0,0.001526,70.5439,0.0,73.7482,25.5135,0.0,0.0,56.0164,0.0,0.0,677.841,0.0,0.0,0.0,0.0,0.0,0.0,0.0,220.255,545.630004883,0.0,0.0,0.00153,0.0,151.591,0.0,0.0,0.15386,0.51,348.786,67.1,57.8,143.478,0.0,0.0,0,21.9309,0.0,1164.12,0.0,3.87864,0.0,18.6726,0.0,163.129,0.0,0.05322
2022-10-01 00:15:00,102.395,2186.17,0.0,0,29.81,94.5806,0.0,0.0,56.8837,0.0,0.0,85.8396,38.5022,71.6979,0.0,18.79,0.0,0,1234.49,0.0,0.0,0.0,0.0,0.001526,66.634,0.0,79.512,24.9875,0.0,0.0,56.0164,0.0,0.0,674.288,0.0,0.0,0.0,0.0,0.0,0.0,0.0,220.719,591.909973145,0.0,0.0,0.00153,0.0,158.64,0.0,0.0,0.13376,0.0,345.98,67.2,58.0,149.543,0.0,0.0,0,21.1362,0.0,1191.47,0.0,0.0,0.0,16.6599,0.0,164.829,0.0,0.0454
2022-10-01 00:20:00,100.897,2191.76,0.0,0,27.87,90.4821,0.0,0.0,53.7391,0.0,0.0,85.2979,34.2541,80.6986,0.0,17.95,0.0,0,1223.55,0.0,0.0,0.0,0.0,0.001526,62.7341,0.0,73.7926,24.5558,0.0,0.0,55.3427,0.0,0.0,674.947,0.0,0.0,0.0,0.0,0.0,0.0,0.0,219.327,490.980010986,0.0,0.0,0.00153,0.0,154.74,0.0,0.0,0.15386,0.0,351.045,67.8,57.9,150.905,0.0,0.0,0,17.8036,0.0,1213.0,0.0,4.64562,0.0,15.5085,0.0,165.578,0.0,0.05672
2022-10-01 00:25:00,97.3946,2190.54,0.0,0,26.15,88.0518,0.0,0.0,52.0984,0.0,0.0,84.7486,26.7515,81.3978,0.0,17.22,0.0,0,1222.89,0.0,0.0,0.0,0.0,0.001526,62.7141,0.0,70.0411,21.8168,0.0,0.0,56.9239,0.0,0.0,675.369,0.0,0.0,0.0,0.0,0.0,0.0,0.0,220.475,538.210021973,0.0,0.0,0.00153,0.0,161.405,0.0,0.0,0.12371,0.0,348.613,67.8,58.0,154.333,0.0,0.0,0,20.4294,0.0,1241.69,0.0,5.15198,0.0,14.7263,0.0,163.936,0.0,0.04862
2022-10-01 00:30:00,101.697,2200.94,0.0,0,24.13,87.472,0.0,0.0,54.6571,0.0,0.0,78.6648,27.7842,82.2961,0.0,17.97,0.0,0,1230.61,0.0,0.0,0.0,0.0,0.001526,61.4941,0.0,66.48,22.4928,0.0,0.0,55.9856,0.0,0.0,683.37,0.0,0.0,0.0,0.0,0.0,0.0,0.0,224.894,477.290008545,0.0,0.0,0.00153,0.0,167.182,0.0,0.0,0.12371,0.0,360.043,68.1,57.8,164.177,0.0,0.0,0,21.3669,0.0,1270.06,0.0,0.00093,0.0,14.1374,0.0,163.284,0.0,0.05453
2022-10-01 00:35:00,103.6,2184.07,0.0,0,23.42,83.8423,0.0,0.0,60.3603,0.0,0.0,67.8203,24.0049,81.7961,0.0,17.14,0.0,0,1241.67,0.0,0.0,0.0,0.0,0.001526,65.904,0.0,71.8566,22.4198,0.0,0.0,55.3427,0.0,0.0,678.829,0.0,0.0,0.0,0.0,0.0,0.0,0.0,219.742,443.5,0.0,0.0,0.00153,0.0,173.317,0.0,0.0,0.12371,0.0,350.216,67.8,58.1,169.56,0.0,0.0,0,17.8402,0.0,1273.21,0.0,3.91402,0.0,15.0955,0.0,167.751,0.0,0.05449
2022-10-01 00:40:00,109.196,2178.38,0.0,0,25.45,87.7818,0.0,0.0,61.8642,0.0,0.0,65.713,28.5228,82.2961,0.0,17.73,0.0,0,1232.78,0.0,0.0,0.0,0.0,0.001526,69.474,0.0,59.4848,26.5078,0.0,0.0,55.0474,0.0,0.0,676.559,0.0,0.0,0.0,0.0,0.0,0.0,0.0,220.645,365.480010986,0.0,0.0,0.00153,0.0,174.086,0.0,0.0,0.15386,0.0,355.655,67.9,57.8,171.988,0.0,0.0,0,18.7338,0.0,1273.65,0.0,0.02141,0.0,20.0086,0.0,166.77,0.0,0.05486
2022-10-01 00:45:00,110.295,2172.47,0.0,0,25.56,81.1609,0.0,0.0,63.5049,0.0,0.0,55.5718,41.803,75.5965,0.0,13.44,0.0,0,1251.41,0.0,0.0,0.0,0.0,0.001526,64.854,0.0,56.1967,27.9019,0.0,0.0,55.958,0.0,0.0,678.976,0.0,0.0,0.0,0.0,0.0,0.0,0.0,221.134,345.399993896,0.0,0.0,0.00153,0.0,178.672,0.0,0.0,0.12371,0.0,355.076,67.9,57.6,173.823,0.0,0.0,0,17.1444,0.0,1280.58,0.0,0.00093,0.0,19.9383,0.0,169.215,0.0,0.05955
2022-10-01 00:50:00,115.098,2156.97,0.0,0,25.66,75.4108,0.0,0.0,64.7471,0.0,0.0,45.1789,47.6844,69.6978,0.0,14.05,0.0,0,1271.72,0.0,0.0,0.0,0.0,0.001526,68.5139,0.0,57.6884,24.6487,0.0,0.0,56.161,0.0,0.0,676.669,0.0,0.0,0.0,0.0,0.0,0.0,0.0,219.693,321.679992676,0.0,0.0,0.00153,0.0,176.31,0.0,0.0,0.13376,0.0,347.171,67.4,58.0,175.306,0.0,0.0,0,18.2174,0.0,1272.72,0.0,0.00093,0.0,18.0398,0.0,168.869,0.0,0.05554
2022-10-01 00:55:00,115.795,2143.32,0.0,0,29.18,71.6493,0.0,0.0,72.0245,0.0,0.0,46.183,48.6744,65.9984,0.0,15.01,0.0,0,1244.92,0.0,0.0,0.0,0.0,0.001526,75.7739,0.0,70.2188,26.9434,0.0,0.0,56.5424,0.0,0.0,674.453,0.0,0.0,0.0,0.0,0.0,0.0,0.0,220.133,384.809997559,0.0,0.0,0.00153,0.0,175.889,0.0,0.0,0.13376,0.0,343.461,67.4,57.9,173.68,0.0,0.0,0,23.4031,0.0,1271.11,0.0,0.0,0.0,18.4265,0.0,166.784,0.0,0.05711
2022-10-01 01:00:00,115.998,2163.51,0.0,0,34.0,61.8425,0.0,0.0,78.6418,0.0,0.0,55.8373,50.8229,60.0997,0.0,15.97,0.0,0,1206.24,0.0,0.0,0.0,0.0,0.001526,70.2539,0.0,74.7765,27.8662,0.0,0.0,56.3363,0.0,0.0,677.364,0.0,0.0,0.0,0.0,0.0,0.0,0.0,220.377,265.630004883,0.0,0.0,0.00153,0.0,180.504,0.0,0.0,0.14381,0.0,349.742,67.7,58.0,174.163,0.0,0.0,0,35.3124,0.0,1276.7,0.0,0.00093,0.0,22.118,0.0,166.292,0.0015,0.05919
2022-10-01 01:05:00,114.497,2145.25,0.0,0,33.09,56.9631,0.0,0.0,84.9349,0.0,0.0,48.6122,41.753,55.7985,0.0,15.98,0.0,0,1175.85,0.0,0.0,0.0,0.0,0.001526,76.5638,0.0,73.4816,28.9977,0.0,0.0,55.7795,0.0,0.0,670.022,0.0,0.0,0.0,0.0,0.0,0.0,0.0,222.208,269.049987793,0.0,0.0,0.00153,0.0,187.306,0.0,0.0,0.14381,0.0,356.946,68.1,58.1,172.01,0.0,0.0,0,39.4617,0.0,1282.78,0.0,0.00093,0.0,21.2127,0.0,167.429,0.0,0.05425
2022-10-01 01:10:00,114.895,2152.4,0.0,0,33.84,49.5029,0.0,0.0,80.4114,0.0,0.0,42.414,42.6441,57.396,0.0,14.37,0.0,0,1145.48,0.0,0.0,0.0,0.0,0.001526,81.5138,0.0,72.3834,30.022,0.0,0.0,55.5765,0.0,0.0,670.718,0.0,0.0,0.0,0.0,0.0,0.0,0.0,221.866,277.100006104,0.0,0.0,0.00153,0.0,197.157,0.0,0.0,0.13376,0.0,350.33,67.5,58.0,174.207,0.0,0.0,0,46.5516,0.0,1277.19,0.0,0.00093,0.0,22.1795,0.0,168.519,0.0035,0.05645
2022-10-01 01:15:00,117.295,2144.47,0.0,0,35.17,46.0993,0.0,0.0,74.7121,0.0,0.0,41.6602,42.5122,56.7986,0.0,14.55,0.0,0,1142.79,0.0,0.0,0.0,0.0,0.001526,80.1738,0.0,75.6398,31.8565,0.0,0.0,55.7211,0.0,0.0,669.326,0.0,0.0,0.0,0.0,0.0,0.0,0.0,221.695,196.089996338,0.0,0.0,0.00153,0.0,187.581,0.0,0.0,0.13376,0.0,352.533,67.8,57.9,173.372,0.0,0.0,0,47.8224,0.0,1271.18,0.0,5.23017,0.0,23.9462,0.0,166.518,0.0,0.05351
2022-10-01 01:20:00,116.995,2151.52,0.0,0,33.2,44.4917,0.0,0.0,83.6224,0.0,0.0,40.3601,40.1746,64.8966,0.0,13.42,0.0,0,1148.11,0.0,0.0,0.0,0.0,0.001526,82.5837,0.0,76.0778,31.5526,0.0,0.0,55.4288,0.0,0.0,672.292,0.0,0.0,0.0,0.0,0.0,0.0,0.0,224.21,141.490005493,0.0,0.0,0.00153,0.0,173.545,0.0,0.0,0.14381,0.0,356.798,67.8,58.0,173.933,0.0,0.0,0,40.033,0.0,1276.19,0.0,11.8649,0.0,19.6746,0.0,166.735,0.0,0.05208
2022-10-01 01:25:00,119.194,2138.39,0.0,0,30.44,42.681,0.0,0.0,90.5678,0.0,0.0,35.5367,47.4745,64.1974,0.0,12.9,0.0,0,1142.42,0.0,0.0,0.0,0.0,0.001526,83.0737,0.0,87.142,30.7766,0.0,0.0,56.1917,0.0,0.0,671.102,0.0,0.0,0.0,0.0,0.0,0.0,0.0,221.28,171.36000061,0.0,0.0,0.00153,0.0,169.709,0.0,0.0,0.12371,0.0,348.21,67.8,57.9,174.691,0.0,0.0,0,34.06,0.0,1273.67,0.0,0.00093,0.0,20.3162,0.0,164.992,0.0025,0.05168
2022-10-01 01:30:00,115.897,2127.77,0.0,0,27.94,39.2607,0.0,0.0,91.8803,0.0,0.0,33.8888,50.6935,66.7993,0.0,14.12,0.0,0,1137.05,0.0,0.0,0.0,0.0,0.001526,81.9337,0.0,81.0925,32.0882,0.0,0.0,55.3427,0.0,0.0,664.766,0.0,0.0,0.0,0.0,0.0,0.0,0.0,220.89,123.669998169,0.0,0.0,0.00153,0.0,163.365,0.0,0.0,0.15386,0.0,344.234,67.2,57.8,174.482,0.0,0.0,0,26.9151,0.0,1271.16,0.0,0.0,0.0,20.1053,0.0,168.375,0.0,0.05841
2022-10-01 01:35:00,114.696,2145.08,0.0,0,27.96,32.4828,0.0,0.0,86.5091,0.0,0.0,39.7543,50.5934,67.6976,0.0,16.54,0.0,0,1127.51,0.0,0.0,0.0,0.0,0.001526,80.4938,0.0,77.5759,28.2113,0.0,0.0,55.5765,0.0,0.0,660.372,0.0,0.0,0.0,0.0,0.0,0.0,0.0,224.869,193.160003662,0.0,0.0,0.00153,0.0,144.12,0.0,0.0,0.15386,0.0,358.313,67.8,57.9,173.647,0.0,0.0,0,21.6672,0.0,1277.41,0.0,13.1178,0.0,20.8612,0.0,167.967,0.0,0.05354
2022-10-01 01:40:00,116.393,2139.51,0.0,0,28.5,30.1007,0.0,0.0,79.6262,0.0,0.0,53.6141,42.7454,71.6979,0.0,16.82,0.0,0,1123.38,0.0,0.0,0.0,0.0,0.001526,86.3837,0.0,76.8713,29.8237,0.0,0.0,56.3948,0.0,0.0,645.357,0.0,0.0,0.0,0.0,0.0,0.0,0.0,222.599,217.289993286,0.0,0.0,0.00153,0.0,130.249,0.0,0.0,0.12371,0.0,351.356,67.8,57.6,174.68,0.0,0.0,0,21.9785,0.0,1277.92,0.0,5.32325,0.0,19.9998,0.0,164.258,0.0,0.04974
2022-10-01 01:45:00,118.094,2121.64,0.0,0,28.06,27.5909,0.0,0.0,72.4152,0.0,0.0,60.0915,39.0539,73.8972,0.0,17.35,0.0,0,1119.33,0.0,0.0,0.0,0.0,0.001526,83.3737,0.0,75.0114,28.2518,0.0,0.0,56.161,0.0,0.0,637.776,0.0,0.0,0.0,0.0,0.0,0.0,0.0,218.277,216.979995728,0.0,0.0,0.00153,0.0,129.929,0.0,0.0,0.13376,0.0,345.861,67.2,57.8,172.482,0.0,0.0,0,20.1327,0.0,1275.43,0.0,0.0,0.0,20.0086,0.0,167.758,0.0,0.04889
2022-10-01 01:50:00,114.897,2115.68,0.0,0,28.58,29.5209,0.0,0.0,69.2042,0.0,0.0,71.3344,34.0636,83.9998,0.0,18.59,0.0,0,1116.15,0.0,0.0,0.0,0.0,0.001526,78.7238,0.0,74.7956,27.0783,0.0,0.0,55.2535,0.0,0.0,629.994,0.0,0.0,0.0,0.0,0.0,0.0,0.0,218.839,81.3600006104,0.0,0.0,0.00153,0.0,116.855,0.0,0.0,0.12371,0.0,342.372,67.2,58.0,171.845,0.0,0.0,0,18.6239,0.0,1274.4,0.0,0.0,0.0,19.3143,0.0,161.463,0.0,0.05189
2022-10-01 01:55:00,117.895,2097.57,0.0,0,27.54,30.8312,0.0,0.0,71.8917,0.0,0.0,76.1562,35.1635,85.8981,0.0,13.7,0.0,0,1119.28,0.0,0.0,0.0,0.0,0.001526,84.9837,0.0,71.8185,22.515,0.0,0.0,55.7519,0.0,0.0,637.996,0.0,0.0,0.0,0.0,0.0,0.0,0.0,220.23,89.5699996948,0.0,0.0,0.00153,0.0,114.255,0.0,0.0,0.15386,0.0,320.481,67.3,57.9,169.252,0.0,0.0,0,22.949,0.0,1253.99,0.0,0.0,0.0,17.6267,0.0,167.927,0.0005,0.04932
2022-10-01 02:00:00,118.497,2050.25,0.0,0,21.92,42.8526,0.0,0.0,82.7708,0.0,0.0,69.5415,38.8647,91.2968,0.0,14.38,0.0,0,1118.74,0.0,0.0,0.0,0.0,0.001526,76.2038,0.0,74.4655,20.521,0.0,0.0,56.1025,0.0,0.0,632.887,0.0,0.0,0.0,0.0,0.0,0.0,0.0,219.889,158.770004272,0.0,0.0,0.00153,0.0,131.852,0.0,0.0,0.12371,0.0,319.711,67.3,57.8,167.176,0.0,0.0,0,26.1277,0.0,1223.87,0.0,0.0,0.0,15.9831,0.0,164.54,0.0045,0.05266
2022-10-01 02:05:00,120.896,2004.64,0.0,0,20.48,48.5023,0.0,0.0,88.0795,0.0,0.0,58.7732,36.5136,96.4963,0.0,20.14,0.0,0,1086.78,0.0,0.0,0.0,0.0,0.001526,73.1339,0.0,74.7511,18.2969,0.0,0.0,55.3704,0.0,0.0,638.252,0.0,0.0,0.0,0.0,0.0,0.0,0.0,218.302,199.979995728,0.0,0.0,0.00153,0.0,142.82,0.0,0.0,0.12371,0.0,285.916,67.9,57.7,169.143,0.0,0.0,0,33.8256,0.0,1240.42,0.0,0.0,0.0,16.8972,0.0,167.128,0.0,0.05127
2022-10-01 02:10:00,121.096,1967.66,0.0,0,16.45,52.9797,0.0,0.0,86.3763,0.0,0.0,52.0958,31.6136,93.6996,0.0,21.2,0.0,0,1049.06,0.0,0.0,0.0,0.0,0.001526,68.804,0.0,81.6702,22.3198,0.0,0.0,56.6009,0.0,0.0,633.876,0.0,0.0,0.0,0.0,0.0,0.0,0.0,219.791,178.330001831,0.0,0.0,0.00153,0.0,134.699,0.0,0.0,0.14381,0.0,288.197,67.6,58.1,166.418,0.0,0.0,0,37.1838,0.0,1276.28,0.0,0.0,0.0,22.0301,0.0,163.471,0.0025,0.05102
2022-10-01 02:15:00,117.898,1942.14,0.0,0,11.02,55.4623,0.0,0.0,88.9975,0.0,0.0,44.0101,30.7555,87.6992,0.0,19.91,0.0,0,1041.1,0.0,0.0,0.0,0.0,0.001526,70.7239,0.0,88.2528,23.0752,0.0,0.0,56.1025,0.0,0.0,640.321,0.0,0.0,0.0,0.0,0.0,0.0,0.0,221.28,169.759994507,0.0,0.0,0.00153,0.0,134.223,0.0,0.0,0.1639,0.0,280.786,67.9,57.8,166.451,0.0,0.0,0,43.2483,0.0,1279.19,0.0,0.00093,0.0,22.0653,0.0,162.465,0.0,0.04515
2022-10-01 02:20:00,118.695,1906.3,0.0,0,7.44,61.7608,0.0,0.0,88.7357,0.0,0.0,47.2847,29.9535,94.0979,0.0,17.24,0.0,0,1041.79,0.0,0.0,0.0,0.0,0.001526,74.3439,0.0,86.6849,19.9608,0.0,0.0,55.7795,0.0,0.0,639.021,0.0,0.0,0.0,0.0,0.0,0.0,0.0,220.255,187.929992676,0.0,0.0,0.00153,0.0,133.436,0.0,0.0,0.15386,0.0,280.081,67.9,58.0,169.373,0.0,0.0,0,48.1117,0.0,1251.94,0.0,0.00093,0.0,22.786,0.0,161.45,0.0,0.05594
2022-10-01 02:25:00,117.098,1870.29,0.0,0,5.28,62.2737,0.0,0.0,86.3099,0.0,0.0,45.8289,32.3839,88.0974,0.0,16.5,0.0,0,1041.72,0.0,0.0,0.0,0.0,0.001526,77.4438,0.0,89.8651,24.7796,0.0,0.0,56.2779,0.0,0.0,637.135,0.0,0.0,0.0,0.0,0.0,0.0,0.0,219.4,223.080001831,0.0,0.0,0.00153,0.0,136.768,0.0,0.0,0.12371,0.0,281.412,67.9,58.0,171.582,0.0,0.0,0,50.5251,0.0,1221.52,0.0,0.00093,0.0,25.7128,0.0,167.418,0.0,0.05399
2022-10-01 02:30:00,115.797,1836.8,0.0,0,5.56,69.2818,0.0,0.0,85.9818,0.0,0.0,52.5612,30.9642,87.1991,0.0,15.4,0.0,0,1039.76,0.0,0.0,0.0,0.0,0.001526,75.7438,0.0,87.9862,26.7863,0.0,0.0,55.8103,0.0,0.0,636.641,0.0,0.0,0.0,0.0,0.0,0.0,0.0,218.521,199.0,0.0,0.0,0.00153,0.0,139.844,0.0,0.0,0.15386,0.0,277.333,67.9,58.2,171.208,0.0,0.0,0,44.1602,0.0,1194.74,0.0,0.0,0.0,24.0253,0.0,163.127,0.0,0.05078
2022-10-01 02:35:00,114.599,1823.59,0.0,0,5.58,71.0736,0.0,0.0,92.603,0.0,0.0,54.9416,40.0439,88.5975,0.0,16.51,0.0,0,1006.56,0.0,0.0,0.0,0.0,0.001526,82.1038,0.0,83.638,28.4541,0.0,0.0,55.4873,0.0,0.0,634.26,0.0,0.0,0.0,0.0,0.0,0.0,0.0,219.4,168.38999939,0.0,0.0,0.00153,0.0,132.282,0.0,0.0,0.15386,0.0,328.397,67.3,58.2,166.506,0.0,0.0,0,42.5232,0.0,1175.52,0.0,0.0,0.0,23.1815,0.0,161.76,0.0,0.05387
2022-10-01 02:40:00,113.994,1832.13,0.0,0,6.61,77.1817,0.0,0.0,91.8803,0.0,0.0,64.0757,40.4529,93.2969,0.0,18.53,0.0,0,982.754,0.0,0.0,0.0,0.0,0.001526,78.6238,0.0,92.2202,27.1394,0.0,0.0,56.2194,0.0,0.0,639.753,0.0,0.0,0.0,0.0,0.0,0.0,0.0,219.913,76.8099975586,0.0,0.0,0.00153,0.0,141.593,0.0,0.0,0.12371,0.0,331.304,67.9,58.2,168.33,0.0,0.0,0,44.0687,0.0,1165.54,0.0,0.0,0.0,18.4353,0.0,163.129,0.0,0.05493
2022-10-01 02:45:00,111.195,1845.9,0.0,0,7.76,79.3105,0.0,0.0,88.6693,0.0,0.0,67.187,41.5137,92.0977,0.0,18.29,0.0,0,987.027,0.0,0.0,0.0,0.0,0.001526,86.3037,0.0,93.5659,31.2797,0.0,0.0,55.958,0.0,0.0,641.42,0.0,0.0,0.0,0.0,0.0,0.0,0.0,222.55,38.8499984741,0.0,0.0,0.00153,0.0,140.586,0.0,0.0,0.15386,0.0,318.605,67.9,57.9,170.846,0.0,0.0,0,40.3918,0.0,1161.09,0.0,0.00093,0.0,20.9842,0.0,161.763,0.0,0.04972
2022-10-01 02:50:00,103.299,1829.47,0.0,0,10.56,81.4414,0.0,0.0,82.3138,0.0,0.0,75.2346,43.1629,94.4961,0.0,17.76,0.0,0,980.362,0.0,0.0,0.0,0.0,0.001526,98.0335,0.0,90.3285,26.6585,0.0,0.0,56.8931,0.0,0.0,634.663,0.0,0.0,0.0,0.0,0.0,0.0,0.0,218.863,30.4799995422,0.0,0.0,0.00153,0.0,139.908,0.0,0.0,0.12371,0.0,333.717,68.0,58.1,169.824,0.0,0.0,0,37.5244,0.0,1158.46,0.0,0.0,0.0,19.2703,0.0,162.022,0.0,0.048
2022-10-01 02:55:00,102.799,1848.54,0.0,0,13.45,79.5512,0.0,0.0,81.0676,0.0,0.0,86.0288,44.5338,90.2967,0.0,17.36,0.0,0,988.101,0.0,0.0,0.0,0.0,0.001526,97.5135,0.0,97.165,32.6357,0.0,0.0,56.0749,0.0,0.0,641.987,0.0,0.0,0.0,0.0,0.0,0.0,0.0,222.843,80.9899978638,0.0,0.0,0.00153,0.0,145.237,0.0,0.0,0.12371,0.0,258.52,67.9,57.9,168.121,0.0,0.0,0,38.8574,0.0,1138.8,0.0,0.00093,0.0,17.5301,0.0,163.168,0.0035,0.05632
2022-10-01 03:00:00,97.9961,1831.74,0.0,0,12.6,79.8108,0.0,0.0,75.1066,0.0,0.0,84.2832,37.915,96.3989,0.0,16.54,0.0,0,981.436,0.0,0.0,0.0,0.0,0.001526,103.863,0.0,100.263,30.8837,0.0,0.0,56.161,0.0,0.0,639.753,0.0,0.0,0.0,0.0,0.0,0.0,0.0,218.863,75.6800003052,0.0,0.0,0.00153,0.0,136.805,0.0,0.0,0.12371,0.0,249.684,67.9,57.9,165.902,0.0,0.0,0,45.8961,0.0,1156.9,0.0,0.01396,0.0,20.9754,0.0,158.527,0.0025,0.05086
2022-10-01 03:05:00,95.4987,1793.48,0.0,0,16.25,72.4803,0.0,0.0,72.1534,0.0,0.0,75.7916,44.1541,93.9961,0.0,16.66,0.0,0,949.453,0.0,0.0,0.0,0.0,0.001526,105.833,0.0,99.1646,35.6977,0.0,0.0,56.1917,0.0,0.0,638.728,0.0,0.0,0.0,0.0,0.0,0.0,0.0,218.961,65.7600021362,0.0,0.0,0.00153,0.0,137.986,0.0,0.0,0.13376,0.0,318.992,67.9,57.9,168.275,0.0,0.0,0,44.6326,0.0,1137.0,0.0,0.00093,0.0,20.993,0.0,157.138,0.0,0.0531
2022-10-01 03:10:00,106.295,1780.23,0.0,0,19.01,73.171,0.0,0.0,71.4972,0.0,0.0,62.1744,46.4625,93.1996,0.0,16.91,0.0,0,938.613,0.0,0.0,0.0,0.0,0.001526,102.853,0.0,97.9903,32.0732,0.0,0.0,56.4255,0.0,0.0,638.545,0.0,0.0,0.0,0.0,0.0,0.0,0.0,220.914,82.3300018311,0.0,0.0,0.00153,0.0,139.551,0.0,0.0,0.12371,0.0,338.766,67.3,57.9,167.604,0.0,0.0,0,57.106,0.0,1110.24,0.0,0.0,0.0,19.7713,0.0,162.23,0.0,0.05393
2022-10-01 03:15:00,109.898,1786.89,0.0,0,19.63,66.862,0.0,0.0,68.2862,0.0,0.0,61.7624,45.4139,102.099,0.0,14.42,0.0,0,941.299,0.0,0.0,0.0,0.0,0.001526,111.493,0.0,99.647,31.7153,0.0,0.0,55.7211,0.0,0.0,642.976,0.0,0.0,0.0,0.0,0.0,0.0,0.0,220.987,73.0500030518,0.0,0.0,0.00153,0.0,145.383,0.0,0.0,0.15386,0.0,350.07,67.9,57.8,161.76,0.0,0.0,0,60.4092,0.0,1080.14,0.0,0.0121,0.0,19.6043,0.0,158.361,0.0,0.04862
2022-10-01 03:20:00,112.795,1789.41,0.0,0,16.95,62.0518,0.0,0.0,69.8604,0.0,0.0,66.6606,37.8235,109.997,0.0,12.76,0.0,0,939.516,0.0,0.0,0.0,0.0,0.001526,109.453,0.0,101.482,29.6166,0.0,0.0,56.3671,0.0,0.0,637.996,0.0,0.0,0.0,0.0,0.0,0.0,0.0,222.184,70.8399963379,0.0,0.0,0.00153,0.0,141.767,0.0,0.0,0.15386,0.0,350.656,67.9,57.8,153.344,0.0,0.0,0,68.8469,0.0,1055.53,0.0,0.02699,0.0,20.536,0.0,164.089,0.0,0.0502
2022-10-01 03:25:00,108.297,1780.79,0.0,0,15.36,62.0622,0.0,0.0,65.7315,0.0,0.0,58.2208,39.8438,109.696,0.0,13.35,0.0,0,931.118,0.0,0.0,0.0,0.0,0.001526,101.833,0.0,101.691,34.1084,0.0,0.0,56.161,0.0,0.0,631.751,0.0,0.0,0.0,0.0,0.0,0.0,0.0,220.377,72.7900009155,0.0,0.0,0.00153,0.0,152.204,0.0,0.0,0.12371,0.0,338.441,67.2,58.1,144.137,0.0,0.0,0,78.1817,0.0,1029.21,0.0,0.00093,0.0,17.9607,0.0,160.357,0.0,0.05493
2022-10-01 03:30:00,105.196,1799.54,0.0,0,11.93,62.7823,0.0,0.0,63.7666,0.0,0.0,65.5039,46.9935,114.099,0.0,17.09,0.0,0,946.181,0.0,0.0,0.0,0.0,0.001526,96.7835,0.0,100.256,34.4901,0.0,0.0,54.549,0.0,0.0,639.167,0.0,0.0,0.0,0.0,0.0,0.0,0.0,225.284,77.7200012207,0.0,0.0,0.00153,0.0,144.935,0.0,0.0,0.15386,0.0,355.774,67.8,58.1,132.92,0.0,0.0,0,67.7555,0.0,1002.59,0.0,0.01769,0.0,17.6179,0.0,157.708,0.0,0.05249
2022-10-01 03:35:00,103.097,1753.3,0.0,0,11.22,60.2809,0.0,0.0,57.4071,0.0,0.0,74.0276,68.9738,109.099,0.0,18.8,0.0,0,920.473,0.0,0.0,0.0,0.0,0.001526,99.4735,0.0,99.3868,31.9803,0.0,0.0,55.8995,0.0,0.0,640.999,0.0,0.0,0.0,0.0,0.0,0.0,0.0,218.497,189.330001831,0.0,0.0,0.00153,0.0,160.682,0.0,0.0,0.184,0.0,343.485,67.8,57.9,124.867,0.0,0.0,0,66.4884,0.0,999.591,0.0,0.0,0.0,17.3279,0.0,161.387,0.0,0.05486
2022-10-01 03:40:00,98.8961,1731.13,0.0,0,10.96,62.9309,0.0,0.0,50.0047,0.0,0.0,86.0456,73.1536,100.399,0.0,20.15,0.0,0,917.983,0.0,0.0,0.0,0.0,0.001526,111.253,0.0,86.9515,33.5482,0.0,0.0,55.7519,0.0,0.0,641.548,0.0,0.0,0.0,0.0,0.0,0.0,0.0,217.984,109.349998474,0.0,0.0,0.00153,0.0,167.604,0.0,0.0,0.12371,0.0,346.79,67.7,57.8,125.46,0.0,0.0,0,57.5528,0.0,1000.25,0.0,0.0,0.0,17.9607,0.0,158.71,0.0,0.05603
2022-10-01 03:45:00,99.3957,1757.13,0.0,0,11.89,64.6013,0.0,0.0,41.6139,0.0,0.0,84.8127,77.2442,90.5976,0.0,23.26,0.0,0,927.968,0.0,0.0,0.0,0.0,0.001526,110.963,0.0,88.6781,32.0533,0.0,0.0,56.5732,0.0,0.0,648.103,0.0,0.0,0.0,0.0,0.0,0.0,0.0,225.064,48.3100013733,0.0,0.0,0.00153,0.0,172.822,0.0,0.0,0.12371,0.0,336.097,68.0,57.9,114.353,0.0,0.0,0,52.77,0.0,1002.91,0.0,1.81041,0.0,17.4334,0.0,157.64,0.0,0.05763
2022-10-01 03:50:00,96.8976,1729.35,0.0,0,11.24,65.0807,0.0,0.0,41.5514,0.0,0.0,87.7791,77.1551,86.2964,0.0,22.7,0.0,0,918.715,0.0,0.0,0.0,0.0,0.001526,102.853,0.0,81.2195,34.963,0.0,0.0,55.3427,0.0,0.0,638.289,0.0,0.0,0.0,0.0,0.0,0.0,0.0,218.888,100.680000305,0.0,0.0,0.00153,0.0,172.593,0.0,0.0,0.1639,0.0,338.93,67.4,58.1,108.673,0.0,0.0,0,51.0597,0.0,1001.98,0.0,0.00093,0.0,16.95,0.0,154.222,0.0,0.053
2022-10-01 03:55:00,98.097,1751.78,0.0,0,11.46,62.8326,0.0,0.0,36.899,0.0,0.0,82.7665,71.6753,83.398,0.0,23.93,0.0,0,926.43,0.0,0.0,0.0,0.0,0.001526,107.993,0.0,82.1082,33.6887,0.0,0.0,54.8721,0.0,0.0,645.082,0.0,0.0,0.0,0.0,0.0,0.0,0.0,224.405,110.489997864,0.0,0.0,0.00153,0.0,180.623,0.0,0.0,0.13376,0.0,354.649,68.0,57.8,102.872,0.0,0.0,0,54.6157,0.0,1000.96,0.0,0.00093,0.0,12.4059,0.0,149.872,0.0,0.0498
2022-10-01 04:00:00,101.297,1752.35,0.0,0,13.36,60.9717,0.0,0.0,39.3209,0.0,0.0,92.3873,62.305,77.9993,0.0,23.21,0.0,0,927.578,0.0,0.0,0.0,0.0,0.001526,111.643,0.0,85.6439,34.1608,0.0,0.0,55.6042,0.0,0.0,644.166,0.0,0.0,0.0,0.0,0.0,0.0,0.0,223.087,150.660003662,0.0,0.0,0.00153,0.0,179.524,0.0,0.0,0.12371,0.0,353.713,68.0,58.1,95.4452,0.0,0.0,0,53.5171,0.0,999.86,0.0,0.01396,0.0,11.193,0.0,154.432,0.0,0.05772
2022-10-01 04:05:00,99.9975,1719.24,0.0,0,13.89,63.1821,0.0,0.0,47.5788,0.0,0.0,92.4544,66.8241,80.0968,0.0,22.75,0.0,0,913.002,0.0,0.0,0.0,0.0,0.001526,109.043,0.0,85.4852,32.0541,0.0,0.0,56.1917,0.0,0.0,640.156,0.0,0.0,0.0,0.0,0.0,0.0,0.0,219.034,290.220001221,0.0,0.0,0.00153,0.0,180.604,0.0,0.0,0.14381,0.0,248.974,60.5,58.0,90.677,0.0,0.0,0,49.7597,0.0,1023.4,0.0,0.0,0.0,12.1686,0.0,152.542,0.0,0.05264
2022-10-01 04:10:00,100.496,1733.82,0.0,0,13.15,64.212,0.0,0.0,53.3446,0.0,0.0,96.4294,62.7628,80.6986,0.0,22.55,0.0,0,920.937,0.0,0.0,0.0,0.0,0.001526,108.483,0.0,81.6448,32.0208,0.0,0.0,55.9856,0.0,0.0,639.204,0.0,0.0,0.0,0.0,0.0,0.0,0.0,218.448,323.700012207,0.0,0.0,0.00153,0.0,173.61,0.0,0.0,0.15386,0.0,150.783,62.4,58.1,87.447,0.0,0.0,0,54.4472,0.0,1052.3,0.0,1.19236,0.0,11.8347,0.0,154.78,0.0,0.05488
2022-10-01 04:15:00,98.4971,1766.14,0.0,0,13.4,62.8326,0.0,0.0,57.997,0.0,0.0,86.0716,60.1053,73.1981,0.0,21.83,0.0,0,923.281,0.0,0.0,0.0,0.0,0.001526,107.593,0.0,77.3029,27.9082,0.0,0.0,56.7486,0.0,0.0,640.889,0.0,0.0,0.0,0.0,0.0,0.0,0.0,222.257,366.760009766,0.0,0.0,0.00153,0.0,178.544,0.0,0.0,0.04333,0.0,106.636,62.3,58.1,83.2172,0.0,0.0,0,48.3314,0.0,1080.6,0.0,0.0,0.0,14.1902,0.0,149.729,0.0,0.05368
2022-10-01 04:20:00,103.598,1755.67,0.0,0,12.65,57.3315,0.0,0.0,60.9501,0.0,0.0,78.2895,65.7438,67.3967,0.0,20.95,0.0,0,919.301,0.0,0.0,0.0,0.0,0.001526,99.7235,0.0,84.1522,32.1049,0.0,0.0,55.9856,0.0,0.0,638.856,0.0,0.0,0.0,0.0,0.0,0.0,0.0,218.497,331.040008545,0.0,0.0,0.00153,0.0,179.844,0.0,0.0,0.12371,0.0,95.9881,60.6,57.9,80.921,0.0,0.0,0,41.1206,0.0,1106.21,0.0,0.00093,0.0,16.2908,0.0,147.55,0.0,0.0501
2022-10-01 04:25:00,101.596,1759.77,0.0,0,15.45,57.612,0.0,0.0,64.5518,0.0,0.0,77.8042,63.8834,69.9987,0.0,20.98,0.0,0,918.911,0.0,0.0,0.0,0.0,0.001526,103.533,0.0,85.1488,30.0165,0.0,0.0,57.0715,0.0,0.0,639.57,0.0,0.0,0.0,0.0,0.0,0.0,0.0,218.863,266.829986572,0.0,0.0,0.00153,0.0,183.845,0.0,0.0,0.1639,0.0,78.9233,60.7,58.1,79.0643,0.0,0.0,0,36.8102,0.0,1133.6,0.0,0.00093,0.0,17.6004,0.0,144.659,0.94149,0.05424
2022-10-01 04:30:00,103.998,1763.65,0.0,0,14.07,66.3597,0.0,0.0,66.8448,0.0,0.0,80.3494,61.4139,75.7956,0.0,22.1,0.0,0,918.911,0.0,0.0,0.0,0.0,0.001526,93.6136,0.0,90.8617,32.1739,0.0,0.0,56.5424,0.0,0.0,637.666,0.0,0.0,0.0,0.0,0.0,0.0,0.0,219.693,289.429992676,0.0,0.0,0.00153,0.0,187.91,0.0,0.0,0.12371,0.0,28.9985,61.3,58.0,76.5154,0.0,0.0,0,36.1767,0.0,1160.56,0.0,0.00093,0.0,18.0047,0.0,147.452,0.0,0.04925
2022-10-01 04:35:00,103.996,1801.74,0.0,0,15.19,69.8533,0.0,0.0,61.3408,0.0,0.0,68.4718,64.5743,77.4993,0.0,21.29,0.0,0,921.938,0.0,0.0,0.0,0.0,0.001526,88.6737,0.0,86.1771,30.3228,0.0,0.0,56.0164,0.0,0.0,642.702,0.0,0.0,0.0,0.0,0.0,0.0,0.0,221.915,289.760009766,0.0,0.0,0.00153,0.0,174.424,0.0,0.0,0.12371,0.0,0.76456,62.5,57.9,69.4511,0.0,0.0,0,28.9879,0.0,1186.24,0.0,0.00093,0.0,18.7957,0.0,148.235,0.0,0.05177
2022-10-01 04:40:00,104.194,1814.24,0.0,0,15.32,65.6228,0.0,0.0,52.7547,0.0,0.0,59.4934,62.454,81.3978,0.0,19.49,0.0,0,920.668,0.0,0.0,0.0,0.0,0.001526,89.7036,0.0,85.1361,28.7493,0.0,0.0,55.635,0.0,0.0,639.57,0.0,0.0,0.0,0.0,0.0,0.0,0.0,222.647,266.769989014,0.0,0.0,0.00153,0.0,171.211,0.0,0.0,0.14381,0.0,0.0,62.1,58.2,66.298,0.0,0.0,0,28.2042,0.0,1214.69,0.0,0.0,0.0,18.3914,0.0,147.029,0.0,0.05748
2022-10-01 04:45:00,108.397,1803.25,0.0,0,17.29,70.0123,0.0,0.0,50.6609,0.0,0.0,56.2585,58.5525,81.6987,0.0,18.5,0.0,0,918.862,0.0,0.0,0.0,0.0,0.001526,83.6237,0.0,90.4301,27.0672,0.0,0.0,55.8995,0.0,0.0,638.49,0.0,0.0,0.0,0.0,0.0,0.0,0.0,221.134,284.179992676,0.0,0.0,0.00153,0.0,170.195,0.0,0.0,0.12371,0.0,0.0,61.5,58.0,66.9902,0.0,0.0,0,31.621,0.0,1240.64,0.0,0.02141,0.0,19.4549,0.0,150.342,0.0,0.0493
2022-10-01 04:50:00,109.097,1810.04,0.0,0,17.0,75.7227,0.0,0.0,47.1179,0.0,0.0,59.6841,46.9142,85.9999,0.0,17.72,0.0,0,918.715,0.0,0.0,0.0,0.0,0.001526,80.7238,0.0,85.9867,26.3427,0.0,0.0,55.3427,0.0,0.0,644.24,0.0,0.0,0.0,0.0,0.0,0.0,0.0,221.207,297.119995117,0.0,0.0,0.00153,0.0,176.402,0.0,0.0,0.14381,0.0,0.0,60.9,58.0,64.9906,0.0,0.0,0,28.4898,0.0,1266.03,0.0,0.0,0.0,17.0818,0.0,147.994,0.0,0.05288
2022-10-01 04:55:00,110.294,1814.24,0.0,0,14.9,81.2739,0.0,0.0,46.5281,0.0,0.0,62.826,34.1735,82.8979,0.0,18.16,0.0,0,920.644,0.0,0.0,0.0,0.0,0.001526,74.5039,0.0,86.558,29.0016,0.0,0.0,56.0164,0.0,0.0,642.354,0.0,0.0,0.0,0.0,0.0,0.0,0.0,219.205,297.350006104,0.0,0.0,0.00153,0.0,187.48,0.0,0.0,0.15386,0.0,0.0,61.2,58.1,64.0677,0.0,0.0,0,28.6546,0.0,1277.53,0.0,0.0,0.0,15.447,0.0,148.927,0.0,0.05114
2022-10-01 05:00:00,111.695,1811.36,0.0,0,13.16,83.9323,0.0,0.0,41.6178,0.0,0.0,60.0626,29.5226,84.5972,0.0,17.64,0.0,0,919.741,0.0,0.0,0.0,0.0,0.001526,70.9439,0.0,83.3016,28.5692,0.0,0.0,55.6042,0.0,0.0,639.845,0.0,0.0,0.0,0.0,0.0,0.0,0.0,221.549,354.660003662,0.0,0.0,0.00153,0.0,188.688,0.0,0.0,0.14381,0.0,0.0,62.1,58.2,65.6278,0.0,0.0,0,27.6402,0.0,1270.6,0.0,0.0,0.0,14.6911,0.0,147.27,0.0,0.05929
2022-10-01 05:05:00,114.197,1824.61,0.0,0,13.16,84.7696,0.0,0.0,40.3014,0.0,0.0,60.6668,27.783,75.1982,0.0,14.63,0.0,0,956.362,0.0,0.0,0.0,0.0,0.001526,70.8339,0.0,85.0472,22.7039,0.0,0.0,56.0441,0.0,0.0,640.522,0.0,0.0,0.0,0.0,0.0,0.0,0.0,223.575,391.399993896,0.0,0.0,0.00153,0.0,191.023,0.0,0.0,0.12371,0.0,0.0,62.5,57.9,65.2982,0.0,0.0,0,24.6336,0.0,1280.58,0.0,0.00093,0.0,15.3152,0.0,148.151,0.0,0.04799
2022-10-01 05:10:00,114.898,1796.05,0.0,0,11.82,81.8412,0.0,0.0,43.5827,0.0,0.0,70.3578,26.0838,71.2997,0.0,13.23,0.0,0,986.587,0.0,0.0,0.0,0.0,0.001526,65.944,0.0,81.3972,22.7055,0.0,0.0,55.958,0.0,0.0,631.22,0.0,0.0,0.0,0.0,0.0,0.0,0.0,220.938,386.880004883,0.0,0.0,0.00153,0.0,179.322,0.0,0.0,0.15386,0.0,0.0,59.4,57.8,65.6168,0.0,0.0,0,28.7462,0.0,1280.46,0.0,0.01769,0.0,15.9568,0.0,147.946,0.0,0.05319
2022-10-01 05:15:00,115.599,1811.09,0.0,0,13.57,84.8994,0.0,0.0,43.6491,0.0,0.0,70.8003,29.6043,62.8964,0.0,13.82,0.0,0,965.176,0.0,0.0,0.0,0.0,0.001526,62.654,0.0,88.7733,21.4938,0.0,0.0,56.0441,0.0,0.0,636.805,0.0,0.0,0.0,0.0,0.0,0.0,0.0,219.644,340.140014648,0.0,0.0,0.00153,0.0,177.821,0.0,0.0,0.15386,0.0,0.0,60.8,58.0,66.6386,0.0,0.0,0,37.1984,0.0,1269.69,0.0,0.0,0.0,15.8074,0.0,146.575,0.0,0.05376
2022-10-01 05:20:00,116.896,1814.38,0.0,0,12.86,88.0497,0.0,0.0,46.4616,0.0,0.0,67.863,28.314,53.4974,0.0,13.72,0.0,0,962.026,0.0,0.0,0.0,0.0,0.001526,59.6541,0.0,86.6595,27.0751,0.0,0.0,56.0441,0.0,0.0,638.673,0.0,0.0,0.0,0.0,0.0,0.0,0.0,221.256,302.980010986,0.0,0.0,0.00153,0.0,180.678,0.0,0.0,0.12371,0.0,0.0,62.5,58.1,68.759,0.0,0.0,0,47.903,0.0,1271.11,0.0,0.0,0.0,16.2029,0.0,147.337,0.0,0.05426
2022-10-01 05:25:00,116.299,1814.68,0.0,0,12.59,89.942,0.0,0.0,42.2702,0.0,0.0,71.7983,33.4337,49.1962,0.0,15.0,0.0,0,960.195,0.0,0.0,0.0,0.0,0.001526,56.2141,0.0,91.5283,29.442,0.0,0.0,54.7859,0.0,0.0,635.89,0.0,0.0,0.0,0.0,0.0,0.0,0.0,221.061,304.220001221,0.0,0.0,0.00153,0.0,193.046,0.0,0.0,0.15386,0.0,0.0,62.3,57.6,69.7917,0.0,0.0,0,37.2973,0.0,1280.0,0.0,0.04002,0.0,17.8904,0.0,150.37,0.0,0.05041
2022-10-01 05:30:00,114.894,1804.37,0.0,0,12.51,88.6233,0.0,0.0,39.3873,0.0,0.0,74.0291,36.8823,48.1962,0.0,17.7,0.0,0,981.68,0.0,0.0,0.0,0.0,0.001526,60.8441,0.0,92.4995,30.299,0.0,0.0,55.7519,0.0,0.0,632.264,0.0,0.0,0.0,0.0,0.0,0.0,0.0,219.083,301.279998779,0.0,0.0,0.00153,0.0,196.938,0.0,0.0,0.15386,0.0,0.0,60.5,58.2,69.7258,0.0,0.0,0,32.412,0.0,1272.38,0.0,0.00093,0.0,18.5935,0.0,152.938,0.0,0.05355
2022-10-01 05:35:00,116.498,1848.47,0.0,0,11.5,87.6625,0.0,0.0,43.321,0.0,0.0,86.659,32.4425,51.2982,0.0,17.81,0.0,0,1005.41,0.0,0.0,0.21904,0.0,0.001526,59.7941,0.0,91.2997,29.173,0.0,0.0,55.2535,0.0,0.0,643.471,0.0,0.0,0.0,0.0,0.0,0.0,0.0,221.915,256.989990234,0.0,0.0,0.00153,0.0,203.127,0.0,0.0,0.12371,0.0,0.0,62.9,57.8,70.1872,0.0,0.0,0,32.423,0.0,1269.3,0.0,0.00093,0.0,18.5848,0.0,153.917,0.0,0.0574
2022-10-01 05:40:00,115.893,1876.13,0.0,0,10.85,85.3013,0.0,0.0,46.7937,0.0,0.0,91.313,32.0641,56.5994,0.0,18.1,0.0,0,997.647,0.0,0.0,0.74273,0.0,0.001526,67.074,0.0,97.2476,28.7406,0.0,0.0,55.312,0.0,0.0,634.04,0.0,0.0,0.0,0.0,0.0,0.0,0.0,220.304,239.809997559,0.0,0.0,0.00153,0.0,197.386,0.0,0.0,0.08352,0.0,0.0,61.2,58.0,70.5827,0.0,0.0,0,37.1948,0.0,1253.85,0.0,0.0,0.0,16.739,0.15992,156.708,0.0015,0.05956
2022-10-01 05:45:00,115.296,1868.49,0.0,0,9.22,85.8309,0.0,0.0,48.0398,0.0,0.0,90.0557,25.9336,59.697,0.0,19.91,0.0,0,998.941,0.0,0.0,0.83841,0.0,0.001526,67.344,0.0,98.3457,28.8461,0.0,0.0,56.1917,0.0,0.0,638.234,0.0,0.0,0.0,0.0,0.0,0.0,0.0,218.717,275.920013428,0.0,0.0,0.00153,0.0,189.494,0.0,0.0,0.15386,0.0,0.0,61.8,57.9,68.9018,0.0,0.0,0,42.0325,0.0,1219.96,0.0,0.01024,0.54627,18.365,0.27955,153.206,0.0,0.05993
2022-10-01 05:50:00,113.195,1863.04,0.91202,0,8.99,82.7204,0.0,0.0,45.1569,0.0,0.0,76.9467,19.9741,59.8962,0.0,19.78,0.0,0,1003.16,0.0,0.0,1.32181,0.0,0.001526,67.014,0.0,94.518,31.0321,0.0,0.0,55.4596,0.0,0.0,639.021,0.0,0.0,0.0,0.33955,0.0,0.0,0.198,219.84,320.799987793,0.37,0.0,0.09918,0.0,188.304,0.0,0.0,0.12371,0.0,0.0,62.4,58.0,68.9567,0.0,1.0724,0,33.7999,0.0,1198.65,0.0,0.0121,1.20546,16.7566,0.43947,158.31,0.0015,0.0
2022-10-01 05:55:00,112.696,1884.35,1.38196,0,7.94,85.2636,0.0,0.0,47.446,0.0,0.0,77.7417,23.0747,58.7987,0.0,20.74,0.0,0,999.088,0.0,0.0,2.51019,0.51637,0.001526,65.564,0.0,92.1757,33.1427,0.0,0.0,55.8688,0.0,0.0,636.769,0.0,0.0,0.441,0.58698,0.0,0.2356,0.518,221.207,331.329986572,0.8,0.0,0.49897,0.0,172.181,0.0,0.0,0.08352,0.0,0.0,62.3,57.9,70.1653,0.0,2.26871,0,26.9407,0.0,1219.4,0.0,0.00093,2.23087,17.9519,0.6006,157.922,0.0,0.03372
2022-10-01 06:00:00,113.296,1900.81,1.97139,0,8.68,83.5514,0.0,0.0,44.5632,0.0,0.0,74.9447,23.3628,57.5995,0.0,19.59,0.0,0,999.991,0.0,0.0,3.87984,1.26101,0.001526,70.2339,0.0,94.9243,26.4363,0.0,0.18408,54.6967,0.0,0.0,637.464,0.0,0.0,1.016,0.80808,0.0,0.69947,1.066,218.643,343.279998779,1.64,0.0,1.20089,0.0,172.529,0.0,0.0,0.12371,0.0,0.0,61.6,57.8,70.5827,0.0,3.29412,0,20.8286,0.0,1243.54,0.0,0.00093,3.41497,17.9256,0.72024,158.727,0.0005,0.01481
2022-10-01 06:05:00,113.798,1930.96,2.6325,0,9.84,82.0903,0.0,0.0,44.3679,0.0,0.0,77.3617,24.614,55.4976,0.0,19.37,0.0,0,1030.66,0.0,0.0,9.03616,1.42702,0.001526,75.2839,0.315,92.3725,23.0078,0.0,0.74074,56.0441,0.0,0.1868,638.38,0.0,0.0,2.035,1.41348,0.0,1.6907,1.384,220.182,340.970001221,2.76,0.0,1.29854,0.0,175.953,0.0,0.0,0.12371,0.0,0.0,62.3,58.0,74.9663,0.0,5.9089,0,22.8318,0.0,1266.23,0.0,0.0,4.67231,21.7137,0.83987,154.717,0.0,0.0
2022-10-01 06:10:00,112.498,1973.83,4.5415,0,10.94,81.4226,0.0,0.0,44.8913,0.0,0.0,74.2474,23.4031,59.5997,0.43774,20.14,1.74118,0,1042.57,0.0,1.37026,12.556,1.87869,0.001526,70.0739,0.40499,90.2841,24.6875,0.0,0.0,55.3704,1.54,0.70774,637.812,0.0,0.14072,3.313,2.25578,0.0,2.83818,1.972,219.889,393.649993896,3.03,1.25,1.70138,0.0,176.063,0.0,0.0,0.00565,0.0,0.0,62.6,57.8,82.3053,0.0,7.23339,0,22.5205,0.0,1156.8,0.23072,0.00093,6.35691,22.6014,1.13041,152.393,0.0015,0.0
2022-10-01 06:15:00,109.995,1992.83,5.22119,0,10.29,82.712,0.0,0.0,48.2976,0.0,0.0,69.4881,24.2039,60.998,0.88934,16.8,2.12058,0,1032.56,0.0,2.13321,21.3731,2.70146,0.001526,69.9339,0.47499,94.6387,28.4795,0.0,0.0,56.0749,4.63,0.92803,631.477,1.67681,0.3425,4.979,3.23495,0.187001,4.1883,10.59,219.229,400.089996338,3.77,1.25,2.29953,0.0,180.65,0.0,0.0,0.12371,0.0,0.0,61.3,58.0,83.393,0.0,7.71191,0,19.7812,0.0,1125.01,0.33814,0.00093,7.56542,22.5751,1.42949,151.492,0.0,0.0
2022-10-01 06:20:00,107.897,1949.15,9.54099,0,9.35,81.5293,0.0,0.0,44.3015,0.0,0.0,61.0102,26.2522,56.8959,0.6831,15.58,4.09888,0,1034.49,0.0,2.77409,24.9432,3.9295,0.001526,71.1539,0.52499,93.4961,30.8758,0.0,0.0,56.0441,3.62,1.03491,634.993,3.12703,0.44694,6.114,3.88773,0.292001,5.53353,13.67,217.691,520.659973145,4.68,2.0,3.89868,0.0,177.565,0.0,0.0,0.12371,0.0,0.0,60.2,57.9,44.8963,2.24765,8.06226,0,17.0163,0.0,1108.73,0.0,0.0,9.93973,22.5751,1.87017,153.105,0.0,0.0
2022-10-01 06:25:00,108.596,1918.07,12.9209,0,9.03,82.0903,0.0,0.0,45.4148,0.0,0.0,58.7213,28.8035,59.0996,0.78877,15.76,13.5568,0,1039.98,0.0,5.85031,31.7109,7.68933,0.001526,70.7639,0.55499,88.1385,29.1579,0.0,0.0,56.5148,8.66,1.24333,640.193,4.89952,0.53544,8.201,4.09831,0.292001,7.89929,16.98,220.084,562.440002441,6.42,2.75,4.39918,0.209001,182.948,0.0,0.0,0.12371,0.0,0.0,62.0,57.8,0.0,3.46532,10.2327,0,18.3419,0.0,1095.79,0.75563,0.0,11.0262,20.5184,2.71981,150.688,0.0,0.0
2022-10-01 06:30:00,110.294,1907.18,16.6114,0,7.33,78.76,0.0,0.0,41.4811,0.0,0.0,56.4691,26.6245,57.2986,0.9984,14.21,10.237,0,1013.17,0.0,0.52186,36.7112,6.71519,0.001526,71.1739,0.57499,87.6307,28.597,0.0,0.0,56.0164,11.68,1.34701,641.731,3.88235,0.41154,10.165,4.44575,0.443001,10.2138,18.13,219.962,651.789978027,11.6,3.25,4.30152,1.033,183.662,0.0,0.0,0.12371,0.0,0.0,62.5,58.0,0.0,5.39712,11.1641,0,21.7771,0.0,1064.97,0.71656,0.42165,11.2093,22.7596,4.12976,153.823,0.0,0.0
2022-10-01 06:35:00,106.796,1884.97,18.4302,0,6.68,80.7192,0.0,0.0,36.3717,0.0,0.0,51.0719,26.3535,51.9,0.89475,14.0,5.35903,0,976.016,0.0,0.0,47.618,7.44762,0.001526,71.2839,0.54499,87.3578,28.6779,0.0,0.0,55.838,13.68,1.80237,637.007,2.43214,0.29117,11.99,5.98821,0.443001,11.4321,12.42,218.741,849.690002441,15.58,4.5,5.29946,0.979002,178.453,0.0,0.0,0.12371,0.0,0.0,59.9,58.0,0.0,2.69627,9.93362,0,27.5047,0.0,1042.98,0.0,0.00093,12.2408,22.3729,4.4496,149.629,0.0005,0.0
2022-10-01 06:40:00,104.796,1913.77,23.9607,0,6.69,80.782,0.0,0.0,33.0318,0.0,0.0,56.6018,24.9632,61.6972,0.75654,14.72,1.38888,0,996.988,0.0,0.0,52.6232,9.41543,0.001526,75.6239,0.64499,84.2791,27.1647,0.0,0.0,56.0749,13.68,2.00678,642.116,0.0,0.0,12.659,8.55196,0.593001,5.15999,16.344,217.545,750.510009766,27.85,5.75,7.20073,0.0,180.302,0.0,0.0,0.00565,0.0,0.0,61.4,57.8,0.0,1.4786,13.4884,0,26.9773,0.0,1024.3,0.0,0.00093,14.2489,19.9647,4.70962,142.431,0.0,0.0
2022-10-01 06:45:00,101.596,1909.57,28.8221,0,6.15,83.162,0.0,0.0,38.0787,0.0,0.0,59.5605,21.1142,73.6981,0.29629,16.79,0.0,0,1032.9,0.0,0.0,60.9117,17.9751,0.001526,72.4139,0.58499,82.5081,31.5264,0.0,0.0,56.9239,14.68,2.12659,628.291,0.0,0.0,9.091,8.0729,1.095,5.49935,22.708,219.669,713.739990234,35.86,6.75,16.3012,0.404001,183.882,0.0,0.0,0.12371,0.0,0.0,59.2,57.8,0.0,0.79194,14.1378,0,27.501,0.0,1053.5,0.0,0.0,17.8988,16.2292,5.32975,145.23,0.57349,0.0
2022-10-01 06:50:00,100.899,1893.71,33.6198,0,7.02,89.4208,0.0,0.0,37.0279,0.0,0.0,69.0669,19.5236,75.3973,0.0,17.27,0.0,0,1008.71,0.0,0.0,64.3962,24.3644,0.001526,76.5038,0.69499,89.8271,29.269,0.0,0.0,56.0164,13.67,2.33664,641.493,0.0,0.0,17.606,7.80968,1.902,6.48325,29.104,220.841,730.489990234,39.51,7.25,19.6002,0.919002,179.231,0.0,0.0,0.12371,0.0,0.0,61.8,57.8,0.0,0.0,18.8376,0,28.6326,0.0,1032.06,0.34302,0.0,24.3992,14.6911,5.83026,141.066,0.0235,0.0
2022-10-01 06:55:00,102.698,1841.31,38.0299,0,7.06,84.3008,0.0,0.0,36.8326,0.0,0.0,70.6569,17.8634,69.8969,0.0,17.94,0.0,0,963.442,0.0,0.0,73.3443,27.3698,0.001526,72.2739,0.95499,90.7983,28.7176,0.0,0.0,55.838,19.9,2.57395,643.068,0.0,0.0,19.172,8.12028,2.922,8.19959,34.398,218.497,791.309997559,39.47,7.75,18.3001,0.974002,190.62,0.0,0.0,0.08352,0.0,0.0,61.5,57.5,0.0,0.0,22.4436,0,21.5354,0.0,1001.86,0.0,0.00093,26.1021,17.1345,6.39058,143.963,0.0,0.0
2022-10-01 07:00:00,104.198,1800.61,42.201,0,6.65,91.5831,0.0,0.0,32.7661,0.0,0.0,67.9728,18.0636,69.9987,0.0,17.15,79.8976,0,927.749,0.0,0.0,73.8881,41.6815,0.001526,68.914,1.29498,85.9803,29.0365,0.0,0.0,55.1366,29.17,2.46106,637.721,0.0,0.0,18.148,8.74147,4.302,7.61364,44.288,219.425,716.179992676,46.76,8.75,23.299,2.07,184.028,0.0,0.0,0.08352,0.0,0.0,59.7,58.1,0.0,0.0,26.4085,0,19.7629,0.0,976.055,1.89822,0.0,31.9188,21.3533,7.03024,140.524,0.0,0.0
2022-10-01 07:05:00,101.496,1779.49,46.5394,0,6.17,91.4219,0.0,0.0,27.5239,0.0,0.0,66.6987,21.5427,81.9996,0.0,13.34,56.6865,0,915.37,0.0,0.0,93.4761,34.5965,0.001526,77.1138,1.17498,91.1474,29.7546,0.0,0.0,55.4596,32.2,2.35174,630.287,0.0,0.0,14.352,10.8104,4.146,10.6679,45.13,220.06,672.890014648,50.44,10.25,19.2004,2.103,191.911,0.0,0.0,0.14381,0.0,0.0,61.8,57.9,0.0,0.0,37.5512,0,14.9471,0.0,948.296,0.0,0.00093,32.3705,21.5203,6.15009,146.398,0.0,0.0
2022-10-01 07:10:00,102.997,1748.05,50.7795,0,6.68,88.0518,0.0,0.0,32.8989,0.0,0.0,67.013,29.0037,75.5965,0.0,13.72,61.2528,0,917.958,0.0,0.0,80.7313,48.2832,0.001526,75.0639,1.38498,87.8275,26.2419,0.0,0.0,56.9239,34.03,2.55795,611.847,0.0,0.0,15.558,10.6314,1.599,7.98718,42.856,222.061,741.969970703,54.46,15.75,43.0014,2.225,186.354,0.0,0.0,0.04333,0.0,0.0,62.3,58.1,0.0,0.0,38.9526,0,14.255,0.0,917.508,0.0,0.00093,36.5942,20.202,6.72994,136.41,0.0,0.0
2022-10-01 07:15:00,101.095,1707.52,56.1401,0,8.22,87.5515,0.0,0.0,25.8832,0.0,0.0,64.8005,32.8124,83.4997,0.0,15.26,85.8596,0,907.533,0.0,0.0,74.3513,57.5436,0.001526,82.1137,1.89497,83.9363,23.9115,0.0,0.0,55.4596,28.18,2.90445,596.539,0.0,0.0,21.387,12.5739,1.648,8.44373,44.076,220.914,746.140014648,58.5,21.25,38.8998,2.272,183.131,0.0,0.0,0.00565,0.0,0.0,62.7,57.8,0.0,0.0,39.6533,0,17.9904,0.0,897.903,0.0,0.0,46.2318,24.122,8.70998,138.733,0.0025,0.0
2022-10-01 07:20:00,104.099,1660.96,60.8316,0,8.59,94.0824,0.0,0.0,26.016,0.0,0.0,67.2343,35.5846,82.1988,0.0,15.89,135.358,0,887.807,0.0,0.0,76.0886,57.6779,0.001526,78.4638,1.83497,83.1111,21.2645,0.0,0.0,55.5765,31.25,3.48621,602.802,12.8757,0.0,19.762,12.4213,5.967,10.4555,42.336,221.061,800.640014648,61.96,20.0,37.5998,2.111,181.657,0.0,0.0,0.12371,0.0,0.0,62.4,57.9,0.0,0.0,52.0266,0,21.0044,0.0,864.528,0.0,0.10146,53.7148,19.9207,5.92059,138.311,0.0025,0.06176
2022-10-01 07:25:00,100.796,1610.33,64.4611,0,8.26,94.1515,0.0,0.0,30.6684,0.0,0.0,65.3925,36.7553,91.3986,0.0,15.26,157.607,0,855.238,0.0,0.0,75.4239,59.6432,2.40024,80.5438,1.43498,76.3254,22.6015,0.0,0.0,54.9889,36.36,3.96211,600.842,72.0929,0.0,29.894,14.8797,4.449,6.01205,49.648,219.84,862.030029297,66.58,15.5,45.4002,4.958,165.736,0.0,0.0,0.08352,0.0,0.0,59.8,58.1,0.0,0.0,59.2642,0,17.723,0.0,841.334,0.0,0.0,77.8668,19.9031,4.57045,138.031,0.0,0.05845
2022-10-01 07:30:00,98.9963,1553.37,67.9791,0,8.38,96.8602,1.10048,2.94995,39.3209,0.0,0.0,69.8283,29.453,91.6995,0.0,17.93,155.995,0,839.734,0.0,1.36416,76.4562,52.983,12.9992,84.8037,1.80497,86.2787,22.6531,0.0,0.0,55.2227,29.21,5.09542,595.642,109.225,8.61747,15.012,16.4327,2.239,6.05112,50.248,220.304,1029.33996582,70.87,14.0,46.1021,3.39,162.412,5.85891,0.0,0.08352,0.0,0.0,59.3,57.9,76.9549,0.0,54.6157,0,17.6644,0.0,810.01,2.36454,0.00093,57.4868,15.1658,5.41032,132.232,0.0,0.05815
2022-10-01 07:35:00,89.2979,1521.21,71.5395,0,7.5,103.833,1.37148,9.39986,50.3289,0.79995,0.0,75.5657,24.5945,99.1956,0.0,17.14,156.537,0,841.834,0.0,1.29091,74.3967,60.3684,19.0997,87.7137,3.01495,83.803,25.965,0.0,0.0,55.3704,30.23,5.85677,594.214,114.864,9.39629,14.931,17.554,3.941,6.37583,52.836,220.328,903.840026855,74.84,13.25,43.801,2.706,154.374,9.7837,0.0,0.12371,0.0,0.0,61.3,57.9,92.2042,0.0,41.3452,0,20.4843,0.0,780.786,3.20928,0.00093,66.2699,12.7663,7.45018,131.837,0.0025,0.05229
2022-10-01 07:40:00,88.3965,1519.55,75.5991,0,8.07,106.083,11.7134,15.2998,56.0985,8.40124,0.0,79.8444,25.2842,81.7961,1.85325,14.49,106.7,0,844.154,0.0,1.27871,72.3271,59.6481,24.6998,79.1138,3.09495,76.8713,23.9623,0.0,0.04624,55.635,31.18,7.21894,600.513,123.535,10.191,18.843,13.4162,2.106,0.70192,53.38,223.331,931.219970703,80.48,13.75,43.3005,3.298,155.995,22.8042,0.0,0.14381,0.0,0.0,62.7,57.9,95.4562,6.41337,84.8652,0,26.5672,0.0,745.262,3.62188,0.00093,59.5804,9.99771,9.0701,137.901,0.0,0.05854
2022-10-01 07:45:00,91.8988,1532.81,79.4888,0,6.65,110.883,15.5807,14.5998,56.7548,26.0002,0.0,67.3091,31.9542,83.9998,3.72531,14.57,143.786,0,859.022,0.0,1.27871,72.1811,59.8019,25.0996,71.9839,2.33496,63.9092,21.8001,0.0,4.9833,55.635,35.22,8.65741,608.844,134.503,10.9805,12.544,13.6005,2.358,0.47486,54.194,228.482,858.900024414,85.4,14.25,43.1998,3.326,159.29,31.0998,0.0,0.08352,0.0,0.0,63.2,57.8,88.1831,17.1344,82.8144,0,29.2918,0.0,697.702,3.90021,10.9639,78.2452,8.48597,11.2296,129.484,0.0,0.0602
2022-10-01 07:50:00,87.5957,1499.63,82.3111,0,5.68,108.574,16.2106,14.6998,44.7624,43.4001,0.0,60.1205,33.2335,81.6987,4.4631,12.99,115.548,0,852.869,0.0,1.29702,71.2293,58.6007,25.3986,77.0838,1.99497,64.8106,21.209,0.0,4.99789,55.9856,38.32,8.65229,601.135,144.674,11.7186,7.45,12.1054,2.358,0.6067,54.97,220.206,893.869995117,88.39,15.0,42.4002,2.631,146.583,39.4553,0.0,0.12371,0.0,0.0,62.3,57.8,85.6892,42.3758,81.3959,0,26.1717,0.0,661.617,3.9588,2.11571,92.4056,9.93619,13.0595,136.927,0.0,0.05253
2022-10-01 07:55:00,88.2952,1488.84,72.8113,0,6.01,111.012,16.9613,19.1997,38.0748,64.398,0.0,74.9889,36.0351,84.398,5.74362,13.88,127.838,0,843.494,0.0,130.156,70.469,58.0294,26.1006,88.7837,0.85499,71.6344,18.5183,0.0,4.97946,55.4873,43.29,7.09914,587.878,150.405,12.4921,5.448,17.017,2.208,0.45045,53.022,219.596,980.179992676,93.9,16.75,42.6017,2.936,142.976,47.565,0.0,0.12371,0.0,0.0,59.9,57.8,85.7002,68.7434,91.4876,0,26.179,0.0,633.882,4.37629,0.0,104.009,13.2321,14.8698,142.082,0.0,0.05929
2022-10-01 08:00:00,92.895,1448.46,62.9105,0,5.73,104.283,17.7633,21.2997,39.7819,81.3996,0.0,91.7693,38.7341,94.3988,8.76083,17.84,163.935,0,840.589,0.0,131.798,69.2756,58.6325,26.9001,91.0736,0.88499,83.0223,17.997,0.0,5.01888,55.4596,49.39,6.37312,599.451,153.688,13.1948,0.873,28.8513,1.755,0.0,37.966,218.35,798.289978027,92.88,16.5,42.6993,3.105,137.913,46.8412,0.0,0.12371,0.0,0.0,60.5,57.8,92.4019,97.6013,91.2825,0,26.6917,0.0,607.562,4.48615,0.0,101.128,12.7751,16.5996,135.789,0.0,0.0532
2022-10-01 08:05:00,94.6997,1493.8,61.6892,0,4.94,105.951,16.2106,17.9997,37.6178,89.5022,0.0,97.2686,41.1743,106.099,7.10733,17.81,224.043,0,803.308,0.0,118.499,69.0137,56.9821,27.0985,88.1837,0.91499,87.6371,15.7904,0.0,4.99072,55.5457,49.39,5.58413,599.542,157.092,13.9559,0.0,28.467,2.006,0.0,25.844,220.279,710.340026855,98.07,17.0,41.5,2.304,118.585,44.2685,0.0,0.00565,0.0,0.0,61.9,57.7,86.3044,118.878,83.1391,0,25.5345,0.0,583.416,4.24689,0.0,94.4991,12.8982,9.0701,138.959,0.0,0.06098
2022-10-01 08:10:00,96.9962,1520.21,47.851,0,5.17,104.302,14.9508,24.1996,36.8951,109.601,0.0,84.567,44.8463,89.9958,6.38438,18.32,223.026,0,765.734,0.0,100.2,76.008,58.5544,27.0985,88.5936,1.18498,87.2689,20.2513,0.0,4.98202,56.0164,49.39,4.54349,613.569,159.851,14.7135,0.0,26.3139,2.106,0.21118,20.032,224.503,747.010009766,98.6,18.0,41.6007,2.895,123.127,44.7949,0.0,0.12371,0.0,0.0,63.1,57.7,83.6127,120.27,87.668,0,26.3767,0.0,568.816,3.93194,0.00093,89.4453,12.6433,6.94968,138.1,0.0,0.05162
2022-10-01 08:15:00,94.295,1509.59,57.8314,0,3.97,101.79,14.7311,7.09989,44.1061,122.297,0.0,91.3802,47.4025,123.299,5.6425,19.06,233.419,0,738.219,0.0,54.7219,78.4049,49.9727,27.0985,86.6037,0.79499,90.665,23.0609,0.0,4.98611,55.8688,49.39,4.28851,604.34,162.298,15.4056,0.0,25.3242,2.056,0.0,17.498,223.062,807.299987793,63.72,19.25,36.202,1.967,104.404,45.7795,0.0,0.04333,0.0,0.0,63.1,58.0,76.1309,125.956,89.9666,0,22.3081,0.0,547.282,3.47784,0.00093,82.2309,15.948,6.62984,137.332,0.0005,0.06117
2022-10-01 08:20:00,97.8991,1521.7,31.4002,0,4.45,105.472,13.9803,7.59988,41.4186,127.502,0.0,95.2468,43.0347,119.799,5.23571,16.77,242.064,0,710.216,0.0,91.2276,79.3717,46.0835,27.0985,81.6638,0.79499,83.3587,23.633,0.0,4.98253,56.0749,49.39,4.28851,610.639,165.018,16.1366,0.0,24.2398,2.307,0.27955,17.072,223.233,863.690002441,46.82,21.25,32.5002,1.844,87.1183,41.7498,0.0,0.08352,0.0,0.0,63.4,57.5,69.9345,134.351,92.3079,0,18.016,0.0,535.71,3.18486,0.00093,87.6875,11.8259,6.67013,137.355,0.0,0.04754
2022-10-01 08:25:00,94.4945,1491.62,32.1409,0,4.61,106.772,13.3431,8.09988,45.4148,132.7,0.0,78.732,38.7024,114.599,4.82534,20.27,246.874,0,685.753,0.0,110.912,79.2408,63.7375,27.0008,76.0138,0.97499,83.7332,23.3593,0.0,4.96205,55.838,49.39,4.28851,595.441,169.811,16.8818,0.0,23.5133,2.207,0.0,17.05,220.45,1026.39001465,50.5,21.5,32.5002,2.01,93.9483,37.4154,0.0,0.12371,0.0,0.0,60.3,57.8,60.8158,138.077,98.7338,0,17.7487,0.0,524.113,3.1165,0.0,98.4482,15.2976,7.40989,130.476,0.0,0.04992
2022-10-01 08:30:00,95.5965,1464.08,33.4605,0,4.4,104.482,12.4898,9.09986,44.6296,141.297,0.0,74.1207,33.4032,110.396,4.30234,18.63,248.636,0,665.806,0.0,126.952,78.9336,60.4977,25.6001,74.9239,1.21498,93.7119,22.7967,0.0,4.98534,55.8103,49.39,4.06592,600.604,172.309,17.5615,0.0,24.4293,2.759,0.0,18.028,220.377,1149.90002441,64.21,21.75,32.5002,2.579,85.3971,36.6784,0.0,0.08352,0.0,0.0,60.9,57.7,57.8055,151.847,106.493,0,26.5049,0.0,515.641,3.16777,0.0,85.7038,15.6404,9.05057,131.306,0.0015,0.0524
2022-10-01 08:35:00,94.2972,1471.63,34.8199,0,5.31,100.05,12.7425,11.1998,42.1413,141.599,0.0,74.2199,29.575,102.399,4.10176,14.98,252.904,0,632.749,0.0,125.658,76.3001,53.8253,17.5982,75.6339,2.02497,92.6962,18.4414,0.0,4.98688,55.8103,49.39,3.95904,604.23,173.387,18.3049,0.0,23.4764,2.658,0.0,18.03,218.277,1169.61999512,59.56,22.0,32.5002,4.235,79.1806,37.0791,0.0,0.00565,0.0,0.0,61.9,58.0,58.4866,184.157,104.707,0,26.5159,0.0,497.598,3.617,0.0,100.035,18.576,8.82962,134.448,0.0,0.04636
2022-10-01 08:40:00,87.199,1493.82,35.9908,0,4.23,98.9199,14.7823,13.1998,53.2157,141.901,0.0,67.8279,35.5248,103.497,4.41062,10.51,257.511,0,598.471,0.0,132.183,74.8448,48.3369,16.0998,74.0939,5.84491,90.519,17.3765,0.0,4.98637,56.4255,49.39,4.0759,595.788,174.766,18.974,0.0,36.8374,2.508,0.0,17.964,220.426,1183.16003418,57.68,24.5,32.5002,3.384,89.3248,39.8563,0.0,0.14381,0.0,0.0,60.7,57.9,56.3113,192.168,113.517,0,25.0986,0.0,502.847,4.34699,0.0,108.135,16.4578,15.02,129.27,0.0,0.05156
2022-10-01 08:45:00,77.997,1540.67,37.3104,0,5.92,95.5916,17.7304,14.8998,50.0711,142.1,0.0,74.4594,35.5944,88.7966,5.34298,13.2,260.289,0,573.129,0.0,131.09,76.3605,51.0054,27.1992,69.8439,6.4949,95.2798,21.7454,0.0,4.98202,56.6316,50.31,4.52685,601.813,179.057,19.6112,0.0,55.6311,2.358,0.35279,18.158,231.095,1151.63000488,59.94,34.0,32.5002,3.02,96.7224,45.6774,0.0,0.08352,0.0,0.0,64.4,57.7,51.4992,192.763,117.02,0,36.0009,0.0,506.436,5.05989,0.00093,115.917,15.9919,12.3099,126.517,0.0,0.05254
2022-10-01 08:50:00,80.4989,1474.92,47.8696,0,5.32,96.6006,18.5507,18.1997,49.6101,142.498,0.0,68.4886,53.2143,93.797,6.52902,17.95,260.411,0,586.63,0.0,125.182,77.715,39.6234,27.0985,70.6839,4.09494,90.5316,20.4076,0.0,28.3331,55.8103,50.39,4.63104,589.453,181.705,20.2945,0.0,47.424,2.508,0.0,17.744,219.278,992.150024414,49.77,31.0,29.601,3.038,94.699,46.7277,0.0,0.00565,0.0,0.0,59.5,57.8,51.8508,192.772,100.152,0,39.1431,0.0,502.31,4.01007,0.0,121.703,12.5993,15.7598,121.466,0.0,0.05003
2022-10-01 08:55:00,78.1971,1486.57,49.0219,0,3.98,98.3819,16.8331,18.9997,41.0905,142.8,0.0,76.0494,50.9645,95.9963,7.39763,18.69,260.695,0,576.229,0.0,117.223,78.3646,37.182,27.1992,83.8337,7.20489,87.6053,23.5132,0.0,37.8798,56.5732,50.39,4.73318,602.802,183.639,20.9193,0.0,50.2299,3.615,0.4065,16.556,225.162,1069.59997559,58.62,43.25,26.1006,2.606,86.4134,48.4657,0.0,0.12371,0.0,0.0,63.6,58.0,51.9167,192.918,97.6657,0,42.4097,0.0,505.753,4.28107,0.00093,123.412,14.9021,14.03,103.843,0.0025,0.0507
2022-10-01 09:00:00,77.5975,1494.02,44.6808,0,4.36,99.753,16.141,11.7998,38.9264,142.903,0.0,79.4385,46.4247,93.8988,7.49952,17.0,261.861,0,525.765,0.0,89.7688,79.0293,40.6879,27.0985,88.0836,5.42492,82.0891,31.5026,0.0,35.5779,55.7519,50.39,4.94618,599.469,185.915,21.468,0.0,50.7616,4.673,0.0,17.164,218.814,1055.65002441,55.22,43.0,26.1006,2.443,86.7979,49.3568,0.0,0.12371,0.0,0.0,61.5,57.7,49.7633,192.982,100.554,0,41.4539,0.0,499.088,4.55695,0.00093,98.4482,13.0739,13.9201,102.685,0.0,0.0499
2022-10-01 09:05:00,79.3949,1472.78,44.3596,0,4.02,97.103,17.4411,15.0998,40.3678,143.199,0.0,82.6108,47.2633,95.598,9.16173,16.31,261.251,0,504.671,0.0,96.9772,81.1291,45.5024,27.0985,89.7636,3.87494,85.4471,28.3899,0.0,43.094,55.7519,50.39,4.94618,602.289,187.617,22.0964,0.0,46.6186,4.782,0.21118,17.09,224.015,1147.06994629,60.85,50.0,26.1006,2.539,87.4846,48.1762,0.0,0.00565,0.0,0.0,63.1,58.0,47.0936,193.257,108.774,0,38.3777,0.0,496.744,5.48714,0.00093,107.091,11.905,13.2402,95.0973,0.0,0.05902
2022-10-01 09:10:00,74.4977,1497.73,45.8305,0,3.39,93.871,19.5431,11.0998,40.1725,142.498,0.0,74.1955,46.6346,90.9959,9.80582,16.76,264.029,0,521.297,0.0,93.1319,80.4745,41.3715,27.0985,89.3036,2.56496,78.6487,33.0055,0.0,59.4186,56.7762,50.39,4.84608,596.979,189.832,22.684,0.0,59.59,4.459,0.0,18.01,217.203,1101.92004395,67.18,57.25,26.1006,3.107,88.9128,48.2363,0.0,0.12371,0.0,0.0,61.5,58.0,44.0284,193.001,101.374,0,31.4708,0.0,478.677,5.77523,0.0,97.9843,12.8366,13.4001,83.9435,0.0,0.05098
2022-10-01 09:15:00,82.4975,1503.34,56.5092,0,5.49,99.6441,21.8833,15.1998,48.6257,143.0,0.0,83.2303,46.9032,89.8985,6.85773,18.52,263.107,0,534.53,0.0,60.7462,79.6386,15.6362,21.0986,89.1236,4.94492,77.0109,31.92,0.0,55.6196,55.8103,50.39,4.74214,604.797,191.746,23.2628,0.0,68.3025,4.358,0.46998,23.108,232.193,1105.84997559,87.67,56.25,10.6004,4.364,81.8082,50.1999,0.0,0.12371,0.0,0.0,65.1,57.9,40.7544,193.092,114.918,0,25.3184,0.0,480.435,7.17906,0.00093,121.788,16.6863,12.6103,87.1919,0.0,0.05221
2022-10-01 09:20:00,77.0932,1477.59,42.5701,0,5.39,92.4309,25.67,39.6994,40.9616,142.601,0.0,85.359,45.1734,90.7968,5.78304,19.02,262.918,0,554.256,0.0,38.1628,76.285,5.12337,14.3999,96.1135,3.93494,79.4993,31.1575,0.0,61.8742,55.8688,50.19,4.74214,605.255,193.962,23.939,0.0,69.5449,4.865,0.29175,33.098,221.329,1049.7800293,83.95,53.5,3.30053,6.675,75.7015,56.3182,0.0,0.08352,0.0,0.0,62.7,57.8,39.8425,193.037,138.494,0,27.6329,0.0,477.993,9.59609,0.00093,143.133,19.5428,12.4296,73.9226,0.0,0.04863
2022-10-01 09:25:00,74.1965,1412.72,30.3806,0,5.35,91.311,33.6022,24.3996,49.1531,142.498,0.0,66.9139,43.7244,87.8983,5.4743,17.87,263.487,0,592.831,0.0,52.0607,75.9023,4.54231,21.4008,86.6737,5.04492,76.465,29.611,0.0,54.188,55.7211,50.45,4.63642,586.23,188.553,24.424,0.0,62.4327,3.618,0.0,34.488,220.084,1026.4699707,91.92,57.75,3.30053,5.221,75.729,66.7016,0.0,0.08352,0.0,0.0,60.7,57.8,45.0831,172.502,137.904,0,29.3284,0.0,482.485,11.1928,0.0,142.077,19.3934,12.57,71.8035,0.0,0.05241
2022-10-01 09:30:00,76.8953,1391.28,30.1921,0,4.91,83.3211,44.3323,24.3996,48.4304,142.697,0.0,56.4035,39.4434,85.2963,5.4743,16.63,263.446,0,625.449,0.0,80.6683,76.4109,28.7468,22.6001,79.5438,5.95491,67.1275,28.8168,0.0,46.3462,56.9823,50.31,4.28595,595.734,192.894,24.8453,0.0,71.9454,8.395,0.0,32.704,218.839,1021.05999756,99.67,59.25,3.30053,3.948,63.6164,68.5092,0.0,0.12371,0.0,0.0,62.7,58.1,43.1824,174.974,134.529,0,32.5768,0.0,487.344,14.7207,0.00093,144.518,15.7107,13.9799,60.8084,0.0,0.0
2022-10-01 09:35:00,79.8974,1368.5,55.5215,0,3.66,84.981,46.0902,24.1996,46.4616,142.601,0.0,43.3585,37.8137,87.1991,7.28806,16.17,256.996,0,646.055,0.0,129.259,77.997,7.91882,18.4985,80.2538,3.38495,60.5449,28.063,0.0,38.2587,55.7211,50.31,4.18112,603.241,195.895,25.332,0.0,78.4048,11.24,0.0,29.856,222.477,1008.52001953,98.54,62.0,3.30053,3.95,53.3349,72.6316,0.0,0.08352,0.0,0.0,63.4,57.8,46.6212,179.258,138.947,0,28.5924,0.0,485.415,12.7822,0.00093,142.907,14.5505,14.0702,55.7388,0.0,6.13066
2022-10-01 09:40:00,73.596,1355.81,59.3607,0,1.74,80.9327,41.3697,26.1996,43.778,142.498,0.0,39.3973,39.2639,82.8979,8.71987,11.89,260.994,0,646.836,0.0,132.525,78.8178,0.24048,21.8006,83.0837,1.98497,57.828,25.9127,0.0,50.8396,55.6042,50.31,4.18112,595.862,198.453,25.8666,0.0,65.0333,10.613,0.0,27.974,222.55,937.179992676,99.36,94.0,0.09918,3.919,43.9139,73.0402,0.0,0.04333,0.0,0.0,63.6,58.1,46.1488,179.872,124.959,0,25.7066,0.0,484.805,11.078,0.00093,138.885,13.32,12.1305,54.042,0.0,5.25641
2022-10-01 09:45:00,76.3977,1331.86,64.3204,0,1.76,73.8827,38.4326,46.6993,42.2038,142.402,0.0,36.0449,41.8128,88.1992,3.15046,9.13,258.907,0,642.466,0.0,132.58,80.8018,5.95346,27.4006,74.0039,2.19497,50.1663,26.5268,0.0,59.1339,55.8103,50.45,4.28186,586.999,189.087,26.2507,0.0,67.1443,4.455,0.0,26.228,221.476,873.520019531,102.48,99.0,0.09918,3.913,39.5743,69.2104,0.0,0.12371,0.0,0.0,61.7,57.9,45.5555,171.669,133.7,0,21.0373,0.0,482.07,10.5824,0.0,137.523,12.9685,13.6198,49.6242,0.0,0.0
2022-10-01 09:50:00,69.5965,1314.18,68.3906,0,0.96,80.3508,33.9721,48.1993,36.567,142.299,0.0,31.1772,38.5132,90.8985,0.5312,11.12,259.219,0,640.488,0.0,132.61,82.1865,11.2563,26.6011,63.464,2.91496,47.5891,27.0926,0.0,71.8643,55.6042,48.41,4.52403,593.554,182.078,26.6879,0.0,63.5119,11.593,0.0,26.18,220.23,948.030029297,102.05,98.5,0.09918,3.483,35.6924,58.6598,0.0,0.00565,0.0,0.0,61.1,57.9,46.9178,165.544,131.581,0,25.1499,0.0,480.02,10.3578,0.0,101.537,16.5193,14.3803,48.6171,0.0,0.0
2022-10-01 09:55:00,73.6976,1319.43,82.2103,0,1.45,70.7513,34.9499,48.5993,43.5163,142.203,0.0,36.2982,37.854,89.5975,0.31106,14.45,259.029,0,607.919,0.0,131.072,81.1543,21.8082,27.0985,65.474,3.26495,51.2581,26.2991,0.0,85.0575,55.2227,50.44,4.87987,607.892,186.63,27.0047,0.0,50.8827,8.205,0.21607,28.124,222.696,913.770019531,101.87,95.25,0.09918,3.412,34.4747,63.2791,0.0,0.12371,0.0,0.0,64.2,57.9,47.0057,179.469,133.41,0,23.967,0.0,479.897,10.9389,0.00093,117.443,12.6696,11.4798,42.4671,0.0,6.1706
2022-10-01 10:00:00,75.1979,1343.04,82.3403,0,1.69,72.8822,38.4399,49.0993,41.3522,142.203,0.0,37.2244,35.9948,92.8987,0.31106,11.08,258.582,0,587.68,0.0,129.497,80.4493,11.725,27.0985,73.6139,4.67493,55.4159,22.1119,0.0,84.9142,55.312,50.44,5.50707,599.487,189.46,27.4171,0.0,41.4647,10.943,0.0,29.106,219.718,916.450012207,103.13,94.0,0.09918,4.252,31.9295,61.0393,0.0,0.12371,0.0,0.0,63.0,58.0,49.7633,181.337,139.878,0,20.3671,0.0,474.892,11.5126,0.0,117.205,16.8357,12.3295,45.7252,0.0,6.14251
2022-10-01 10:05:00,68.9948,1306.88,81.8412,0,0.36,76.9116,37.4109,49.5992,45.8718,142.1,0.0,35.3231,29.1429,89.6993,0.31106,10.98,258.473,0,568.881,0.0,128.276,80.4241,5.86557,27.1992,68.014,5.54492,44.758,23.2522,0.0,73.6461,56.1917,50.44,5.94637,591.577,181.111,27.8402,0.0,59.59,9.398,0.0,32.028,219.742,921.91998291,103.1,84.25,0.09918,5.206,28.011,56.3527,0.0,0.00565,0.0,0.0,61.2,57.7,53.1801,165.708,138.34,0,22.3484,0.0,482.73,11.3222,0.0,120.36,15.4822,14.4096,39.9194,0.0,6.14251
2022-10-01 10:10:00,74.0951,1308.69,81.9394,0,0.0,78.8102,37.9126,50.1992,35.5201,141.901,0.0,44.7028,22.1433,88.3983,0.31106,10.52,258.013,0,531.405,0.0,128.246,78.4301,17.1987,25.7984,57.9541,4.95492,37.8897,18.4429,0.0,56.6026,55.4012,48.38,6.3168,599.835,171.654,28.1322,0.0,61.2009,2.53,0.0,31.736,219.693,1028.23999023,102.62,77.75,0.09918,5.908,25.7588,59.9517,0.0,0.12371,0.0,0.0,61.4,58.0,52.8615,156.049,134.674,0,24.9229,0.0,476.675,11.9643,0.0,128.923,15.2624,15.6206,43.8941,0.0,5.89251
2022-10-01 10:15:00,72.3948,1332.71,82.0111,0,0.0,64.9321,42.3621,50.6992,33.6177,140.301,0.0,42.2843,21.644,92.6995,0.31106,8.63,257.836,0,490.633,0.0,130.584,76.9748,16.144,25.301,56.1642,5.58492,32.5703,15.2841,0.0,48.3758,55.7211,50.41,6.4215,604.065,166.629,28.4862,0.0,62.6433,11.945,0.0,28.156,220.987,1081.26000977,102.8,72.5,0.09918,5.805,28.8533,77.4906,0.0,0.08352,0.0,0.0,63.0,57.9,45.8631,151.481,139.169,0,19.5688,0.0,465.835,13.8735,0.0,111.04,15.8777,13.6296,36.8298,0.0,5.12746
2022-10-01 10:20:00,79.6964,1309.81,64.2195,0,0.0,59.9041,46.5406,50.9992,36.5045,140.198,0.0,41.5122,20.925,93.5978,0.51685,9.61,257.145,0,450.056,0.0,132.012,79.1854,21.3614,27.0985,54.8142,7.58488,43.0949,16.6497,0.0,45.5844,56.2502,50.41,6.31526,598.81,159.65,28.7871,0.0,67.0654,12.259,0.0,27.238,220.011,1145.5,102.83,71.25,0.09918,4.978,25.2827,77.7782,0.0,0.08352,0.0,0.0,60.6,57.8,46.3905,144.953,134.35,0,16.9979,0.0,460.659,14.0835,0.0,124.034,17.5301,13.9006,36.9726,0.0,6.07931
2022-10-01 10:25:00,78.2973,1324.04,44.2109,0,0.0,65.1414,46.1012,51.3992,32.8325,141.098,0.0,63.2395,25.2134,89.7967,0.3068,11.03,256.942,0,433.405,0.0,105.657,79.412,31.7986,27.1992,56.7441,3.58495,40.2575,12.4808,0.0,49.5309,55.7795,50.41,6.31526,603.333,159.217,29.0934,0.0,67.1233,6.94,0.40162,27.704,224.942,1114.25,102.6,73.25,0.09918,4.921,23.5065,54.929,0.0,0.12371,0.0,0.0,62.8,58.1,41.864,144.331,129.12,0,19.4333,0.0,462.343,15.1235,0.0,114.214,13.6277,13.8701,30.2977,0.0,6.12244
2022-10-01 10:30:00,71.7953,1324.29,45.7615,0,0.0,59.6236,46.9398,51.6992,29.8169,136.6,0.0,49.5293,30.0938,87.1991,0.3068,9.79,256.21,0,422.028,0.0,129.094,78.4099,30.7121,27.0985,47.1943,3.60495,31.834,17.6233,0.0,45.4001,55.4012,46.37,6.41562,598.938,158.995,29.0385,0.0,71.5822,7.547,0.0,27.952,218.839,1097.90002441,102.73,72.0,0.09918,4.184,25.1179,48.148,0.0,0.12371,0.0,0.0,62.1,58.0,41.6333,144.111,126.659,0,25.2488,0.0,456.508,14.8965,0.0,110.338,9.32973,19.4501,28.7755,0.0,6.17112
2022-10-01 10:35:00,75.9958,1344.19,65.8816,0,0.0,55.8893,47.3426,51.7992,22.0199,134.602,0.0,50.7698,32.683,91.5977,0.3068,7.44,255.303,0,425.373,0.0,131.249,78.2941,25.358,27.0985,46.3743,3.78494,15.698,18.6627,0.0,45.6663,56.5148,46.37,7.01184,603.497,163.185,29.0491,0.0,66.7811,5.66,0.3064,28.142,222.721,1095.16003418,103.09,73.0,0.09918,3.905,26.9673,39.7902,0.0,0.08352,0.0,0.0,62.8,57.8,38.7109,147.965,130.265,0,43.1019,0.0,456.923,14.1347,0.0,120.903,10.2878,19.35,28.5692,0.0,0.0612
2022-10-01 10:40:00,75.2943,1323.92,82.1412,0,0.0,58.4619,46.7311,51.8992,32.3091,134.897,0.0,44.5991,31.6942,81.3978,0.3068,11.33,249.828,0,420.929,0.0,132.085,79.0243,28.322,27.0985,50.6142,3.46495,17.523,21.4716,0.0,46.891,55.8995,48.4,7.49286,595.898,156.588,29.035,0.0,77.0571,4.796,0.0,31.124,221.109,1187.22998047,103.12,74.0,0.09918,3.279,24.4953,37.2009,0.0,0.12371,0.0,0.0,61.9,58.1,42.0948,142.225,129.71,0,54.678,0.0,461.855,13.1435,0.0,116.68,8.51234,19.3805,28.5289,0.0,6.10037
2022-10-01 10:45:00,70.3944,1355.64,46.4412,0,0.0,61.855,43.512,51.9992,26.8715,134.403,0.0,39.4644,23.7949,89.9958,0.3,11.57,251.712,0,427.301,0.0,132.134,78.5711,9.55947,27.0985,53.3942,3.18495,27.5175,20.7035,0.0,47.5894,56.1917,49.4,8.25958,602.948,158.038,28.996,0.0,59.6952,11.58,0.0,30.306,222.623,1070.18005371,102.96,93.75,0.09918,3.207,23.0671,36.6441,0.0,0.08352,0.0,0.0,63.7,58.0,38.3154,142.893,138.263,0,56.9632,0.0,462.001,13.1313,0.0,112.224,10.446,16.9903,23.2432,0.0,0.06058
2022-10-01 10:50:00,60.1962,1355.51,51.9796,0,0.0,58.8408,41.062,51.9992,32.1099,135.803,0.0,43.209,20.0046,89.9958,0.3,11.09,252.132,0,422.492,0.0,131.298,78.3948,14.3764,27.1992,38.8544,4.32493,37.3756,20.7369,0.0,46.8685,56.2194,50.41,9.18426,599.524,155.219,29.042,0.0,54.0413,10.227,0.0,28.256,218.912,1132.18005371,102.82,96.0,0.09918,3.164,24.1383,32.9922,0.0,0.00565,0.0,0.0,62.5,57.8,40.4468,141.044,135.127,0,31.5514,0.0,463.173,13.9467,0.0,111.974,8.57386,18.1097,23.5239,0.0,0.05872
2022-10-01 10:55:00,63.0929,1313.5,69.5403,0,1.34,54.6711,44.1529,51.9992,35.3209,134.499,0.0,33.077,12.1444,88.7966,0.3,9.62,254.002,0,454.06,0.0,131.487,79.9508,27.4406,27.0985,36.6445,6.09491,41.4064,15.3024,0.0,53.1845,55.958,47.37,9.94662,587.732,151.664,29.0438,0.0,60.4375,7.718,0.0,27.094,219.913,1198.35998535,102.84,99.25,0.09918,2.965,31.1513,28.7837,0.0,0.12371,0.0,0.0,60.6,57.7,39.48,137.885,126.753,0,17.5509,0.0,462.246,13.7734,0.0,98.558,9.91861,14.4597,21.998,0.0,0.0
2022-10-01 11:00:00,63.9949,1326.19,62.8097,0,1.85,57.0908,46.3905,51.9992,40.8912,123.801,0.0,41.3489,12.253,89.0975,0.3,8.12,254.598,0,493.098,0.0,131.023,78.3092,20.148,27.0985,37.9544,7.68488,32.6274,9.77032,0.0,58.5626,54.9305,49.43,10.1909,602.014,150.133,29.0491,0.0,67.0811,5.414,0.0,27.542,218.595,1131.86999512,102.87,101.0,0.09918,2.855,36.9467,24.22,0.0,0.12371,0.0,0.0,62.5,58.0,37.6782,136.631,133.076,0,16.0201,0.0,462.856,13.6831,0.0,121.642,10.3053,17.9095,20.5429,0.0,5.18216
2022-10-01 11:05:00,66.9954,1350.97,82.0403,0,0.0,57.3315,44.8597,51.9992,36.3092,113.597,0.0,32.6894,10.5928,74.3973,0.3,10.6,253.948,0,511.482,0.0,130.462,81.4312,11.4662,27.0985,34.4445,4.46493,31.0659,9.16094,0.0,65.9374,56.0441,50.43,10.4294,599.872,144.664,29.0243,0.0,60.2638,4.404,0.0,27.138,220.035,1090.83996582,102.85,100.0,0.09918,2.669,42.7787,19.5673,0.0,0.12371,0.0,0.0,63.5,58.0,41.7981,131.604,137.212,0,14.6542,0.0,457.607,11.5517,0.0,125.798,10.8151,13.9006,19.0927,0.0,0.0
2022-10-01 11:10:00,67.394,1332.03,77.1497,0,0.0,61.1203,37.5024,51.9992,34.5357,120.498,0.0,25.977,21.0544,72.5962,0.81917,10.2,247.037,0,530.062,0.0,131.102,82.8412,0.0,27.0985,36.6045,7.93488,30.8501,8.29923,0.0,76.9393,54.2876,50.43,11.8108,595.312,137.937,29.0668,0.0,72.456,2.886,0.0,26.898,222.11,1053.84997559,102.77,92.75,0.09918,3.741,44.4816,16.6386,0.0,0.08352,0.0,0.0,62.3,57.9,39.3701,125.26,140.681,0,10.3731,0.0,457.216,11.6567,0.00093,136.229,10.0065,19.4696,22.2153,0.0,0.0
2022-10-01 11:15:00,55.1971,1302.93,65.1806,0,0.0,64.4318,35.5322,51.9992,37.7467,111.001,0.0,32.5231,26.3743,57.6969,0.92202,10.75,253.473,0,493.758,0.0,108.11,82.1563,4.81575,27.0985,30.8545,7.00489,27.0033,11.4739,0.0,79.9457,55.3704,47.41,12.9106,593.701,142.197,29.0509,0.0,79.1313,3.489,0.0,25.078,220.865,1095.52001953,102.54,99.25,0.09918,5.942,43.9689,16.4816,0.0,0.12371,0.0,0.0,61.1,57.9,39.7107,128.418,139.571,0,7.53124,0.0,458.95,14.1152,0.0,138.976,7.9762,19.4403,22.7622,0.0,5.11273
2022-10-01 11:20:00,62.7987,1323.73,48.9502,0,0.0,51.64,40.78,51.9992,36.8951,122.901,0.0,41.1963,23.5032,66.8967,27.6705,8.72,250.682,0,451.203,0.0,111.412,81.0385,9.55215,27.1992,24.1846,5.13492,22.6805,11.5866,0.0,72.618,56.7178,50.45,15.1368,596.521,141.29,29.035,0.0,74.3828,5.058,0.0,22.96,219.889,1182.82995605,102.67,98.0,0.09918,6.078,47.4937,18.1556,0.0,0.12371,0.0,0.0,62.0,57.8,36.0302,128.409,136.597,0,7.12108,0.0,464.101,14.7475,0.00093,140.24,7.10607,18.8494,26.2303,0.0,0.0
2022-10-01 11:25:00,54.0944,1306.37,61.8193,0,0.0,55.8788,40.6409,51.9992,26.934,126.403,0.0,41.2863,20.3134,65.9984,23.6329,9.28,256.617,0,424.421,0.0,99.4736,80.5853,12.0034,26.5003,31.2845,2.48496,20.2747,13.2941,0.0,70.7011,55.7211,50.45,16.6927,600.787,150.113,29.0332,0.0,58.595,5.971,0.0,23.728,220.182,1018.17999268,102.51,99.0,0.09918,6.683,41.9638,20.0695,0.0,0.00565,0.0,0.0,61.4,58.0,37.2387,135.66,133.316,0,4.22065,0.0,460.756,13.2119,0.0,140.453,10.1999,14.3596,29.1966,0.0,0.0
2022-10-01 11:30:00,39.9953,1313.79,54.1196,0,0.0,51.7217,40.5823,51.9992,27.1996,119.598,0.0,38.9685,17.7145,80.9995,13.8271,9.09,253.771,0,421.393,0.0,98.8937,81.9247,9.59121,27.0985,23.7246,1.97497,17.5008,13.0442,0.0,84.9838,55.4873,50.45,18.2385,603.626,153.436,29.0456,0.0,59.0319,7.049,0.0,23.104,220.133,963.940002441,102.61,99.75,0.09918,8.703,39.4644,21.7919,0.0,0.00565,0.0,0.0,61.4,57.9,35.6237,138.892,137.657,0,8.93385,0.0,461.147,13.9394,0.0,131.225,11.5007,12.2794,31.0387,0.0,5.0704
2022-10-01 11:35:00,39.1967,1357.44,64.2593,0,0.0,51.5835,41.9995,52.1992,26.4106,137.499,0.0,46.8238,13.1441,88.9957,1.72198,9.57,249.11,0,436.579,0.0,108.635,80.8471,23.8444,27.1992,24.7046,3.00495,14.6189,11.4358,0.0,84.9551,55.1951,50.45,20.906,616.773,157.998,28.9624,0.0,48.2137,5.835,0.62867,23.99,232.877,1016.54998779,102.63,100.75,0.09918,8.978,40.8194,23.6938,0.0,0.12371,0.0,0.0,64.4,58.0,32.8331,143.149,137.204,0,11.9954,0.0,466.079,15.3726,0.0,135.503,12.7487,12.0194,25.2952,0.0,0.0
2022-10-01 11:40:00,38.1954,1300.19,75.8912,0,0.0,49.8922,46.6102,45.3993,26.8676,140.5,0.0,34.6639,10.8846,84.7963,1.88915,6.62,241.238,0,457.185,0.0,103.429,81.0586,34.4183,27.0985,27.3846,4.11494,7.55383,10.9415,0.0,84.9224,55.958,47.28,23.1322,591.888,158.482,29.0084,0.0,48.1505,5.783,0.0,24.112,220.108,968.619995117,102.58,101.0,0.09918,11.604,35.2163,25.757,0.0,0.08352,0.0,0.0,60.8,57.8,28.5045,143.79,129.752,0,14.3209,0.0,460.341,18.3438,0.0,131.078,9.36489,11.63,26.6514,0.0,0.0
2022-10-01 11:45:00,36.1937,1310.98,81.5491,0,0.0,54.9704,54.7219,44.8993,21.6292,135.199,0.0,28.954,12.0333,82.6988,16.8202,6.46,238.243,0,441.901,0.0,114.836,81.6326,30.6682,27.0985,32.8645,8.42487,9.99136,10.6947,0.0,84.992,55.1643,41.23,20.9551,602.6,165.954,29.0456,0.0,67.376,6.439,0.2063,24.938,224.698,884.159973145,102.87,100.75,0.09918,10.491,35.2346,28.161,0.0,0.12371,0.0,0.0,63.1,58.0,24.7691,150.236,132.829,0,21.583,0.0,463.784,19.8428,0.0,139.196,4.73298,15.9294,23.6362,0.0,0.0
2022-10-01 11:50:00,33.9976,1340.08,81.281,0,0.0,42.5115,55.3408,51.4992,22.7425,132.102,0.0,23.6255,9.79324,65.0957,14.4819,5.95,203.894,0,430.549,0.0,83.122,80.7867,30.9831,27.0985,28.8846,9.80485,16.8025,9.29027,0.0,84.947,56.2502,28.98,21.0698,601.685,176.438,29.0403,0.0,70.8504,7.196,0.5066,29.012,228.141,856.070007324,102.58,100.75,0.09918,8.541,30.6752,30.7542,0.0,0.12371,0.0,0.0,64.9,57.9,24.3735,159.345,136.255,0,28.7425,0.0,462.368,16.6226,0.0,140.209,4.89119,6.35029,19.8727,0.0,5.06599
2022-10-01 11:55:00,34.794,1300.14,81.2889,0,0.0,48.7514,51.1,51.9992,13.9572,139.498,0.0,25.1041,15.444,48.2979,13.3985,6.51,221.983,0,438.288,0.0,84.0375,79.0494,31.884,27.1992,25.7046,6.3149,21.4808,9.30138,0.0,84.054,55.6042,36.12,19.3044,601.685,170.446,29.0367,0.0,66.0809,8.571,0.0,36.222,219.376,872.590026855,99.95,99.0,0.09918,8.963,29.9336,33.1791,0.0,0.08352,0.0,0.0,62.2,57.8,22.7915,154.868,131.171,0,25.8494,0.0,456.581,19.3057,0.0,142.126,4.17926,5.96942,13.6495,0.0,5.03752
2022-10-01 12:00:00,32.2975,1289.86,81.2199,0,0.0,45.9213,56.3223,51.9992,4.06452,139.601,0.0,27.2923,19.9338,38.6999,14.3677,13.84,210.588,0,420.514,0.0,98.5092,78.9387,28.5148,27.0985,24.3446,2.93496,16.0662,7.49148,0.0,84.992,55.7211,41.07,18.1371,597.601,159.217,29.0403,0.0,71.6085,7.631,0.0,43.972,219.132,985.299987793,100.1,98.75,0.09918,7.34,34.0993,34.9182,0.0,0.00565,0.0,0.0,60.8,57.7,20.8579,144.623,119.456,0,21.1069,0.0,461.928,20.1871,0.0,142.321,5.21639,4.17005,10.6892,0.0,5.03752
2022-10-01 12:05:00,39.3983,1323.85,81.1004,0,0.0,43.5999,66.6715,52.1992,7.07628,138.303,0.0,31.6609,24.6336,37.2971,16.2115,12.93,235.723,0,433.893,0.0,95.7076,79.1451,31.9841,27.1992,20.3647,3.04495,11.3307,7.25423,0.0,85.1435,55.7795,46.06,18.601,601.831,166.871,28.9287,0.0,83.6481,4.962,0.2356,45.014,223.893,899.340026855,96.01,90.5,0.09918,9.585,35.8755,35.7041,0.0,0.12371,0.0,0.0,64.5,58.0,19.7482,150.959,133.153,0,17.6718,0.0,462.685,20.3214,0.0,143.102,4.95271,4.4496,7.59716,0.0,5.03752
2022-10-01 12:10:00,38.1945,1284.69,81.0208,0,0.0,37.8121,69.8906,45.8993,9.30678,138.399,0.0,21.8616,22.0041,44.6959,22.3365,7.66,240.655,0,450.544,0.0,109.483,78.3797,25.0138,27.0985,18.1147,2.94496,6.77623,9.19506,0.0,84.8937,56.0749,35.89,20.0469,581.945,166.629,29.0279,0.0,103.295,3.345,0.0,45.35,219.669,915.140014648,102.5,84.25,0.09918,14.32,28.1025,36.0309,0.0,0.12371,0.0,0.0,59.5,58.0,15.7601,150.986,128.471,0,14.3172,0.0,463.295,19.7354,0.0,142.937,14.4011,4.79019,7.49218,0.0,0.0
2022-10-01 12:15:00,36.9977,1302.07,81.0712,0,0.0,35.6812,73.1499,49.9992,8.71693,139.999,0.0,21.3519,18.1137,53.0992,16.6006,4.16,255.601,0,435.871,0.0,102.885,76.6475,29.7258,27.0985,24.4146,3.97494,7.22374,10.1321,0.0,84.9797,55.4012,43.03,20.4779,601.538,168.009,29.1022,1.573,87.7016,2.793,0.0,51.518,223.429,828.130004883,102.78,71.5,0.09918,16.726,19.2676,36.3262,0.0,0.08352,0.0,0.0,63.8,57.9,14.2879,145.951,130.744,0,17.0675,0.0,464.003,21.4835,0.0,143.621,13.2321,4.6205,2.45975,0.0,5.03285
2022-10-01 12:20:00,40.3977,1313.15,80.5004,0,0.0,35.922,76.911,43.5993,14.2854,140.301,0.0,20.5753,15.6747,54.3957,12.224,4.44,250.533,0,424.665,0.0,109.245,75.6908,27.3869,27.1992,23.8046,4.77493,13.0415,8.59599,0.0,85.1558,56.1025,37.87,19.1683,600.348,164.927,29.0456,6.42,71.1347,3.196,0.0,40.17,221.207,774.799987793,102.69,81.75,0.09918,16.992,13.2891,36.9778,0.0,0.08352,0.0,0.0,64.0,57.8,14.9581,140.842,132.547,0,10.6807,0.0,457.68,22.9825,0.0,143.987,9.89224,6.18061,0.0,0.0,0.0
2022-10-01 12:25:00,44.5961,1301.29,80.3597,0,0.0,35.3735,71.9304,35.9995,16.4495,139.903,0.0,23.9719,12.6534,58.697,1.3625,4.36,254.625,0,421.808,0.0,97.7279,77.4079,25.1359,27.1992,24.7946,5.81491,28.5395,9.75604,0.0,84.992,56.1025,41.73,18.1084,600.879,156.216,29.0438,7.224,63.3013,4.813,0.0,31.4,219.986,924.130004883,101.15,76.0,0.09918,13.005,25.7496,37.6694,0.0,0.00565,0.0,0.0,62.8,58.1,14.3209,147.883,133.316,0,12.8267,0.0,460.878,25.0114,0.0,143.67,9.59341,5.0502,0.0,0.0,0.0
2022-10-01 12:30:00,43.793,1300.63,80.2614,0,0.0,36.9204,67.6494,51.5992,22.5433,134.499,0.0,22.6597,12.8341,50.4972,15.1987,3.12,254.571,0,419.977,0.0,94.6761,83.5965,26.4494,27.0985,21.0747,8.97486,27.2065,11.0351,0.0,84.9633,55.7211,30.54,18.0183,600.696,156.014,27.603,12.333,44.6181,5.265,0.0,32.152,217.887,945.729980469,86.29,73.25,0.09918,9.853,24.9714,39.0336,0.0,0.12371,0.0,0.0,62.1,57.7,12.585,145.292,131.641,0,13.6654,0.0,454.213,29.6843,0.0,143.932,9.93619,4.28968,0.0,0.0,0.0
2022-10-01 12:35:00,37.6961,1293.6,79.5605,0,0.0,36.8807,68.0705,50.6992,27.6567,140.898,0.0,23.2303,11.9539,42.9966,10.8242,4.24,251.78,0,421.32,0.0,91.9722,84.4022,24.1447,27.0985,15.5748,8.03488,19.9193,9.52831,0.0,80.6216,56.6901,24.4,13.2081,596.759,149.508,28.5783,10.934,47.7451,6.531,0.0,34.828,217.496,939.840026855,89.98,90.25,0.09918,16.557,38.9334,39.7117,0.0,0.04333,0.0,0.0,62.9,57.7,8.06958,140.714,134.478,0,13.1673,0.0,461.806,20.3531,0.0,133.178,7.94104,3.90027,0.0,0.0,0.0
2022-10-01 12:40:00,34.1984,1317.6,80.1313,0,0.0,37.2826,76.5301,40.4994,31.981,134.1,0.0,19.7742,13.6654,43.1958,16.5079,3.58,255.926,0,429.084,0.0,87.8889,84.4424,25.2702,27.0985,25.6246,9.84485,12.1115,8.83879,0.0,79.9212,55.838,39.63,14.955,607.27,151.412,29.019,8.13,55.0468,4.79,0.25025,33.706,220.548,839.109985352,76.89,85.5,0.09918,19.053,33.6782,40.8067,0.0,0.08352,0.0,0.0,63.6,58.1,9.97025,173.582,132.453,0,13.6617,0.0,466.225,20.4898,0.0,141.851,7.22911,5.82049,0.0,0.0,5.06084
2022-10-01 12:45:00,30.3956,1351.22,79.9694,0,0.0,38.2538,64.2802,20.0997,32.8325,118.301,0.0,13.4661,16.163,37.598,23.1496,6.14,257.823,0,442.731,0.0,76.2676,86.3307,29.655,27.0985,29.7945,3.05495,10.1564,7.92789,0.0,83.4642,55.5457,41.65,17.1028,611.097,163.859,29.0261,8.018,60.9113,4.639,0.61158,30.948,230.216,825.83001709,90.64,90.75,0.09918,17.701,35.6283,43.6037,0.0,0.04333,0.0,0.0,64.4,58.0,6.68528,150.51,105.442,0,10.4024,0.0,466.103,17.919,0.00093,124.102,7.80041,11.5104,0.0,0.0,0.0
2022-10-01 12:50:00,27.596,1324.92,64.6098,0,0.0,39.9807,78.7018,13.3998,34.274,122.997,0.0,15.436,28.7938,42.6957,29.7892,6.76,260.479,0,446.662,0.0,81.3581,84.2813,46.0053,18.8006,28.2446,2.48496,11.8639,6.5163,0.0,83.7386,55.6626,49.75,16.8509,596.1,171.372,27.2614,6.531,59.4689,9.472,0.0,27.142,219.059,874.940002441,97.29,99.0,0.09918,9.594,32.5063,48.8928,0.0,0.12371,0.0,0.0,62.9,58.0,6.1799,107.105,107.262,0,10.3145,0.0,461.074,16.8447,0.00093,123.363,6.49082,11.7899,0.36927,0.0,0.0
2022-10-01 12:55:00,24.593,1300.51,66.9516,0,0.0,39.964,58.9004,10.7998,29.1645,137.101,0.0,24.654,36.6626,34.7969,28.5471,7.59,261.359,0,452.937,0.0,67.4174,82.5642,43.3124,20.5005,27.0146,2.49496,15.1013,6.59486,0.0,72.8596,54.666,50.08,16.983,600.403,170.214,17.4199,3.545,71.4769,12.929,0.0,23.972,218.546,979.599975586,92.59,92.75,0.09918,12.927,28.2857,47.1719,0.0,0.12371,0.0,0.0,62.0,57.8,4.08148,99.0021,118.729,0,9.34768,0.0,455.239,16.5005,0.01769,117.272,6.01621,8.5696,7.74609,0.0,0.0
2022-10-01 13:00:00,22.4957,1362.79,73.6795,0,0.0,37.8729,60.8524,7.89988,24.641,131.498,0.0,39.9756,36.5625,31.4958,27.6531,8.62,241.454,0,447.81,0.0,87.8401,82.4232,46.3398,19.0997,32.7945,2.42496,15.8694,14.7906,0.0,83.1447,55.5457,47.98,17.0947,618.055,217.054,13.0213,5.321,79.7735,11.076,0.77028,23.726,232.999,763.349975586,78.77,100.0,0.09918,9.407,21.3001,50.0983,0.0,0.04333,0.0,0.0,66.0,57.9,6.82811,116.663,125.505,0,28.0467,0.0,459.389,18.1485,0.26528,93.022,5.77011,2.72958,25.333,0.0,0.0
2022-10-01 13:05:00,22.3967,1365.28,69.0491,0,0.0,35.181,61.2625,4.99992,24.2465,110.603,0.0,38.4771,27.9637,43.2976,29.1082,9.37,250.872,0,450.715,0.0,87.9988,83.3447,54.6334,12.401,32.7345,2.48496,26.6225,17.4567,0.0,73.1996,56.0749,30.4,15.6503,604.138,216.742,24.5196,2.847,80.3684,4.063,0.31861,23.078,226.48,799.429992676,95.04,96.0,0.09918,6.656,10.4509,53.2507,0.0,0.04333,0.0,0.0,63.4,58.1,6.68528,131.128,110.552,0,46.3355,0.0,457.558,19.0176,0.00093,83.5187,3.59039,2.03986,31.455,0.0,0.0
2022-10-01 13:10:00,19.9966,1319.26,43.9109,0,0.0,33.5713,75.0103,4.09994,24.1801,125.799,0.0,27.0848,21.8735,51.4973,3.62931,8.66,265.655,0,484.187,0.0,100.414,84.9409,53.9425,22.7985,31.8445,2.68496,46.4275,13.621,0.0,61.954,55.4288,50.29,15.6708,596.612,177.919,22.1389,5.536,71.8191,3.357,0.0,24.004,220.182,808.75,80.07,97.75,0.09918,14.096,4.83864,59.048,0.0,0.00565,0.0,0.0,61.8,57.7,2.63127,148.24,115.021,0,42.0545,0.0,463.393,25.4874,0.0,97.8317,3.44097,1.57964,32.6805,0.0,0.0
2022-10-01 13:15:00,18.9942,1295.65,39.9601,0,0.0,32.6335,72.8789,4.09994,20.1175,112.601,0.0,21.799,16.5035,43.8994,18.2671,8.02,260.695,0,519.173,0.0,96.4035,85.1071,52.8487,13.3989,27.3446,2.82496,41.0953,10.4733,0.0,45.6131,56.0441,27.6,13.7446,588.299,215.433,27.5605,18.543,55.1258,3.608,0.0,29.174,220.06,727.039978027,65.15,96.5,0.09918,15.514,2.916,47.5112,0.0,0.08352,0.0,0.0,61.2,58.0,4.01556,140.183,114.781,0,32.2326,0.0,464.077,29.7453,0.00093,111.278,4.42536,1.14017,26.8919,0.0,4.99883
2022-10-01 13:20:00,17.5966,1310.2,39.5114,0,0.0,36.4327,100.019,6.09991,15.1369,101.1,0.0,18.4711,12.8633,39.6999,4.45952,7.02,269.706,0,491.072,0.0,83.4211,85.5251,57.0675,16.7987,29.3645,3.59495,39.7814,7.57162,0.0,59.0541,56.3363,19.45,14.1757,601.959,184.837,23.5868,3.757,60.1269,3.608,0.0,28.156,217.838,780.719970703,67.77,94.25,0.09918,17.682,2.92515,44.3116,0.0,0.00565,0.0,0.0,63.5,57.8,7.92676,164.601,103.331,0,20.4074,0.0,459.902,28.6369,0.00093,138.811,5.42733,1.13041,28.2676,0.0,0.0
2022-10-01 13:25:00,17.497,1300.22,82.12,0,0.0,32.263,89.1792,9.09986,19.8558,82.8004,0.0,22.2644,12.6546,39.4964,23.0083,6.56,252.267,0,514.827,0.0,87.4128,83.8936,46.8574,13.4997,35.0245,5.67491,40.7526,7.37008,0.0,84.7544,55.5181,21.44,15.0298,602.106,168.915,10.2512,0.0,67.3075,3.809,0.0,32.096,218.082,827.539978027,62.45,94.0,0.09918,19.476,1.84482,38.8166,0.0,0.12371,0.0,0.0,62.3,57.8,16.0348,153.275,64.3998,0,16.9284,0.0,459.316,29.7819,0.00093,104.729,4.89119,1.13041,18.4164,0.0,0.0
2022-10-01 13:30:00,17.3987,1302.24,80.9491,0,0.0,36.9435,80.2399,10.0998,19.598,59.7013,0.0,26.1036,9.82376,39.2972,5.87085,6.65,240.33,0,563.143,0.0,92.4239,82.821,37.138,27.2999,32.3745,5.95491,37.9215,7.4883,0.0,63.9386,56.2779,25.51,15.0298,596.026,166.971,8.4033,13.939,64.8754,4.369,0.0,37.876,220.621,981.190002441,58.47,95.0,0.09918,8.721,0.0,35.4056,0.0,0.12371,0.0,0.0,62.3,57.8,15.6613,133.152,74.7137,0,16.2472,0.0,460.561,21.2369,0.00093,117.357,2.9312,1.04007,11.2801,0.0,0.0
2022-10-01 13:35:00,15.2983,1328.73,80.819,0,0.0,36.4222,63.881,13.0998,22.2152,75.7004,0.0,28.6763,7.61425,39.7973,25.2754,6.71,243.69,0,578.354,0.0,116.289,79.4573,44.5112,27.0985,29.8645,2.68496,27.4858,16.7624,0.0,47.9949,56.2502,33.76,17.2124,600.421,160.768,9.50249,12.569,57.579,8.544,0.0,50.602,220.084,883.440002441,84.48,100.75,0.09918,6.58,0.0,36.2149,0.0,0.00565,0.0,0.0,63.6,57.9,18.6606,71.7922,102.929,0,14.0902,0.0,457.241,17.8994,0.00093,116.466,3.71344,1.04007,3.97772,0.0,0.0
2022-10-01 13:40:00,19.2986,1323.24,80.8296,0,0.0,33.9815,77.951,16.1998,22.7425,90.9029,0.0,26.5156,13.4847,41.6957,11.007,7.19,227.281,0,584.53,0.0,132.189,82.4987,44.4623,27.0985,26.9346,3.32495,24.9784,13.9265,0.0,36.7002,55.6934,41.95,18.7576,598.114,154.574,16.5526,7.739,55.4048,12.198,0.0,46.69,220.621,914.320007324,88.72,100.75,0.09918,6.625,5.25063,36.8335,0.0,0.00565,0.0,0.0,62.4,57.8,18.4738,101.245,123.583,0,12.1859,0.0,461.733,17.145,0.00093,85.2399,2.16654,0.5005,0.9723,0.0,0.0
2022-10-01 13:45:00,19.7948,1297.82,80.5907,0,0.0,36.7906,63.61,20.1997,19.9886,124.597,0.0,36.0647,23.7131,37.8989,8.911,8.59,191.78,0,555.624,0.0,114.836,81.1643,36.5032,27.0985,28.9146,9.04486,21.0174,12.63,0.0,32.5079,55.6042,40.83,15.682,591.174,154.796,28.9252,7.122,52.7989,11.208,4.34455,54.142,219.474,1066.31994629,82.87,100.75,0.09918,5.396,5.60769,35.575,0.0,0.08352,0.0,0.0,62.1,58.3,19.1549,81.6342,124.685,0,10.4976,0.0,463.564,17.1939,0.00093,110.765,0.76905,0.2002,0.0,0.0,0.0
2022-10-01 13:50:00,18.5972,1312.62,48.0793,0,0.0,31.6622,81.8402,29.1996,13.3674,138.001,0.0,42.4552,31.4842,34.496,10.9312,6.75,175.588,0,571.347,0.0,85.8198,81.8441,38.9642,23.299,31.3445,4.00494,19.805,10.4543,0.0,44.7467,55.4596,42.89,21.034,601.758,165.491,18.5492,13.933,66.4863,12.019,0.57496,48.918,219.986,728.590026855,87.77,87.25,0.09918,4.347,9.91074,44.2332,0.0,0.12371,0.0,0.0,61.8,57.8,22.9563,139.02,102.331,0,13.8155,0.0,464.418,26.6813,0.0,107.005,0.0,0.2002,0.0,0.0,0.0
2022-10-01 13:55:00,22.996,1346.65,33.8004,0,0.0,36.7907,93.6617,52.0992,8.19348,129.802,0.0,36.8582,34.7033,57.896,6.76941,3.84,214.165,0,547.372,0.0,64.6952,80.832,66.406,27.0985,32.5045,4.66493,28.6665,7.91519,0.0,52.7811,55.5457,42.89,23.6831,615.455,149.166,17.8624,0.0,53.0411,11.814,0.42359,41.536,226.48,881.070007324,91.46,100.25,0.09918,4.964,11.7784,47.2461,0.0,0.08352,0.0,0.0,65.0,58.1,24.2087,135.111,57.7945,0,15.632,0.0,458.119,30.0359,0.0,90.7088,0.61085,0.2002,0.0,0.0,0.0
2022-10-01 14:00:00,17.3943,1340.94,29.3611,0,0.0,39.6542,95.7784,44.0993,0.0,139.401,0.0,35.2285,23.3335,48.3997,26.4632,6.83,240.953,0,563.095,0.0,39.8779,86.3408,68.5374,27.1992,37.8244,3.59495,33.8907,8.61186,0.0,35.1334,56.161,42.73,29.6602,603.882,138.048,10.3256,20.008,50.7774,10.319,0.43091,41.056,218.839,846.989990234,65.21,100.5,0.09918,4.299,16.9421,47.2519,0.0,0.00565,0.0,0.0,62.5,57.8,26.6917,119.858,73.4405,0,14.5846,0.0,474.795,29.4548,0.00093,87.6326,0.0,0.2002,0.0,0.0,0.0
2022-10-01 14:05:00,16.5976,1355.59,36.9015,0,0.0,43.4115,90.3804,51.9992,0.0,140.102,0.0,32.0439,13.9352,48.4971,30.25,8.83,207.051,0,602.036,0.0,36.6369,84.5935,50.7613,25.0996,38.4944,3.24495,29.771,10.1083,0.0,34.5989,55.2535,38.66,19.0812,590.606,137.796,4.98357,16.092,39.9434,10.683,0.0,32.974,232.853,817.849975586,94.45,95.5,0.09918,4.006,19.2035,46.0916,0.0,0.04333,0.0,0.0,62.5,57.6,35.3271,103.223,49.1212,0,11.0103,0.0,472.622,23.9518,0.0,54.0749,2.37748,0.19044,0.0,0.0,0.0
2022-10-01 14:10:00,14.1948,1371.9,82.5289,0,0.0,38.8818,86.3117,50.4992,0.0,133.098,0.0,28.7907,10.8431,48.2979,29.1062,8.94,217.024,0,612.07,0.0,33.8964,86.3509,42.5141,19.8993,33.7945,3.28495,27.6,9.664,0.0,34.4228,56.1025,26.05,29.8025,599.103,128.128,6.14826,9.732,32.6364,10.533,0.21363,39.39,265.641,867.91998291,100.54,66.5,0.09918,4.035,20.943,45.1026,0.0,0.00565,0.0,0.0,64.1,58.1,34.4372,133.307,100.896,0,9.57839,0.0,460.219,30.0432,0.00093,63.5599,8.63539,0.20997,0.0,0.0,0.0
2022-10-01 14:15:00,13.5956,1334.71,80.9703,0,0.0,39.1916,67.1989,51.9992,0.0,134.3,0.0,22.2766,8.78492,37.1997,28.9874,8.88,213.474,0,594.662,0.0,24.918,85.1222,45.1093,27.1992,32.7545,5.51492,32.0625,13.6464,0.0,33.5503,55.958,47.15,28.9403,588.885,128.913,5.17473,8.126,32.8944,10.585,7.54528,41.066,275.554,907.109985352,88.14,88.5,0.09918,4.538,22.8382,47.8932,0.0,0.12371,0.0,0.0,61.2,58.0,38.9087,128.821,111.09,0,11.0433,0.0,463.173,25.8317,0.00093,55.4482,4.3902,0.19044,0.0,0.0,0.0
2022-10-01 14:20:00,13.2954,1373.51,75.1504,0,0.0,32.5205,64.8295,51.9992,6.02939,120.203,0.0,20.2167,5.80453,39.4964,26.4008,9.8,191.238,0,608.066,0.0,19.3576,82.5441,25.7414,27.0985,28.1446,5.73491,34.335,13.6099,0.0,34.5436,54.666,38.03,28.9024,602.619,117.614,13.0284,5.937,33.5787,10.587,22.9093,37.022,292.937,894.900024414,98.22,41.5,0.09918,5.658,25.5116,45.4352,0.0,0.08352,0.0,0.0,63.9,58.0,44.9952,145.447,123.326,0,8.30762,0.0,463.393,19.6255,0.00093,61.7716,6.51719,0.19044,1.54482,0.0,0.0
2022-10-01 14:25:00,13.9986,1376.17,80.7898,0,0.0,34.9109,64.8991,52.0992,12.0568,127.701,0.0,18.2437,3.05547,50.2981,25.2006,9.65,193.325,0,606.381,0.0,25.9617,86.6883,24.2081,27.0985,23.3046,8.80487,36.7979,14.3177,0.0,37.6095,55.4288,15.41,29.1338,602.692,111.148,27.5676,3.271,28.5776,8.633,17.753,26.978,300.017,931.539978027,85.41,46.0,0.09918,5.483,36.1044,41.939,0.0,0.08352,0.0,0.0,63.5,57.7,100.136,103.946,130.829,0,9.19387,0.0,463.295,11.9326,0.00093,95.8419,7.91467,0.20997,18.1296,0.0,0.0
2022-10-01 14:30:00,16.697,1353.0,81.3606,0,0.0,32.9014,28.9622,51.9992,26.2817,115.499,0.0,20.5508,2.12528,42.3993,24.5944,10.95,177.796,0,601.254,0.0,20.1144,81.1543,17.8116,21.9989,18.7847,8.67487,29.1489,13.9924,0.0,29.5895,56.2779,20.49,29.4584,590.68,94.3497,13.4214,2.36,24.9452,6.209,26.2638,37.178,303.044,1003.75,55.8,92.25,0.09918,12.628,36.4157,40.9455,0.0,0.00565,0.0,-0.33143,62.1,57.9,136.227,85.3605,130.496,0,7.73266,0.0,478.14,7.99451,0.01024,113.463,5.77011,0.19044,34.9059,0.0,0.0
2022-10-01 14:35:00,18.7986,1363.62,80.8004,0,0.0,42.0719,35.3014,29.0996,30.1489,111.098,0.0,29.6819,3.77264,38.6999,28.5215,8.41,169.382,0,598.495,0.0,62.0218,83.2238,13.7002,21.1994,16.3848,9.17486,25.7274,13.2727,0.0,58.6731,55.1366,43.98,29.7042,589.691,78.2362,25.8843,1.496,24.3977,6.908,15.9438,15.398,298.308,958.650024414,88.65,85.0,0.09918,15.153,41.0025,41.6106,0.0,0.14381,0.0,0.0,61.5,57.9,130.602,71.2428,129.342,0,11.4534,0.0,496.451,6.69566,0.00093,105.821,10.6921,0.2002,54.208,0.0,5.03055
2022-10-01 14:40:00,23.5946,1377.93,80.9411,0,0.0,38.5615,30.0426,31.5995,33.2935,110.699,0.0,37.9019,4.38422,40.5982,26.4079,8.05,162.77,0,574.325,0.0,93.8521,89.8808,9.28115,27.4006,15.4148,7.44489,26.7685,9.73303,0.0,49.2728,55.5457,50.23,29.566,609.284,75.366,25.4329,3.152,23.3238,3.256,8.16053,13.022,307.488,907.049987793,99.65,92.0,0.09918,15.289,46.2852,40.9072,0.0,0.08352,0.0,0.0,64.2,58.0,139.743,68.5969,69.0739,0,13.6141,0.0,494.473,7.30114,0.00093,138.799,8.74965,0.20997,68.4282,0.0,5.1137
2022-10-01 14:45:00,26.6956,1428.51,80.9305,0,0.72,36.5206,80.1593,22.1997,53.1492,110.5,0.0,35.7214,8.36378,38.7972,18.3787,8.0,242.376,0,607.651,0.0,118.944,77.6294,5.785,25.3986,21.6847,1.94497,25.4799,8.1691,0.0,79.9826,55.9856,50.28,28.9679,603.259,100.735,5.7854,4.721,17.1434,2.843,4.85237,16.298,317.082,837.760009766,53.83,77.75,5.60159,15.04,53.8659,48.8231,0.0,0.00565,0.0,0.0,64.1,57.9,133.491,91.3115,45.7374,0,17.8293,0.0,501.334,17.0669,0.00093,149.371,22.3729,0.2002,80.3888,0.0,5.1137
2022-10-01 14:50:00,24.3977,1422.92,80.9013,0,0.79,42.1598,91.5413,36.5994,57.8017,36.8975,0.0,31.7143,15.5734,39.5981,11.1867,6.39,193.487,0,599.008,0.0,122.521,85.7567,4.2298,16.8994,21.2247,1.86497,22.1346,10.8288,0.0,84.8282,56.1333,33.74,28.3689,590.991,93.6951,4.41007,5.177,12.974,3.296,3.02373,15.722,302.702,891.0,49.49,53.75,3.70031,15.133,58.6908,63.78,0.0,0.12371,0.0,48.5817,61.5,57.9,122.164,119.419,39.7388,0,11.6805,0.0,516.129,24.838,0.00093,149.395,22.3202,0.2002,78.5333,0.0,5.01341
2022-10-01 14:55:00,53.9976,1440.18,81.0712,0,0.05,41.9002,89.7505,22.5997,65.8604,21.997,0.0,36.1685,23.1443,39.1999,12.3254,8.5,199.463,0,606.796,0.0,114.507,88.8283,3.83185,14.1009,18.3947,4.52493,24.077,12.4792,0.0,70.4758,55.7795,23.47,28.3689,601.135,60.9142,3.78701,4.229,14.3164,6.672,2.34012,17.246,313.542,966.390014648,36.3,49.75,3.5996,16.393,77.1847,72.2088,0.0,0.12371,0.0,29.4886,63.7,57.8,112.892,102.976,56.7861,0,17.0016,0.0,521.207,30.0066,0.01955,149.346,20.4481,0.19044,83.7421,0.0,5.01341
2022-10-01 15:00:00,65.495,1455.64,81.3394,0,0.0,34.4106,90.1607,13.9998,65.9932,19.2023,0.0,41.9516,20.8127,36.5979,12.3274,7.02,196.346,0,607.919,0.0,107.457,88.6873,4.46906,14.1985,26.2346,4.84493,14.1047,12.8966,0.0,64.553,55.4012,14.35,28.7672,606.116,36.2806,4.6685,4.639,13.0372,3.893,2.09354,16.038,320.354,927.380004883,26.5,50.5,4.79896,8.975,91.8975,75.8102,0.0,0.04333,0.0,-0.33143,63.8,57.8,93.973,178.297,67.3478,0,21.821,0.0,498.965,30.1189,0.00093,149.371,16.95,0.20997,81.6535,0.0,0.0
2022-10-01 15:05:00,61.799,1455.98,81.5704,0,0.0,39.4218,93.7789,11.0998,65.9268,14.897,0.0,41.532,27.5023,32.5976,27.3326,11.58,102.269,0,639.39,0.0,101.817,86.8242,4.18585,21.8982,27.1646,4.10494,16.2629,12.8188,0.0,72.7245,55.6934,15.36,25.0255,602.582,34.1556,4.68266,4.022,11.5421,4.349,2.24735,24.032,354.607,891.349975586,44.38,76.75,4.1001,8.294,109.165,79.0279,0.0,0.04333,0.0,0.72489,64.3,57.9,88.1062,193.083,113.91,0,26.3328,0.0,500.87,29.9089,0.0,139.092,13.0651,0.2002,80.8295,0.0,5.07721
2022-10-01 15:10:00,56.9982,1458.49,63.9513,0,0.75,40.7322,94.1708,10.0998,56.0321,19.7997,0.0,32.0195,30.2037,32.3985,29.7011,8.46,37.039,0,634.238,0.0,76.0601,88.2342,4.7303,25.0996,32.4245,3.74494,13.9777,11.8191,0.0,41.216,55.1366,18.36,28.2911,606.592,34.2664,23.7372,3.444,8.93099,4.508,2.70146,23.094,380.877,863.58001709,51.0,80.0,5.00038,4.199,126.276,79.7803,0.0,0.00565,0.0,0.0,65.0,58.2,70.2641,193.431,123.292,0,20.2353,0.0,496.988,23.6857,0.00093,138.518,11.5182,0.20997,84.4489,0.0,5.00591
2022-10-01 15:15:00,56.8955,1508.45,63.8,0,4.03,35.3212,95.621,11.9998,43.778,22.1,0.0,25.4566,28.7938,36.0979,30.2449,5.29,28.7463,0,677.427,0.0,102.226,77.9114,4.63508,9.89853,32.0445,5.18492,23.4994,12.1928,0.0,19.3515,55.9272,32.54,29.7759,614.777,145.248,20.6361,3.524,6.22511,3.898,3.06279,53.266,408.173,772.380004883,42.83,72.25,4.60059,3.788,127.329,74.5241,0.0,0.12371,0.0,63.7372,65.5,57.7,74.9004,145.466,36.7053,0,18.4335,0.0,496.988,24.3131,0.33416,149.56,8.85512,0.20997,95.1351,0.0,5.1139
2022-10-01 15:20:00,44.3953,1534.11,76.0903,0,12.99,42.0112,75.0213,15.1998,42.6608,31.3973,0.0,25.6489,24.0732,37.6998,30.2449,6.41,43.8546,0,715.514,0.0,127.562,78.9991,4.70832,5.00038,36.1844,4.94492,31.0913,14.6684,0.0,18.7157,55.6626,47.88,24.6436,594.58,118.268,15.395,4.541,5.97242,3.241,3.13115,48.4,416.205,810.799987793,87.86,58.25,5.10109,2.785,105.924,85.8167,0.0,0.08352,0.0,137.472,62.5,57.8,60.4422,107.105,54.0432,0,18.7558,0.0,511.686,13.3291,0.0363,149.718,10.5514,0.2002,93.929,0.0,5.11053
2022-10-01 15:25:00,38.9939,1567.92,81.2597,0,19.93,39.9117,14.1305,37.5994,46.8562,49.9027,0.0,22.7405,21.4548,33.4959,30.2449,5.63,40.9549,0,752.966,0.0,129.656,100.898,5.38704,19.0997,48.2443,2.64496,25.3656,21.5954,0.0,16.8141,55.1643,46.78,29.5055,599.634,105.377,13.8196,5.946,6.13561,5.548,2.74784,24.044,434.858,790.510009766,66.41,71.25,5.40017,6.117,102.014,89.6385,0.0,0.08352,0.0,156.601,61.6,58.0,60.2225,95.5779,90.1118,0,15.3317,0.0,541.423,1.97147,0.0,138.244,11.07,4.02966,114.56,0.0,0.0
2022-10-01 15:30:00,39.8983,1519.53,75.9708,0,20.91,31.3399,4.0119,45.0993,43.7116,52.1,0.0,24.5716,18.464,27.9999,19.668,7.86,41.9847,0,779.797,0.0,128.032,84.2662,4.23713,27.2999,44.6643,1.26498,27.9492,24.9177,0.0,15.1962,55.5457,48.79,29.7441,579.73,120.282,15.8694,6.982,2.26631,7.443,1.9617,18.154,430.561,709.599975586,19.89,68.75,5.19875,4.304,108.084,50.6923,0.0,0.00565,0.0,160.821,60.4,58.1,55.696,109.128,102.665,0,14.526,0.0,575.579,0.0,0.0,136.992,12.5026,3.66955,118.297,0.0,5.03905
2022-10-01 15:35:00,31.5974,1517.06,64.9709,0,19.07,27.4527,2.47013,44.3993,43.3171,39.3008,0.0,35.9319,17.5546,31.9958,30.3155,8.53,46.5375,0,811.487,0.0,131.804,88.35,4.84504,27.0985,36.6344,0.91499,26.686,25.2707,0.0,15.6749,55.6934,31.2,16.3973,578.942,118.067,12.5718,7.167,4.54578,7.908,2.24735,16.124,436.249,891.469970703,15.25,66.75,5.10109,2.142,117.816,39.3425,0.0,0.12371,0.0,90.4594,60.5,57.9,59.1348,107.8,103.613,6,12.7425,0.0,565.764,0.49439,0.0,133.263,12.0104,3.38023,114.952,0.0,0.0
2022-10-01 15:40:00,31.8983,1521.8,66.7896,0,15.59,33.1317,2.87297,44.0993,51.7703,47.8016,0.0,50.0328,18.0942,42.0983,30.3155,8.85,47.9874,0,819.446,0.0,115.325,87.8212,5.53109,25.4994,38.6544,0.71499,28.184,28.7318,0.0,14.85,56.0749,48.91,10.0521,585.205,112.568,11.9151,6.978,2.26631,8.816,2.804,14.984,444.721,1081.81005859,11.68,38.5,5.69924,1.912,138.169,82.3135,0.0,0.12371,0.0,75.3923,60.8,57.9,51.5102,105.209,139.554,22,12.2298,0.0,559.539,0.99733,0.0,150.268,13.8913,2.82968,119.486,0.0,5.03905
2022-10-01 15:45:00,34.0954,1533.89,82.1996,0,13.32,34.1323,4.6125,43.6993,65.208,33.8006,0.0,51.014,19.0732,57.396,30.258,13.11,39.8303,0,815.247,0.0,116.112,89.0348,4.78889,27.1992,38.4344,1.23498,48.3,28.8088,0.0,15.8305,56.2502,48.91,4.20506,581.982,87.572,14.556,7.884,4.4984,2.444,2.70634,13.574,444.233,1079.22998047,12.73,51.25,4.79896,2.831,143.864,90.0072,0.0,0.08352,0.0,79.2556,60.9,57.9,49.0712,107.672,93.752,54,10.1497,0.0,544.548,1.50759,0.0,127.507,19.4109,2.08014,112.927,0.0,5.01104
2022-10-01 15:50:00,41.8946,1556.66,51.5893,0,15.38,33.4708,4.37079,39.3994,70.0558,22.1,0.0,52.6635,19.465,62.799,30.2643,10.74,34.1799,0,819.69,0.0,130.657,88.5564,5.3724,27.1992,33.7145,1.35498,71.6852,25.4151,0.0,17.8248,55.1643,48.91,5.39597,585.827,62.8478,5.88098,9.023,4.48787,1.488,3.81231,11.99,450.507,1020.04998779,14.51,59.5,5.10109,3.54,150.318,90.0159,0.0,0.08352,0.0,81.0756,62.1,57.9,48.0824,78.9975,32.1337,51,8.84596,0.0,534.245,1.47585,0.00093,126.085,18.1101,2.06061,121.594,0.0,5.11348
2022-10-01 15:55:00,43.5994,1603.78,52.8797,0,20.38,29.8013,4.24994,38.1994,75.2355,18.5019,0.0,47.155,18.1943,60.7989,30.2643,10.32,30.562,0,830.579,0.0,117.778,89.488,6.02426,9.09896,38.8944,1.43498,62.9253,26.4157,0.0,21.3402,55.8995,48.91,6.15603,595.917,67.3294,5.39068,5.181,3.91405,1.187,4.33234,10.63,462.397,1014.7199707,19.18,56.0,6.80095,3.431,163.74,89.9625,0.0,0.00565,0.0,83.4809,64.0,57.9,56.3113,82.211,27.5792,51,10.3255,0.0,536.955,1.55886,0.00093,95.4391,15.324,2.25959,118.937,0.0,5.11348
2022-10-01 16:00:00,34.1955,1592.87,71.9697,0,27.32,26.4208,4.23163,36.3994,68.0245,19.2023,0.0,49.2653,18.3542,58.7987,29.8517,13.01,28.4753,0,834.046,0.0,101.317,89.6693,4.32502,3.30053,35.0545,1.53498,71.6217,23.6997,0.0,25.3665,55.1951,47.69,7.0825,563.598,79.4346,9.63525,2.735,0.31323,0.986001,3.81231,10.864,457.881,1073.18005371,54.23,53.5,6.80095,3.434,186.39,89.8718,0.0,0.12371,0.0,93.6771,59.5,58.1,67.155,83.6484,24.7593,119,9.21218,0.0,585.54,0.50172,0.0,132.366,17.1785,2.28034,120.438,0.0,5.11348
2022-10-01 16:05:00,39.6946,1579.61,25.79,0,27.24,24.4008,4.3122,34.7995,65.6026,13.7022,0.0,60.8896,19.0829,61.1972,28.7191,14.03,29.2612,0,801.501,0.0,129.216,89.5333,4.92561,2.59861,31.7945,1.59498,72.7199,21.0392,0.0,17.3947,55.3704,47.65,4.48435,575.536,156.679,16.388,2.247,1.18711,0.836001,4.09064,10.068,459.15,1078.76000977,61.9,48.25,6.30045,2.857,185.988,87.9229,0.0,0.08352,0.0,74.7823,60.0,57.9,67.2428,56.7132,25.7761,191,9.98856,0.0,644.331,0.86793,0.0,114.891,18.2332,2.46956,124.657,0.0,5.01283
2022-10-01 16:10:00,43.7965,1552.83,15.4007,0,29.09,29.2801,4.10346,32.8995,65.4033,9.49989,0.0,62.6215,16.0128,62.299,30.2735,11.3,27.7166,0,781.042,0.0,123.125,64.6983,4.75959,3.30053,27.2846,1.81497,58.7231,19.1571,0.0,11.0111,55.312,41.35,3.12666,582.568,173.014,19.5333,2.264,2.70325,0.786001,4.9012,9.04,469.429,1182.11999512,50.99,47.25,6.19974,2.412,187.388,88.0395,0.0,0.08352,0.0,-0.57855,60.9,57.7,94.4784,74.5846,28.0833,191,9.14626,0.0,696.384,1.2488,0.0,62.9129,10.6042,2.02033,129.159,0.0,5.01283
2022-10-01 16:15:00,46.599,1520.92,12.3607,0,35.89,27.9028,3.81048,29.6996,67.3018,7.79698,0.0,64.6311,15.3048,77.2957,29.4912,12.22,25.2234,0,791.76,0.0,115.325,27.748,6.23667,3.19982,26.5146,1.73497,49.5886,16.8655,0.0,13.5444,55.4596,48.7,2.58496,589.672,176.589,16.1437,3.027,14.0953,0.736001,5.0721,11.018,485.835,1213.26000977,41.08,44.25,5.40017,3.02,191.673,86.9816,0.0,0.00565,0.0,0.0,62.3,57.9,117.462,50.3685,37.594,191,11.1165,0.0,751.292,1.45876,0.00093,45.0599,7.83557,1.24027,139.033,0.0,5.01283
2022-10-01 16:20:00,49.995,1529.2,36.6705,0,36.41,26.7431,3.34173,30.7995,61.6689,6.69833,0.0,53.2143,16.8344,56.1968,28.9393,9.12,22.7843,0,830.506,0.0,107.152,22.5111,6.35874,2.59861,29.3445,1.79497,40.0353,14.9795,0.0,11.476,56.2779,45.68,2.38106,607.123,173.236,11.8567,4.812,10.0365,0.686001,5.8265,54.444,516.06,1111.85998535,30.95,41.5,5.79995,3.944,182.564,84.8966,0.0,0.04333,0.0,68.4485,64.2,58.1,107.849,36.1227,42.2766,190,12.7242,0.0,811.451,1.23659,0.00093,30.808,7.0797,1.0303,146.266,0.0,5.01283
2022-10-01 16:25:00,49.7977,1542.58,62.8415,0,34.54,29.8621,2.91325,28.8996,59.8368,6.10094,0.0,43.6851,13.055,45.1959,27.862,8.96,21.8358,0,871.376,0.0,121.453,20.4617,6.55406,2.80003,30.1545,1.61498,45.2087,13.6369,0.0,11.476,55.6934,44.67,2.27853,613.477,152.026,10.4707,6.904,8.28347,0.686001,3.87823,39.128,525.679,1012.07000732,61.89,38.75,7.10002,5.461,174.269,83.6752,0.0,0.14381,0.0,147.987,61.0,58.1,93.2149,30.6294,35.5004,190,9.59304,0.0,863.747,0.78004,0.0,22.977,8.3805,0.97049,146.322,0.0,5.11835
2022-10-01 16:30:00,50.7972,1573.58,62.5707,0,33.23,33.7701,2.70085,27.2996,61.0791,8.00298,0.0,39.6048,12.2249,40.9965,27.2384,12.32,20.8331,0,906.679,0.0,114.098,25.2756,8.16297,2.50095,27.9246,1.26498,39.2228,15.6753,0.0,11.1406,55.6626,43.67,2.50163,627.485,138.843,5.87036,7.187,8.72568,0.636001,2.58671,48.098,532.442,1075.08996582,66.81,35.75,6.99931,4.602,156.965,80.3548,0.0,0.04333,0.0,140.994,60.5,57.9,91.6548,56.9329,52.8982,190,10.7759,0.0,923.978,0.39185,0.0,24.1672,9.49673,0.64943,132.357,0.0,5.07339
2022-10-01 16:35:00,51.1976,1575.39,57.8792,0,34.38,33.3326,2.7924,25.8996,62.0595,8.99863,0.0,36.8002,14.6639,42.8993,26.3813,16.02,20.1827,0,943.667,0.0,82.0172,37.7384,8.05554,3.30053,25.9446,1.11498,35.6363,13.9813,0.0,10.7802,55.7211,41.65,2.72934,629.884,123.404,4.46671,6.16,6.17773,0.786001,2.15946,34.328,537.472,1049.02001953,63.13,33.0,6.99931,2.929,138.517,76.5126,0.0,0.00565,0.0,138.847,59.8,57.9,83.7885,74.0993,52.5478,190,9.1902,0.0,982.818,0.2356,0.0,31.4794,11.9665,0.82034,129.883,0.0,5.07339
2022-10-01 16:40:00,54.3954,1611.65,25.6599,0,37.94,33.701,3.00114,24.4996,72.2823,7.50172,0.0,43.5874,13.3748,42.9966,24.534,17.06,19.2342,0,972.989,0.0,59.0799,29.9989,9.45449,5.10109,25.7646,1.27498,36.3409,11.6239,0.0,10.0086,56.0441,39.59,3.17632,663.668,71.0758,5.00481,4.416,5.36702,0.887001,1.93729,39.29,544.869,1069.76000977,61.39,32.0,7.3991,6.472,117.377,69.7523,0.0,0.14381,0.0,142.581,60.7,58.1,81.8219,116.049,59.2557,190,11.8343,0.0,1003.25,0.8191,0.0,45.7008,13.5398,0.57985,132.324,0.0,5.07339
2022-10-01 16:45:00,45.096,1645.36,10.9615,0,41.9,31.321,3.18059,23.3996,76.216,7.19959,0.0,52.4941,13.785,40.2,22.6703,14.64,16.4158,0,1005.63,0.0,61.4176,22.6974,9.56924,14.3999,28.1446,0.95499,36.0172,10.5305,0.0,8.3177,55.5765,36.57,3.77792,665.902,83.7249,4.77116,3.028,3.92458,0.887001,2.07401,28.708,550.46,906.289978027,53.28,27.75,12.3003,3.716,114.649,50.679,0.0,0.08352,0.0,138.683,59.8,57.9,77.1637,175.001,43.8917,190,13.4713,0.0,1051.52,0.49928,0.00093,50.1625,16.0007,0.79958,121.838,0.0,0.0
2022-10-01 16:50:00,42.9933,1688.28,13.6112,0,38.33,32.2316,3.90204,21.5997,80.7395,8.60037,0.0,56.0174,16.9345,37.098,20.2762,15.55,13.8278,0,1041.89,0.0,42.4414,32.4662,21.5787,20.6012,30.3245,0.86499,32.9512,10.4337,0.0,7.08403,56.2502,26.46,4.53248,671.67,122.307,11.6407,2.432,3.75612,0.837001,1.991,31.854,561.764,776.299987793,40.9,25.0,15.7,3.097,110.803,37.2777,0.0,0.00565,0.0,142.179,61.0,57.9,67.7372,175.367,27.4852,190,14.6249,0.0,1111.61,1.31228,0.0,50.0588,16.4226,0.83987,112.776,0.0,0.0
2022-10-01 16:55:00,45.2969,1738.16,27.7601,0,40.41,35.7608,5.66354,20.1997,69.2706,11.6011,0.0,42.5498,18.3041,42.7975,17.7418,12.44,12.6896,0,1081.95,0.0,49.894,60.8714,18.6709,19.2004,34.5245,0.84499,39.5338,10.3083,0.0,7.60243,55.3704,19.31,4.52634,674.233,138.712,12.3062,2.08,3.08228,0.737001,1.68338,32.572,574.289,690.590026855,17.96,22.5,9.80087,2.941,103.461,59.3787,0.0,0.08352,0.0,141.163,60.3,57.8,61.2003,171.614,23.8535,191,14.1634,0.0,1156.19,1.85916,0.0,72.6787,17.3718,0.88015,88.4224,0.0,0.0
2022-10-01 17:00:00,46.097,1795.75,30.5798,0,35.53,29.1608,7.6228,18.7997,68.0245,16.0986,0.0,46.2226,19.924,44.3994,15.6155,10.37,12.2831,0,1123.19,0.0,30.7591,50.599,15.9585,18.0011,47.9143,0.79499,43.7233,11.2327,0.0,9.23341,55.7519,28.47,3.89965,681.906,142.6,12.8479,1.503,3.30865,0.636001,0.98024,13.698,592.477,692.469970703,17.07,20.5,9.30037,2.58,120.334,52.0627,0.0,0.00565,0.0,153.184,62.6,57.8,61.3761,169.554,19.6835,190,17.5399,0.0,1206.07,2.95293,3.26432,59.1104,19.6922,0.97049,76.7816,0.0,0.0
2022-10-01 17:05:00,49.1982,1827.32,25.3307,0,35.66,29.142,8.08057,17.3997,64.8799,22.4983,0.0,39.6185,20.5917,40.0982,13.4513,10.07,12.9741,0,1159.76,0.0,22.9465,21.0256,15.6899,16.701,48.7643,0.73499,50.3948,13.2045,0.0,10.6327,55.7519,25.45,3.38253,683.279,139.719,11.9629,0.826,3.09808,0.939001,0.75807,25.778,605.319,143.649993896,5.75,17.25,8.00031,1.252,125.901,46.7637,0.0,0.00565,258.98,280.633,61.3,58.1,64.8698,168.556,18.5043,227,18.2907,0.0,1238.47,2.98466,0.01024,48.1483,16.7566,0.90945,84.0766,0.0,0.0
2022-10-01 17:10:00,53.9982,1877.32,21.8711,0,35.4,24.0115,8.45045,16.1998,63.0439,48.9002,0.0,33.0068,20.0534,48.8997,11.4698,10.52,14.3156,0,1190.96,0.0,34.4762,27.6473,20.0089,15.4986,51.4642,0.64499,56.4633,20.4219,0.0,7.26272,55.9272,23.44,2.79168,676.907,135.288,10.4017,0.784,2.977,1.245,0.72145,21.438,617.453,109.050003052,5.57,15.0,5.79995,0.847002,126.395,42.8162,0.0,0.12371,239.24,288.578,60.7,58.2,58.5086,159.428,9.81399,263,18.4262,0.0,1249.77,2.85283,0.00093,12.076,16.1238,0.81057,82.1576,0.0,0.0
2022-10-01 17:15:00,56.0948,1949.66,18.1301,0,39.03,18.9521,8.3003,15.1998,68.5479,30.903,0.0,31.4244,23.1943,58.2987,9.89952,10.27,14.0988,0,1225.9,0.0,49.2836,21.2069,7.38659,14.2992,47.2343,0.52499,55.4984,31.3122,0.0,5.08339,54.9028,21.39,2.57421,686.721,120.464,8.28293,0.826,3.24022,0.793001,0.46998,17.6,638.059,103.629997253,10.22,12.75,5.79995,0.0,132.749,35.9714,0.0,0.12371,253.43,305.573,63.0,58.0,52.5759,119.73,7.16503,304,19.7922,0.0,1224.87,2.48905,0.02885,13.9071,17.8113,0.46022,88.6909,0.0,0.0
2022-10-01 17:20:00,67.8971,1973.32,14.4502,0,40.77,14.7615,8.271,13.4998,74.3839,49.6006,0.0,29.546,29.6739,59.9979,8.49101,8.56,14.5188,0,1259.78,0.0,45.6275,21.212,7.40612,12.8008,43.8943,0.37499,58.6786,30.191,0.0,4.18342,56.0749,18.36,2.22835,685.751,104.672,6.68458,0.973,4.56157,0.793001,0.17212,14.232,650.608,0.0,24.13,10.75,4.79896,0.0,137.107,28.9499,0.0,0.00565,246.58,298.561,62.4,58.1,58.7393,108.743,4.90059,344,19.5798,0.0,1247.21,2.43046,0.00093,10.3487,17.3191,0.34059,90.7063,0.0,0.0
2022-10-01 17:25:00,70.4965,2023.37,5.53184,0,40.15,16.1618,7.94141,11.5998,73.9894,45.8995,0.0,27.2267,45.453,71.2997,5.20064,7.59,13.611,0,1254.85,0.0,49.0944,18.1554,7.86511,11.1009,43.3343,0.295,59.1039,29.4706,0.0,3.65594,55.7795,16.35,2.12186,678.939,89.2236,5.42785,0.792,3.62451,0.542001,0.0,10.944,647.947,0.0,20.87,8.5,5.10109,0.0,126.349,22.2045,0.0,0.12371,244.37,291.371,60.8,58.2,64.8148,108.597,4.32807,382,20.7407,0.0,1265.96,2.15946,0.0,7.88891,14.8142,0.3296,90.3206,0.0,0.0
2022-10-01 17:30:00,75.2971,2077.03,4.69018,0,40.05,15.492,6.71092,10.0998,67.2393,36.8975,0.0,29.7353,48.2326,78.1984,1.48243,9.61,12.3237,0,1260.25,0.0,43.6439,12.3545,8.01648,9.40108,38.8444,0.275,63.4839,23.6338,0.0,4.60851,55.8103,13.33,2.12301,682.711,77.1888,4.17465,0.239,3.06123,0.492001,0.0,7.336,650.974,0.0,15.56,6.75,6.70024,0.0,114.878,17.3519,0.0,0.12371,242.98,300.463,62.6,57.9,59.3436,95.5871,3.45647,404,19.5505,0.0,1279.48,1.69558,0.03816,6.36912,12.1599,0.26002,96.9564,0.0,0.0
2022-10-01 17:35:00,69.5952,2123.01,5.3805,0,39.09,19.2808,6.05173,8.79987,62.6533,7.89998,0.0,24.4526,43.8538,73.0963,1.27565,10.57,12.4186,0,1291.06,0.0,38.761,3.97047,8.77577,7.79889,36.0244,0.0,66.8926,23.5132,0.0,3.66848,55.4012,10.33,1.76723,679.489,65.4965,3.79586,0.0,1.83989,0.442001,0.0,5.1,650.12,0.0,10.27,5.0,5.50088,0.0,113.028,13.1039,0.0,0.08352,490.0,332.748,61.7,58.0,57.6407,80.7919,1.26894,400,19.5431,0.0,1273.65,1.38552,0.0,5.60006,16.783,0.2002,87.9634,0.0,0.0
2022-10-01 17:40:00,73.8939,2187.61,3.38123,0,39.89,21.2819,4.62348,7.49989,60.9501,4.89929,0.0,22.385,34.0038,62.4981,1.27565,9.32,29.5322,0,1336.59,0.0,33.0724,3.15976,7.8822,6.09903,38.4944,0.0,64.7534,19.0119,0.0,2.97037,55.838,7.29,1.52646,679.781,51.5381,3.19405,0.0,1.26081,0.342001,0.0,2.958,651.438,0.0,9.11,3.75,5.40017,0.0,120.774,9.56012,0.0,0.08352,507.11,353.99,62.3,58.1,49.181,70.0526,0.0,405,21.7038,0.0,1274.75,1.10231,0.00093,4.41596,18.7869,0.11963,93.1051,0.0,0.0
2022-10-01 17:45:00,76.1966,2212.34,2.24221,0,39.98,21.2024,4.0412,6.2999,58.9189,4.10277,0.0,20.5173,27.805,53.5992,1.79501,9.26,12.134,0,1371.9,0.0,24.2405,2.13252,8.33143,4.39918,41.2844,0.0,51.6453,18.6604,0.0,2.36301,55.8995,2.06,2.43456,681.649,41.6988,2.71083,0.0,0.22374,0.292001,0.0,1.418,653.001,0.0,5.38,2.75,4.89967,0.0,141.932,2.15549,0.0,0.12371,501.33,349.126,62.9,58.0,47.5221,57.5921,0.0,406,20.4916,0.0,1273.35,0.86061,0.00093,2.96941,16.2292,0.0,97.1847,0.0,0.0
2022-10-01 17:50:00,77.2947,2231.6,1.30231,0,40.36,22.8832,3.4406,5.19992,58.5243,3.69764,0.0,22.2568,24.1746,56.9977,2.91827,8.93,8.27228,0,1383.88,0.0,16.7575,1.28656,4.1883,3.00145,42.1344,0.0,52.1785,17.613,0.0,2.29146,55.5765,1.06,0.71322,679.672,33.209,0.0,0.0,0.0,0.242001,0.0,0.49,668.406,0.219999998808,4.22,1.75,2.90074,0.0,176.585,1.57492,0.0,0.08352,489.44,343.758,61.0,58.0,48.6427,45.2598,0.0,401,18.2834,0.0,1275.55,0.61158,0.00093,1.7731,15.5349,0.0,105.394,0.0,0.0
2022-10-01 17:55:00,71.4961,2241.73,0.75006,0,42.41,18.5816,2.44083,4.09994,53.2782,5.49668,0.0,23.8941,30.0352,50.4972,2.19584,9.67,5.86038,0,1367.87,0.0,8.71901,0.62188,3.1873,1.89975,40.1744,0.0,57.8598,18.7627,0.0,1.43955,55.2535,1.06,0.5011,675.771,25.1723,0.0,0.0,0.0,0.191001,0.0,0.152,682.103,85.8099975586,2.73,1.0,2.19883,0.0,209.92,1.16838,0.0,0.08352,498.25,347.636,62.5,57.9,43.6988,34.8867,0.0,401,18.7045,0.0,1272.06,0.42359,0.04747,0.9247,15.5349,0.0,105.492,0.0,0.0
2022-10-01 18:00:00,72.5959,2246.37,0.37038,0,41.19,18.9228,1.39345,3.29995,50.3953,2.20073,0.0,25.9052,28.9244,50.7981,1.56134,11.45,8.01483,0,1364.55,0.0,4.56855,0.0,1.15358,1.29854,38.6644,0.0,63.2363,19.0753,0.0,1.17581,55.0474,1.06,0.27931,673.794,17.7098,0.0,0.0,0.0,0.141001,0.0,0.0,695.482,47.0900001526,1.55,0.5,0.99947,0.0,224.376,0.62219,0.0,0.12371,485.3,338.71,60.9,57.7,40.238,24.6784,0.0,402,18.7375,0.0,1277.99,0.2771,0.0,0.40589,16.0447,0.0,103.133,0.0,0.0
2022-10-01 18:05:00,72.9951,2252.62,0.0,0,41.82,18.7805,0.79286,2.69996,45.4148,1.30121,0.0,31.6243,29.4932,43.3993,1.15078,13.1,2.78453,0,1365.91,0.0,1.66323,0.0,0.0,0.801099,36.4845,0.0,62.7602,20.7916,0.0,0.9384,56.3671,0.05,0.27931,678.225,12.1808,0.0,0.0,0.0,0.0,0.0,0.0,699.315,112.550003052,0.83,0.0,0.40131,0.0,238.824,0.0,0.0,0.12371,499.72,343.155,61.0,57.9,43.3692,4.93019,0.0,406,23.3225,-3.89105,1277.43,0.0,15.4746,0.0,14.489,0.0,99.8642,0.0,0.0
2022-10-01 18:10:00,75.2954,2264.85,0.0,0,39.22,21.8806,0.40101,1.89997,47.2507,0.60082,0.0,33.2403,31.0045,38.4963,0.73757,13.52,1.25338,0,1362.98,0.0,1.37026,0.0,0.0,0.401312,40.0644,0.0,65.8072,24.3757,0.0,0.66419,55.6934,0.05,0.06647,678.079,8.63584,0.0,0.0,0.0,0.0,0.0,0.0,698.924,192.210006714,0.26,0.0,0.09918,0.0,242.303,0.0,0.0,0.14381,490.73,342.422,61.0,57.9,41.2488,3.72168,0.0,405,19.0011,40.9644,1274.89,0.0,6.3341,0.0,14.0495,0.0,100.905,0.0,0.03566
2022-10-01 18:15:00,77.5974,2276.43,0.0,0,33.39,24.7922,0.0,1.49998,52.4266,0.0,0.0,39.057,30.9447,38.4963,0.63462,13.65,0.0,0,1363.5,0.0,1.13832,0.0,0.0,0.199893,45.8643,0.0,76.5349,24.8732,0.0,0.20693,56.161,0.05,0.0,677.731,4.79881,0.0,0.0,0.0,0.0,0.0,0.0,684.691,169.470001221,0.0,0.0,0.00153,0.0,237.67,0.0,0.0,0.12371,493.37,345.35,61.7,57.8,40.0842,2.43076,0.0,406,20.9274,84.8615,1263.42,0.0,0.0,0.0,15.0603,0.0,103.163,0.0,0.05962
2022-10-01 18:20:00,79.3986,2279.92,0.0,0,31.09,28.0514,0.0,0.0,56.9501,0.0,0.0,39.1745,37.5341,33.5977,0.31675,11.68,0.0,0,1358.1,0.0,0.0,0.0,0.0,0.001526,48.7843,0.0,72.6437,28.0582,0.0,0.0,56.484,0.05,0.0,681.008,2.25086,0.0,0.0,0.0,0.0,0.0,0.0,700.999,51.0,0.0,0.0,0.00153,0.0,220.833,0.0,0.0,0.15386,499.77,348.681,61.7,58.0,38.7988,1.27718,0.0,406,21.1472,138.708,1272.52,0.0,0.00093,0.0,13.1882,0.0,100.112,0.0,0.05541
2022-10-01 18:25:00,75.0969,2268.22,0.0,0,32.3,33.4122,0.0,0.0,57.5399,0.0,0.0,49.0868,42.5928,32.1994,0.00659,12.47,0.0,0,1356.22,0.0,0.0,0.0,0.0,0.001526,45.4843,0.0,73.4625,30.0371,0.0,0.0,55.7211,0.05,0.0,678.555,1.20348,0.0,0.0,0.0,0.0,0.0,0.0,698.9,225.75,0.0,0.0,0.00153,0.0,207.063,0.0,0.0,0.12371,489.0,339.282,60.5,57.9,35.0744,0.0,0.0,401,20.6711,162.957,1276.72,0.0,0.0,0.0,15.2712,0.0,113.391,0.0,0.05678
2022-10-01 18:30:00,72.998,2274.33,0.0,0,30.01,36.3113,0.0,0.0,57.5399,0.0,0.0,59.1012,49.6242,35.8988,0.00659,13.63,0.0,0,1355.98,0.0,0.0,0.0,0.0,0.001526,48.1243,0.0,78.8454,28.2137,0.0,0.0,56.3087,0.0,0.0,678.115,0.0,0.0,0.0,0.0,0.0,0.0,0.0,683.616,213.350006104,0.0,0.0,0.00153,0.0,207.631,0.0,0.0,0.14381,491.49,337.099,60.0,57.7,34.569,0.0,0.0,403,16.8258,162.799,1276.48,0.0,15.6049,0.0,14.7966,0.0,113.431,0.0,0.05658
2022-10-01 18:35:00,70.9976,2273.5,0.0,0,29.11,39.9221,0.0,0.0,61.8017,0.0,0.0,51.4061,48.1446,36.0979,0.00659,15.93,0.0,0,1357.69,0.0,0.0,0.0,0.0,0.001526,50.1842,0.0,78.4328,25.7175,0.0,0.0,55.6934,0.0,0.0,680.477,0.0,0.0,0.0,0.0,0.0,0.0,0.0,681.834,208.580001831,0.0,0.0,0.00153,0.0,212.309,0.0,0.0,0.15386,501.8,349.57,62.3,57.9,34.2174,0.0,0.0,407,16.0311,164.257,1272.11,0.0,23.7159,0.0,13.9792,0.0,109.437,0.0,0.06055
2022-10-01 18:40:00,72.895,2276.13,0.0,0,27.52,44.2719,0.0,0.0,67.5674,0.0,0.0,56.1898,46.0462,32.9959,0.00659,16.11,0.0,0,1355.22,0.0,0.0,0.0,0.0,0.001526,54.5542,0.0,75.3478,26.7839,0.0,0.0,56.4563,0.0,0.0,678.518,0.0,0.0,0.0,0.0,0.0,0.0,0.0,670.359,266.279998779,0.0,0.0,0.00153,0.0,214.095,0.0,0.0,0.12371,491.17,342.174,60.7,58.0,32.965,0.0,0.0,404,14.4381,164.172,1274.38,0.0,0.88519,0.0,13.865,0.0,116.959,0.0,0.0572
2022-10-01 18:45:00,70.2932,2275.4,0.0,0,27.99,44.8622,0.0,0.0,71.4347,0.0,0.0,54.3526,48.7538,38.5981,0.0,15.72,0.0,0,1357.08,0.0,0.0,0.0,0.0,0.001526,58.5141,0.0,80.7688,28.4541,0.0,0.0,55.5457,0.0,0.0,685.128,0.0,0.0,0.0,0.0,0.0,0.0,0.0,659.3,168.160003662,0.0,0.0,0.00153,0.0,202.055,0.0,0.0,0.12371,498.07,344.413,61.4,57.9,35.7665,0.0,0.0,402,14.2733,163.519,1278.65,0.0,3.85444,0.0,15.2449,0.0,125.64,0.0,0.05503
2022-10-01 18:50:00,71.1944,2271.32,0.0,0,27.42,46.2918,0.0,0.0,75.3644,0.0,0.0,52.0058,41.333,35.2969,0.0,16.17,0.0,0,1357.44,0.0,0.0,0.0,0.0,0.001526,58.7441,0.0,87.2245,30.2744,0.0,0.0,55.2843,0.0,0.0,679.635,0.0,0.0,0.0,0.0,0.0,0.0,0.0,671.971,194.649993896,0.0,0.0,0.00153,0.0,196.837,0.0,0.0,0.17395,494.63,350.39,62.2,57.8,40.1172,0.0,0.0,407,15.9286,163.549,1276.16,0.0,15.5658,0.0,15.2712,0.0,119.397,0.0,0.05753
2022-10-01 18:55:00,74.796,2278.7,0.0,0,28.15,53.2121,0.0,0.0,75.1027,0.0,0.0,45.9617,39.7534,35.9961,0.0,15.75,0.0,0,1354.44,0.0,0.0,0.0,0.0,0.001526,56.5241,0.0,79.842,32.8936,0.0,0.0,55.958,0.0,0.0,682.547,0.0,0.0,0.0,0.0,0.0,0.0,0.0,671.824,152.070007324,0.0,0.0,0.00153,0.0,189.412,0.0,0.0,0.04333,495.48,346.529,61.6,58.0,46.0279,0.0,0.0,410,15.621,163.793,1273.6,0.0,0.62457,0.0,15.0251,0.0,119.816,0.0,0.05636
2022-10-01 19:00:00,79.4976,2281.85,0.0,0,28.12,52.5025,0.0,0.0,76.2824,0.0,0.0,44.5594,33.214,36.0979,0.0,14.28,0.0,0,1359.59,0.0,0.0,0.0,0.0,0.001526,55.7442,0.0,78.6868,33.8521,0.0,0.0,54.7275,0.0,0.0,686.337,0.0,0.0,0.0,0.0,0.0,0.0,0.0,674.583,186.330001831,0.0,0.0,0.00153,0.0,190.565,0.0,0.0,0.12371,504.62,353.287,62.8,58.0,56.7288,0.0,0.0,407,17.3312,164.605,1276.43,0.0,0.00093,0.0,16.1326,0.0,90.2669,0.0,0.06189
2022-10-01 19:05:00,82.1984,2281.92,0.0,0,26.95,62.2025,0.0,0.0,73.2042,0.0,0.0,37.5692,29.4127,33.8986,0.0,14.18,0.0,0,1359.54,0.0,0.0,0.0,0.0,0.001526,56.2841,0.0,81.4798,31.4543,0.0,0.0,56.1025,0.0,0.0,682.144,0.0,0.0,0.0,0.0,0.0,0.0,0.0,672.874,139.539993286,0.0,0.0,0.00153,0.0,196.461,0.0,0.0,0.17395,499.67,349.451,62.2,57.8,59.1678,0.0,0.0,400,16.0531,163.738,1277.31,0.0,0.00093,0.0,15.8689,0.0,85.4084,0.0,0.04976
2022-10-01 19:10:00,89.8975,2284.82,0.0,0,25.05,72.7608,0.0,0.0,72.6105,0.0,0.0,39.6185,32.1935,38.9963,0.0,13.19,0.0,0,1358.93,0.0,0.0,0.0,0.0,0.001526,53.9342,0.0,80.1277,31.5383,0.0,0.0,56.1025,0.0,0.0,683.682,0.0,0.0,0.0,0.0,0.0,0.0,0.0,669.969,136.820007324,0.0,0.0,0.00153,0.0,208.464,0.0,0.0,0.12371,494.85,344.985,61.4,57.9,59.0799,0.0,0.0,405,15.7858,164.172,1275.97,0.0,0.00093,0.0,14.7087,0.0,91.7989,0.0,0.04304
2022-10-01 19:15:00,95.0972,2275.38,0.0,0,23.77,67.6219,0.0,0.0,74.9699,0.0,0.0,39.8428,32.8539,37.6998,0.0,13.46,0.0,0,1355.61,0.0,0.0,0.0,0.0,0.001526,51.9342,0.0,87.9989,35.6279,0.0,0.0,55.838,0.0,0.0,679.598,0.0,0.0,0.0,0.0,0.0,0.0,0.0,668.626,64.2699966431,0.0,0.0,0.00153,0.0,216.86,0.0,0.0,0.12371,491.33,341.875,60.4,57.8,61.5189,0.0,0.0,398,12.0064,163.94,1274.21,0.0,0.00093,0.0,14.6999,0.0,106.311,0.0,0.04657
2022-10-01 19:20:00,102.796,2282.19,0.0,0,22.35,72.7629,0.0,0.0,76.8723,0.0,0.0,42.8275,32.484,33.1994,0.0,13.85,0.0,0,1356.66,0.0,0.0,0.0,0.0,0.001526,48.4943,0.0,88.6019,33.641,0.0,0.0,55.2227,0.0,0.0,679.214,0.0,0.0,0.0,0.0,0.0,0.0,0.0,669.554,0.0,0.0,0.0,0.00153,0.0,225.1,0.0,0.0,0.15386,490.75,338.524,60.8,58.0,61.7166,0.0,0.0,403,11.2337,164.184,1274.43,0.0,0.0121,0.0,15.4734,0.0,108.564,0.0,0.05218
2022-10-01 19:25:00,105.297,2281.63,0.0,0,22.38,74.3621,0.0,0.0,77.7238,0.0,0.0,49.398,31.3646,32.6994,0.0,15.94,0.0,0,1358.59,0.0,0.0,0.0,0.0,0.001526,50.0542,0.0,93.3945,32.6984,0.0,0.0,56.1917,0.0,0.0,682.528,0.0,0.0,0.0,0.0,0.0,0.0,0.0,671.189,0.0,0.0,0.0,0.00153,0.0,233.275,0.0,0.0,0.12371,499.12,344.976,61.5,57.7,70.5937,0.0,0.0,404,13.8448,164.269,1274.99,0.0,0.0121,0.0,16.739,0.0,108.882,0.0,0.05778
2022-10-01 19:30:00,102.797,2276.16,0.0,0,21.84,83.4007,0.0,0.0,79.0989,0.0,0.0,54.4793,29.9645,36.4962,0.0,16.23,0.0,0,1357.03,0.0,0.0,0.0,0.0,0.001526,54.0342,0.0,93.02,32.7944,0.0,0.0,54.9613,0.0,0.0,683.242,0.0,0.0,0.0,0.0,0.0,0.0,0.0,671.507,0.0,0.0,0.0,0.00153,0.0,234.246,0.0,0.0,0.04333,499.82,346.549,62.4,58.0,73.4722,0.0,0.0,401,14.3392,164.111,1275.6,0.0,0.00093,0.0,18.4881,0.0,117.312,0.0,0.05187
2022-10-01 19:35:00,101.694,2273.15,0.0,0,22.97,85.7514,0.0,0.0,78.509,0.0,0.0,55.6863,34.5739,43.4967,0.0,15.84,0.0,0,1360.89,0.0,0.0,0.0,0.0,0.001526,52.5842,0.0,94.9941,34.6567,0.0,0.0,56.2194,0.0,0.0,683.041,0.0,0.0,0.0,0.0,0.0,0.0,0.0,668.919,0.0,0.0,0.0,0.00153,0.0,223.342,0.0,0.0,0.184,498.07,343.956,61.4,58.0,77.9547,0.0,0.0,399,16.6867,165.966,1272.89,0.0,0.00093,0.0,19.7098,0.0,114.474,0.0,0.05122
2022-10-01 19:40:00,105.095,2283.12,0.0,0,26.83,90.2413,0.0,0.0,77.134,0.0,0.0,48.9708,36.3439,46.8996,0.0,15.55,0.0,0,1345.36,0.0,0.0,0.0,0.0,0.001526,50.7442,0.0,96.543,32.1398,0.0,0.0,55.8995,0.0,0.0,678.903,0.0,0.0,0.0,0.0,0.0,0.0,0.0,654.392,0.0,0.0,0.0,0.00153,0.0,210.359,0.0,0.0,0.12371,499.59,351.205,62.7,58.2,80.2618,0.0,0.0,405,13.5482,166.241,1264.15,0.0,0.00093,0.0,19.5428,0.0,110.526,0.0,0.05109
2022-10-01 19:45:00,107.795,2278.55,0.0,0,28.32,96.0312,0.0,0.0,69.7276,0.0,0.0,44.7639,37.4633,55.2985,0.0,16.52,0.0,0,1337.08,0.0,0.0,0.0,0.0,0.001526,50.1242,0.0,93.1977,32.0517,0.0,0.0,56.161,0.0,0.0,686.282,0.0,0.0,0.0,0.0,0.0,0.0,0.0,647.166,0.0,0.0,0.0,0.00153,0.0,197.249,0.0,0.0,0.12371,512.09,354.315,63.8,58.0,73.1865,0.0,0.0,409,14.0792,166.052,1263.42,0.0,4.7536,0.0,18.5496,0.0,109.178,0.0,0.04707
2022-10-01 19:50:00,109.195,2274.79,0.0,0,27.99,95.2525,0.0,0.0,62.458,0.0,0.0,42.1149,33.2958,56.0994,0.0,14.95,0.0,0,1349.65,0.0,0.0,0.0,0.0,0.001526,52.4042,0.0,93.2104,31.9065,0.0,0.0,55.8688,0.0,0.0,675.79,0.0,0.0,0.0,0.0,0.0,0.0,0.0,632.493,0.0,0.0,0.0,0.00153,0.0,194.685,0.0,0.0,0.15386,500.77,351.569,63.0,58.1,77.2625,0.0,0.0,401,12.1419,166.198,1277.38,0.0,1.16443,0.0,18.4529,0.0,103.462,0.0,0.04807
2022-10-01 19:55:00,111.996,2275.45,0.0,0,25.16,94.9302,0.0,0.0,57.079,0.0,0.0,45.4688,34.8632,67.5959,0.0,14.22,0.0,0,1359.96,0.0,0.0,0.0,0.0,0.001526,50.5142,0.0,95.9717,27.1608,0.0,0.0,56.4255,0.0,0.0,680.294,0.0,0.0,0.0,0.0,0.0,0.0,0.0,616.086,0.0,0.0,0.0,0.00153,0.0,191.664,0.0,0.0,0.14381,497.56,350.159,62.7,58.0,83.1293,0.0,0.0,402,11.9112,166.094,1275.23,0.0,1.92396,0.0,19.9031,0.0,102.611,0.0,0.04709
2022-10-01 20:00:00,113.394,2276.08,0.0,0,23.2,95.5916,0.0,0.0,56.0321,0.0,0.0,52.076,31.8529,68.4986,0.0,15.88,0.0,0,1337.11,0.0,0.0,0.0,0.0,0.001526,53.6342,0.0,92.2328,26.6427,0.0,0.0,55.6042,0.0,0.0,682.803,0.0,0.0,0.0,0.0,0.0,0.0,0.0,601.12,0.0,0.0,0.0,0.00153,0.0,188.725,0.0,0.0,0.12371,498.36,348.584,62.0,57.9,87.6887,0.0,0.0,401,10.9114,165.618,1260.81,0.0,1.19236,0.0,21.3358,0.0,98.6166,0.0,0.04602
2022-10-01 20:05:00,113.098,2279.06,0.0,0,21.14,97.4316,0.0,0.0,53.0164,0.0,0.0,47.2816,26.2132,70.2996,0.0,14.57,0.0,0,1357.1,0.0,0.0,0.0,0.0,0.001526,52.7142,0.0,90.7792,23.8123,0.0,0.0,56.6009,0.0,0.0,683.609,0.0,0.0,0.0,0.0,0.0,0.0,0.0,582.809,0.0,0.0,0.0,0.00153,0.0,196.645,0.0,0.0,0.14381,499.42,350.781,62.8,58.0,94.6871,0.0,0.0,403,9.48318,149.92,1269.52,0.0,4.70333,0.0,21.4237,0.0,100.063,0.0,0.05112
2022-10-01 20:10:00,112.696,2279.23,0.0,0,18.93,99.5395,0.0,0.0,49.4109,0.0,0.0,43.5019,25.4246,69.1977,0.0,14.22,0.0,0,1358.35,0.0,0.0,0.0,0.0,0.001526,48.1943,0.0,90.0492,25.1525,0.0,0.0,55.8688,0.0,0.0,680.917,0.0,0.0,0.0,0.0,0.0,0.0,0.0,573.727,0.0,0.0,0.0,0.00153,0.0,200.49,0.0,0.0,0.12371,494.56,346.837,61.9,57.9,100.62,0.0,0.0,402,11.6182,149.773,1276.87,0.0,0.63388,0.0,18.3123,0.0,109.87,0.0,0.04709
2022-10-01 20:15:00,115.095,2276.96,0.0,0,20.41,98.742,0.0,0.0,43.3835,0.0,0.0,42.826,28.546,61.5998,0.0,13.0,0.0,0,1357.13,0.0,0.0,0.0,0.0,0.001526,50.6042,0.0,89.4081,19.9299,0.0,0.0,55.6626,0.0,0.0,683.792,0.0,0.0,0.0,0.0,0.0,0.0,0.0,588.571,0.0,0.0,0.0,0.00153,0.0,206.569,0.0,0.0,0.12371,497.14,348.839,62.2,57.9,98.5544,0.0,0.0,402,10.6221,150.195,1276.26,0.0,3.80232,0.0,18.5144,0.0,124.838,0.0,0.05041
2022-10-01 20:20:00,114.797,2279.84,0.0,0,18.73,105.901,0.0,0.0,41.6803,0.0,0.0,40.1923,27.3545,65.8966,0.0,13.04,0.0,0,1360.86,0.0,0.0,0.0,0.0,0.001526,49.2842,0.0,88.056,19.4007,0.0,0.0,55.6934,0.0,0.0,682.455,0.0,0.0,0.0,0.0,0.0,0.0,0.0,589.767,0.0,0.0,0.0,0.00153,0.0,218.846,0.0,0.0,0.12371,507.61,357.994,64.0,57.9,95.7748,0.0,0.0,373,10.3694,149.859,1273.4,0.0,7.6186,0.0,18.4178,0.0,113.016,0.0,0.04667
2022-10-01 20:25:00,114.595,2278.92,0.0,0,17.74,106.97,0.0,0.0,39.192,0.0,0.0,42.7619,24.7239,68.1977,0.0,13.42,0.0,0,1361.06,0.0,0.0,0.0,0.0,0.001526,50.4442,0.0,89.1161,20.7289,0.0,0.0,55.1366,0.0,0.0,678.298,0.0,0.0,0.0,0.0,0.0,0.0,0.0,573.434,0.0,0.0,0.0,0.00153,0.0,232.168,0.0,0.0,0.15386,496.34,351.805,62.4,57.7,99.2795,0.0,0.0,401,8.77638,149.383,1275.11,0.0,0.00093,0.0,19.534,0.0,107.254,0.0,0.05194
2022-10-01 20:30:00,113.197,2273.18,0.0,0,17.17,107.362,0.0,0.0,39.778,0.0,0.0,36.5347,24.5933,62.799,0.0,12.68,0.0,0,1356.78,0.0,0.0,0.0,0.0,0.001526,55.6642,0.0,90.9887,23.3609,0.0,0.0,55.838,0.0,0.0,678.207,0.0,0.0,0.0,0.0,0.0,0.0,0.0,554.635,0.0,0.0,0.0,0.00153,0.0,241.616,0.0,0.0,0.12371,495.98,346.201,62.0,57.9,111.288,0.0,0.0,399,8.08423,150.005,1274.87,0.0,0.0,0.0,18.8924,0.0,116.621,0.0,0.04994
2022-10-01 20:35:00,111.794,2284.41,0.0,0,14.66,111.203,0.0,0.0,37.3521,0.0,0.0,46.2882,22.2153,59.697,0.0,11.74,0.0,0,1358.15,0.0,0.0,0.0,0.0,0.001526,54.9742,0.0,89.0971,23.6782,0.0,0.0,55.5181,0.0,0.0,682.601,0.0,0.0,0.0,0.0,0.0,0.0,0.0,541.28,0.0,0.0,0.0,0.00153,0.0,246.496,0.0,0.0,0.12371,505.95,355.227,63.8,57.9,123.461,0.0,0.0,372,9.10597,149.816,1266.35,0.0,9.33686,0.0,18.0838,0.0,126.016,0.0,0.04642
2022-10-01 20:40:00,111.594,2279.01,0.0,0,13.04,109.311,0.0,0.0,36.567,0.0,0.0,40.7584,19.9631,60.0997,0.0,11.96,0.0,0,1357.03,0.0,0.0,0.0,0.0,0.001526,54.9042,0.0,89.8207,22.9062,0.0,0.0,55.3427,0.0,0.0,679.379,0.0,0.0,0.0,0.0,0.0,0.0,0.0,526.412,0.0,0.0,0.0,0.00153,0.0,238.705,0.0,0.0,0.15386,497.97,348.889,62.5,57.9,123.746,0.0,0.0,403,10.6953,150.091,1271.69,0.0,6.97076,0.0,16.9588,0.0,133.576,0.0,0.05418
2022-10-01 20:45:00,108.494,2273.01,0.0,0,12.49,112.329,0.0,0.0,36.7662,0.0,0.0,42.2507,18.3139,60.2989,0.0,11.13,0.0,0,1357.78,0.0,0.0,0.0,0.0,0.001526,51.7542,0.0,90.3285,21.9707,0.0,0.0,56.161,0.0,0.0,674.654,0.0,0.0,0.0,0.0,0.0,0.0,0.0,508.37,0.0,0.0,0.0,0.00153,0.0,235.656,0.0,0.0,0.12371,496.48,345.846,61.3,58.1,121.736,0.0,0.0,400,13.3248,150.091,1279.97,0.0,0.04002,0.0,16.3083,0.0,128.717,0.0,0.04458
2022-10-01 20:50:00,108.698,2263.76,0.0,0,9.88,112.911,0.0,0.0,42.9264,0.0,0.0,43.9368,16.7855,58.9979,0.0,12.42,0.0,0,1357.37,0.0,0.0,0.0,0.0,0.001526,53.4642,0.0,93.6103,19.7014,0.0,0.0,55.6626,0.0,0.0,671.249,0.0,0.0,0.0,0.0,0.0,0.0,0.0,488.057,0.0,0.0,0.0,0.00153,0.0,225.154,0.0,0.0,0.12371,495.74,343.299,61.3,57.9,117.264,0.0,0.0,400,15.9103,149.688,1277.21,0.0,0.01396,0.0,19.7274,0.0,126.668,0.0,0.04839
2022-10-01 20:55:00,114.496,2282.04,0.0,0,10.57,110.793,0.0,0.0,40.1725,0.0,0.0,53.6324,17.6242,61.8963,0.0,14.94,0.0,0,1350.8,0.0,0.0,0.0,0.0,0.001526,57.3041,0.0,95.1973,20.9654,0.0,0.0,56.3087,0.0,0.0,678.628,0.0,0.0,0.0,0.0,0.0,0.0,0.0,473.262,0.0,0.0,0.0,0.00153,0.0,218.791,0.0,0.0,0.13376,500.51,352.973,62.3,58.0,113.485,0.0,0.0,400,16.4523,120.0,1271.08,0.0,0.01024,0.0,18.7957,0.0,132.343,0.0,0.04729
2022-10-01 21:00:00,115.795,2275.52,0.0,0,10.75,109.891,0.0,0.0,40.11,0.0,0.0,51.7662,17.5229,60.8962,0.0,16.34,0.0,0,1354.59,0.0,0.0,0.0,0.0,0.001526,58.1041,0.0,96.1494,22.5317,0.0,0.0,55.9272,0.0,0.0,679.196,0.0,0.0,0.0,0.0,0.0,0.0,0.0,456.269,0.0,0.0,0.0,0.00153,0.0,209.874,0.0,0.0,0.15386,498.72,347.411,62.0,58.0,106.86,0.0,0.0,369,13.6947,149.889,1274.09,0.0,4.47808,0.0,15.0076,0.0,141.975,0.0,0.04986
2022-10-01 21:05:00,118.596,2284.9,0.0,0,9.9,111.383,0.0,0.0,30.9341,0.0,0.0,52.4651,19.0231,56.4977,0.0,16.52,0.0,0,1333.98,0.0,0.0,0.0,0.0,0.001526,62.604,0.0,97.0508,23.829,0.0,0.0,56.0441,0.0,0.0,680.496,0.0,0.0,0.0,0.0,0.0,0.0,0.0,441.279,0.0,0.0,0.0,0.00153,0.0,218.297,0.0,0.0,0.12371,506.05,355.148,63.2,57.7,108.486,0.0,0.0,407,12.8524,104.784,1278.31,0.0,0.00093,0.0,11.6325,0.0,135.464,0.0,0.04761
2022-10-01 21:10:00,121.299,2277.16,0.0,0,9.76,112.032,0.0,0.0,29.684,0.0,0.0,47.2023,17.9635,52.2982,0.0,15.46,0.0,0,1323.9,0.0,0.0,0.0,0.0,0.001526,61.1441,0.0,90.7602,26.8355,0.0,0.0,55.9272,0.0,0.0,676.943,0.0,0.0,0.0,0.0,0.0,0.0,0.0,423.212,0.0,0.0,0.0,0.00153,0.0,221.73,0.0,0.0,0.12371,495.62,345.5,61.6,57.8,111.277,0.0,0.0,402,11.501,50.3822,1275.36,0.0,3.00555,0.0,9.65493,0.0,115.088,0.0,0.05355
2022-10-01 21:15:00,123.694,2284.9,0.0,0,11.13,110.412,0.0,0.0,24.4418,0.0,0.0,46.7796,19.1647,56.0994,0.0,16.08,0.0,0,1321.8,0.0,0.0,0.0,0.0,0.001526,62.0141,0.0,88.9257,27.26,0.0,0.0,55.4288,0.0,0.0,677.712,0.0,0.0,0.0,0.0,0.0,0.0,0.0,406.586,0.0,0.0,0.0,0.00153,0.0,223.882,0.0,0.0,0.15386,498.97,350.02,62.5,57.9,115.704,0.0,0.0,372,9.77249,3.72625,1272.33,0.0,0.00093,0.0,9.54946,0.0,107.212,0.0,0.0443
2022-10-01 21:20:00,125.997,2277.18,0.0,0,9.82,110.403,0.0,0.0,23.5902,0.0,0.0,44.2237,17.3129,46.0987,0.0,14.27,0.0,0,1327.17,0.0,0.0,0.0,0.0,0.001526,63.304,0.0,89.5033,27.0513,0.0,0.0,56.3087,0.0,0.0,680.276,0.0,0.0,0.0,0.0,0.0,0.0,0.0,391.107,0.0,0.0,0.0,0.00153,0.0,231.197,0.0,0.0,0.14381,505.58,357.416,63.3,57.6,118.835,0.0,0.0,404,10.417,0.0,1274.67,0.0,0.00093,0.0,9.25063,0.0,106.355,0.0,0.05079
2022-10-01 21:25:00,127.997,2276.52,0.0,0,6.53,109.983,0.0,0.0,21.6917,0.0,0.0,44.9394,18.1039,51.099,0.0,14.72,0.0,0,1326.63,0.0,0.0,0.0,0.0,0.001526,62.014,0.0,91.9091,27.8146,0.0,0.0,55.4873,0.0,0.0,677.584,0.0,0.0,0.0,0.0,0.0,0.0,0.0,373.773,0.0,0.0,0.0,0.00153,0.0,249.874,0.0,0.0,0.12371,502.36,350.893,63.0,57.9,121.176,0.0,0.0,401,8.76905,0.0,1278.65,0.0,0.00093,0.0,9.61978,0.0,112.276,0.0,0.05001
2022-10-01 21:30:00,129.198,2275.89,0.0,0,4.5,109.164,0.0,0.0,23.8558,0.0,0.0,45.5375,19.4345,52.7983,0.0,15.99,0.0,0,1325.68,0.0,0.0,0.0,0.0,0.001526,55.2642,0.0,92.7153,24.34,0.0,0.0,55.958,0.0,0.0,680.129,0.0,0.0,0.0,0.0,0.0,0.0,0.0,357.244,0.0,0.0,0.0,0.00153,0.0,252.804,0.0,0.0,0.15386,497.7,349.821,62.5,58.0,115.561,0.0,0.0,367,8.26734,0.0,1275.04,0.0,0.00093,0.0,9.47915,0.0,116.959,0.0,0.0558
2022-10-01 21:35:00,129.296,2267.98,0.0,0,3.84,105.183,0.0,0.0,25.0355,0.0,0.0,42.8839,19.8544,54.2984,0.0,12.89,0.0,0,1309.86,0.0,0.0,0.0,0.0,0.001526,54.2142,0.0,93.185,25.4025,0.0,0.0,55.8995,0.0,0.0,678.811,0.0,0.0,0.0,0.0,0.0,0.0,0.0,337.908,0.0,0.0,0.0,0.00153,0.0,259.542,0.0,0.0,0.12371,502.97,351.432,63.6,57.8,115.88,0.0,0.0,399,7.79492,0.0,1268.94,0.0,10.035,0.0,7.8092,0.0,124.108,0.0,0.04339
2022-10-01 21:40:00,125.896,2275.45,0.0,0,2.04,106.56,0.0,0.0,25.2309,0.0,0.0,37.1374,21.0532,56.7986,0.0,13.62,0.0,0,1303.19,0.0,0.0,0.0,0.0,0.001526,58.7441,0.0,91.122,24.1392,0.0,0.0,55.635,0.0,0.0,677.969,0.0,0.0,0.0,0.0,0.0,0.0,0.0,321.233,0.0,0.0,0.0,0.00153,0.0,260.723,0.0,0.0,0.14381,500.25,349.746,62.3,58.0,119.385,0.0,0.0,402,8.06592,0.0,1276.14,0.0,0.00093,0.0,9.21547,0.0,115.365,0.0,0.04711
2022-10-01 21:45:00,123.194,2280.14,0.0,0,1.57,106.123,0.0,0.0,21.6917,0.0,0.0,41.532,23.9438,50.8999,0.0,14.05,0.0,0,1304.12,0.0,0.0,0.0,0.0,0.001526,54.4442,0.0,90.3666,24.9573,0.0,0.0,55.2843,0.0,0.0,680.386,0.0,0.0,0.0,0.0,0.0,0.0,0.0,306.096,0.0,0.0,0.0,0.00153,0.0,259.149,0.0,0.0,0.15386,499.26,350.292,62.2,58.1,134.656,0.0,0.0,407,6.70359,0.0,1273.45,0.0,8.44143,0.0,8.84633,0.0,129.086,0.0,0.05454
2022-10-01 21:50:00,122.597,2272.3,0.0,0,0.28,105.202,0.0,0.0,19.137,0.0,0.0,39.9863,26.7039,52.5991,0.0,12.94,0.0,0,1305.0,0.0,0.0,0.0,0.0,0.001526,52.9742,0.0,89.7826,24.8169,0.0,0.0,55.5457,0.0,0.0,677.236,0.0,0.0,0.0,0.0,0.0,0.0,0.0,288.151,0.0,0.0,0.0,0.00153,0.0,261.19,0.0,0.0,0.13376,502.96,352.811,63.2,58.1,143.94,0.0,0.0,402,6.62669,0.0,1269.3,0.0,8.96826,0.0,8.16956,0.0,143.7,0.0,0.04579
2022-10-01 21:55:00,121.099,2283.8,0.0,0,0.0,103.37,0.0,0.0,14.0237,0.0,0.0,46.717,29.7337,52.8956,0.0,14.17,0.0,0,1295.26,0.0,0.0,0.0,0.0,0.001526,52.8442,0.0,88.0433,22.9752,0.0,0.0,55.0197,0.0,0.0,677.346,0.0,0.0,0.0,0.0,0.0,0.0,0.0,275.358,0.0,0.0,0.0,0.00153,0.0,259.954,0.0,0.0,0.12371,506.02,356.973,63.1,57.9,145.28,0.0,0.0,374,6.12131,0.0,1265.03,0.0,12.7008,0.0,7.44005,0.0,145.81,0.0,0.0485
2022-10-01 22:00:00,122.499,2279.48,0.0,0,0.0,104.151,0.0,0.0,11.4064,0.0,0.0,50.312,30.0438,61.5998,0.0,12.92,0.0,0,1306.34,0.0,0.0,0.0,0.0,0.001526,51.8342,0.0,80.6609,20.3409,0.0,0.0,56.8931,0.0,0.0,678.774,0.0,0.0,0.0,0.0,0.0,0.0,0.0,260.099,0.0,0.0,0.0,0.00153,0.0,256.759,0.0,0.0,0.1639,498.15,350.841,63.0,58.0,151.158,0.0,0.0,405,7.53857,0.0,1272.55,0.0,8.94406,0.0,7.77404,0.0,152.079,0.0,0.0478
2022-10-01 22:05:00,122.098,2278.18,0.0,0,0.0,103.661,0.0,0.0,7.40441,0.0,0.0,42.9328,23.0747,55.0993,0.0,12.75,0.0,0,1339.01,0.0,0.0,0.0,0.0,0.001526,54.0242,0.0,81.0798,19.5887,0.0,0.0,55.8103,0.0,0.0,679.727,0.0,0.0,0.0,0.0,0.0,0.0,0.0,250.407,0.0,0.0,0.0,0.00153,0.0,258.856,0.0,0.0,0.08352,250.97,352.903,62.4,57.7,151.509,0.0,0.0,405,6.95628,0.0,1275.84,0.0,0.00093,0.0,7.29943,0.0,161.353,0.0,0.04948
2022-10-01 22:10:00,123.598,2280.65,0.0,0,0.0,102.573,0.0,0.0,7.2755,0.0,0.0,40.6592,17.4643,54.8958,0.0,12.06,0.0,0,1355.9,0.0,0.0,0.0,0.0,0.001526,49.2443,0.0,84.7996,20.5329,0.0,0.0,55.0474,0.0,0.0,679.452,0.0,0.0,0.0,0.0,0.0,0.0,0.0,251.383,0.0,0.0,0.0,0.00153,0.0,257.784,0.0,0.0,0.12371,254.03,352.481,63.0,58.0,153.74,0.0,0.0,403,7.58251,0.0,1277.38,0.0,10.1969,0.0,7.09728,0.0,158.751,0.0,0.04792
2022-10-01 22:15:00,119.895,2271.62,0.0,0,0.0,103.041,0.0,0.0,7.07628,0.0,0.0,32.6711,14.8836,49.6963,0.0,10.61,0.0,0,1348.19,0.0,0.0,0.0,0.0,0.001526,46.5843,0.0,87.3007,20.6528,0.0,0.0,55.4873,0.0,0.0,673.574,0.0,0.0,0.0,0.0,0.0,0.0,0.0,246.769,0.0,0.0,0.0,0.00153,0.0,257.446,0.0,0.0,0.14381,246.98,347.891,61.7,57.9,156.607,0.0,0.0,400,8.19409,0.0,1277.5,0.0,0.00093,0.0,7.00938,0.0,156.861,0.0,0.05119
2022-10-01 22:20:00,116.297,2264.78,0.0,0,0.0,103.582,0.0,0.0,3.86529,0.0,0.0,34.8348,16.014,57.6969,0.0,10.25,0.0,0,1317.62,0.0,0.0,0.0,0.0,0.001526,49.6842,0.0,86.9134,19.511,0.0,0.0,55.7211,0.0,0.0,667.623,0.0,0.0,0.0,0.0,0.0,0.0,0.0,224.649,0.0,0.0,0.0,0.00153,0.0,259.13,0.0,0.0,0.14381,245.36,341.276,61.4,58.1,156.882,0.0,0.0,399,6.19455,0.0,1272.74,0.0,0.0,0.0,5.50643,0.0,161.721,0.0,0.04981
2022-10-01 22:25:00,117.397,2271.4,0.0,0,0.0,100.952,0.0,0.0,0.0,0.0,0.0,38.2467,20.5637,60.498,0.0,10.27,0.0,0,1287.5,0.0,0.0,0.0,0.0,0.001526,46.3543,0.0,85.2122,17.3749,0.0,0.0,55.2843,0.0,0.0,678.133,0.0,0.0,0.0,0.0,0.0,0.0,0.0,220.499,0.0,0.0,0.0,0.00153,0.0,259.011,0.0,0.0,0.12371,248.89,349.727,62.2,57.8,159.87,0.0,0.0,403,4.65278,0.0,1269.79,0.0,6.21123,0.0,5.18123,0.0,165.213,0.0,0.05421
2022-10-01 22:30:00,116.596,2276.77,0.0,0,0.0,98.3422,0.0,0.0,0.0,0.0,0.0,42.8275,21.9028,63.6,0.0,10.27,0.0,0,1283.96,0.0,0.0,0.0,0.0,0.001526,44.3843,0.0,84.3299,17.9772,0.0,0.0,55.1951,0.0,0.0,680.605,0.0,0.0,0.0,0.0,0.0,0.0,0.0,220.938,0.0,0.0,0.0,0.00153,0.0,256.283,0.0,0.0,0.13376,249.14,351.953,62.6,57.8,155.992,0.0,0.0,406,3.94232,0.0,1280.17,0.0,6.34527,0.0,5.74374,0.0,163.349,0.0,0.04968
2022-10-01 22:35:00,114.596,2272.45,0.0,0,0.0,96.7932,0.0,0.0,0.0,0.0,0.0,41.1444,20.5124,64.4983,0.0,9.6,0.0,0,1315.74,0.0,0.0,0.0,0.0,0.001526,45.0643,0.0,79.3786,18.5675,0.0,0.0,56.2779,0.0,0.0,679.965,0.0,0.0,0.0,0.0,0.0,0.0,0.0,234.073,35.9900016785,0.0,0.0,0.00153,0.0,254.424,0.0,0.0,0.13376,124.05,348.177,62.1,57.9,154.454,0.0,0.0,401,2.7393,0.0,1274.55,0.0,0.00093,0.0,3.80133,0.0,162.379,0.0,0.05415
2022-10-01 22:40:00,114.794,2283.82,0.0,0,0.0,95.0014,0.0,0.0,1.83401,0.0,0.0,43.3036,20.0644,60.2989,0.0,8.73,0.0,0,1348.63,0.0,0.0,0.0,0.0,0.001526,41.1644,0.0,80.28,19.8521,0.0,0.0,55.5457,0.0,0.0,679.873,0.0,0.0,0.0,0.0,0.0,0.0,0.0,220.157,90.6399993896,0.0,0.0,0.00153,0.0,252.593,0.0,0.0,0.12371,1.91,354.325,63.0,58.0,154.124,0.0,0.0,406,2.44266,0.0,1272.91,0.0,2.78961,0.0,3.3355,0.0,161.811,0.0,0.04778
2022-10-01 22:45:00,116.899,2275.21,0.0,0,0.0,94.1306,0.0,0.0,0.0,0.0,0.0,37.2869,20.0522,55.2985,0.0,8.36,0.0,0,1356.1,0.0,0.0,0.0,0.0,0.001526,39.1244,0.0,81.3338,19.6903,0.0,0.0,56.161,0.0,0.0,680.129,0.0,0.0,0.0,0.0,0.0,0.0,0.0,218.863,6.86999988556,0.0,0.0,0.00153,0.0,252.657,0.0,0.0,0.13376,0.0,350.656,63.1,58.0,158.98,0.0,0.0,401,2.49393,0.0,1273.16,0.0,6.8479,0.0,3.35308,0.0,157.287,0.0,0.04874
2022-10-01 22:50:00,116.896,2277.79,0.0,0,0.0,94.6309,0.0,0.0,0.0,0.0,0.0,40.7263,19.0048,56.7986,0.0,8.61,0.0,0,1339.5,0.0,0.0,0.0,0.0,0.001526,46.5443,0.0,81.4417,20.6559,0.0,0.0,55.3704,0.0,0.0,679.342,0.0,0.0,0.0,0.0,0.0,0.0,0.0,220.157,44.3300018311,0.0,0.0,0.00153,0.0,254.736,0.0,0.0,0.12371,0.0,351.829,63.1,58.0,157.398,0.0,0.0,402,3.43511,0.0,1271.43,0.0,0.00093,0.0,3.69586,0.0,159.446,0.0,0.05026
2022-10-01 22:55:00,114.497,2279.62,0.0,0,0.0,93.1698,0.0,0.0,0.0,0.0,0.0,40.032,18.7436,54.2984,0.0,7.73,0.0,0,1314.72,0.0,0.0,0.0,0.0,0.001526,50.1242,0.0,83.6888,20.4076,0.0,0.0,55.5765,0.0,0.0,684.524,0.0,0.0,0.0,0.0,0.0,0.0,0.0,221.256,46.6800003052,0.0,0.0,0.00153,0.0,253.838,0.0,0.0,0.14381,0.0,355.786,63.7,58.0,151.718,0.0,0.0,379,2.67704,0.0,1273.16,0.0,14.715,0.0,3.48492,0.0,157.118,0.0,0.05262
2022-10-01 23:00:00,107.694,2274.57,0.0,0,0.0,93.781,0.0,0.0,0.0,0.0,0.0,39.5865,18.5141,56.2985,0.0,7.68,0.0,0,1283.32,0.0,0.0,0.0,0.0,0.001526,49.5843,0.0,78.4011,22.3436,0.0,0.0,56.9239,0.0,0.0,674.563,0.0,0.0,0.0,0.0,0.0,0.0,0.0,219.718,35.9199981689,0.0,0.0,0.00153,0.0,243.484,0.0,0.0,0.12371,0.0,348.131,62.1,57.9,152.125,0.0,0.0,401,2.75761,0.0,1275.94,0.0,0.00093,0.0,3.30913,0.0,150.075,0.0,0.04834
2022-10-01 23:05:00,103.896,2267.86,0.0,0,0.0,95.1709,0.0,0.0,0.0,0.0,0.0,40.6958,16.2338,63.0999,0.0,7.67,0.0,0,1313.18,0.0,0.0,0.0,0.0,0.001526,48.2743,0.0,86.4818,22.4841,0.0,0.0,55.9272,0.0,0.0,661.086,0.0,0.0,0.0,0.0,0.0,0.0,0.0,218.643,81.8600006104,0.0,0.0,0.00153,0.0,243.182,0.0,0.0,0.12371,0.0,350.216,63.3,58.1,147.73,0.0,0.0,402,3.65667,0.0,1277.94,0.0,10.2937,0.0,3.15972,0.0,150.499,0.0,0.0538
2022-10-01 23:10:00,99.5959,2273.42,0.0,0,0.0,99.0015,0.0,0.0,0.0,0.0,0.0,43.1128,13.8534,57.896,0.0,7.65,0.0,0,1351.73,0.0,0.0,0.0,0.0,0.001526,45.5643,0.0,90.7284,22.1635,0.0,0.0,56.3671,0.0,0.0,656.893,0.0,0.0,0.0,0.0,0.0,0.0,0.0,234.098,46.1300010681,0.0,0.0,0.00153,0.0,228.496,0.0,0.0,0.13376,0.0,350.661,62.1,57.8,146.126,0.0,0.0,406,2.99016,0.0,1278.09,0.0,17.338,0.0,3.16851,0.0,144.845,0.0,0.05216
2022-10-01 23:15:00,97.8959,2269.47,0.0,0,0.0,100.971,0.0,0.0,0.0,0.0,0.0,35.053,12.7132,61.5998,0.0,6.7,0.0,0,1357.88,0.0,0.0,0.0,0.0,0.001526,43.3143,0.0,80.7498,19.6911,0.0,0.0,56.4255,0.0,0.0,655.025,0.0,0.0,0.0,0.0,0.0,0.0,0.0,247.16,61.3600006104,0.0,0.0,0.00153,0.0,221.071,0.0,0.0,0.14381,0.0,347.456,61.6,58.1,140.786,0.0,0.0,400,2.52873,0.0,1269.99,0.0,0.65808,0.0,3.0103,0.0,142.937,0.0,0.04828
2022-10-01 23:20:00,100.398,2276.01,0.0,0,0.0,98.5138,0.0,0.0,0.0,0.0,0.0,33.7682,11.4632,60.1971,0.0,7.57,0.0,0,1331.83,0.0,0.0,0.0,0.0,0.001526,41.3444,0.0,74.5353,18.1303,0.0,0.0,55.8103,0.0,0.0,665.426,0.0,0.0,0.0,0.0,0.0,0.0,0.0,236.393,91.3300018311,0.0,0.0,0.00153,0.0,210.286,0.0,0.0,0.12371,0.0,357.849,64.4,58.1,134.008,0.0,0.0,370,2.75212,0.0,1276.48,0.0,14.2645,0.0,2.44779,0.0,130.184,0.0,0.04613
2022-10-01 23:25:00,103.196,2282.6,0.0,0,0.0,97.4797,0.0,0.0,0.0,0.0,0.0,27.0146,12.6131,64.9983,0.0,6.02,0.0,0,1325.85,0.0,0.0,0.0,0.0,0.001526,43.6243,0.0,80.6736,16.6505,0.0,0.0,56.2779,0.0,0.0,662.313,0.0,0.0,0.0,0.0,0.0,0.0,0.0,221.695,100.220001221,0.0,0.0,0.00153,0.0,221.776,0.0,0.0,0.13376,0.0,355.474,63.1,58.0,129.91,0.0,0.0,406,2.5507,0.0,1276.19,0.0,10.6195,0.0,1.88528,0.0,119.448,0.0,0.04556
2022-10-01 23:30:00,107.595,2278.35,0.0,0,0.0,99.5123,0.0,0.0,0.0,0.0,0.0,28.4596,9.91287,66.8967,0.0,7.2,0.0,0,1294.38,0.0,0.0,0.0,0.0,0.001526,41.6244,0.0,75.278,12.5594,0.0,0.0,55.3427,0.0,0.0,658.303,0.0,0.0,0.0,0.0,0.0,0.0,0.0,219.742,103.449996948,0.0,0.0,0.00153,0.0,207.411,0.0,0.0,0.13376,0.0,355.66,63.1,58.0,129.558,0.0,0.0,375,2.51041,0.0,1274.21,0.0,11.2264,0.0,1.7886,0.0,115.29,0.0,0.04875
2022-10-01 23:35:00,113.496,2278.62,0.0,0,0.0,100.1,0.0,0.0,0.0,0.0,0.0,27.5547,8.0647,69.4987,0.0,7.35,0.0,0,1326.44,0.0,0.0,0.0,0.0,0.001526,40.4844,0.0,79.9753,13.21,0.0,0.0,54.4629,0.0,0.0,663.045,0.0,0.0,0.0,0.0,0.0,0.0,0.0,235.685,14.3800001144,0.0,0.0,0.00153,0.0,203.667,0.0,0.0,0.14381,0.0,356.308,63.5,58.0,131.975,0.0,0.0,406,3.26116,0.0,1280.63,0.0,28.0068,0.0,1.17336,0.0,116.313,0.0,0.0473
2022-10-01 23:40:00,116.495,2279.43,0.0,0,0.0,99.3699,0.0,0.0,0.0,0.0,0.0,32.7672,7.54467,70.7997,0.0,8.52,0.0,0,1353.98,0.0,0.0,0.0,0.0,0.001526,38.2244,0.0,77.3283,12.9101,0.0,0.0,55.7211,0.0,0.0,660.793,0.0,0.0,0.0,0.0,0.0,0.0,0.0,251.09,0.0,0.0,0.0,0.00153,0.0,211.513,0.0,0.0,0.14381,0.0,358.311,63.4,58.0,132.481,0.0,0.0,403,3.77386,0.0,1281.85,0.0,0.0121,0.0,1.09425,0.0,100.976,0.0,0.04652
2022-10-01 23:45:00,119.798,2267.73,0.0,0,0.0,97.9005,0.0,0.0,0.0,0.0,0.0,28.9586,6.22385,65.6975,0.0,6.51,0.0,0,1356.66,0.0,0.0,0.0,0.0,0.001526,37.4244,0.0,74.7321,13.2338,0.0,0.0,56.3671,0.0,0.0,659.603,0.0,0.0,0.0,0.0,0.0,0.0,0.0,252.433,0.0,0.0,0.0,0.00153,0.0,214.177,0.0,0.0,0.12371,0.0,348.52,61.6,57.7,129.207,0.0,0.0,403,2.92973,0.0,1270.23,0.0,6.01204,0.0,0.71632,0.0,113.234,0.0,0.05086
2022-10-01 23:50:00,116.996,2266.03,0.0,0,0.0,97.6723,0.0,0.0,0.0,0.0,0.0,25.3605,6.97459,69.2995,0.0,6.49,0.0,0,1328.66,0.0,0.0,0.0,0.0,0.001526,37.3444,0.0,73.0182,12.9831,0.0,0.0,55.8103,0.0,0.0,655.629,0.0,0.0,0.0,0.0,0.0,0.0,0.0,233.341,0.0,0.0,0.0,0.00153,0.0,237.276,0.0,0.0,0.14381,0.0,350.594,62.1,57.8,126.306,0.0,0.0,363,1.88602,0.0,1276.26,0.0,7.62605,0.0,1.23488,0.0,116.759,0.0,0.04691
2022-10-01 23:55:00,120.094,2276.5,0.0,0,0.0,92.5523,0.0,0.0,0.0,0.0,0.0,24.1596,5.52438,76.4992,0.0,6.61,0.0,0,1287.89,0.0,0.0,0.0,0.0,0.001526,34.6945,0.0,75.8303,12.0991,0.0,0.0,55.0474,0.0,0.0,660.866,0.0,0.0,0.0,0.0,0.0,0.0,0.0,220.157,51.5400009155,0.0,0.0,0.00153,0.0,244.28,0.0,0.0,0.15386,0.0,351.471,62.7,58.1,131.173,0.0,0.0,330,1.00343,0.0,1275.99,0.0,8.81561,0.0,0.98878,0.0,123.258,0.0,0.0466
2022-10-02 00:00:00,120.795,2280.38,0.0,0,0.0,90.2916,0.0,0.0,0.0,0.0,0.0,19.0967,5.22286,68.0959,0.0,5.89,0.0,0,1257.73,0.0,0.0,0.0,0.0,0.001526,32.4345,0.0,74.859,10.8566,0.0,0.0,56.0164,0.0,0.0,661.177,0.0,0.0,0.0,0.0,0.0,0.0,0.0,217.423,34.0,0.0,0.0,0.00153,0.0,241.726,0.0,0.0,0.12371,0.0,351.729,62.6,58.0,135.227,0.0,0.0,356,0.34607,0.0,1273.57,0.0,8.44515,0.0,0.95363,0.0,140.667,0.0,0.0488
2022-10-02 00:05:00,117.899,2236.17,0.0,0,0.0,84.3405,0.0,0.0,0.0,0.0,0.0,17.0336,4.22309,67.2994,0.0,5.35,0.0,0,1283.83,0.0,0.0,0.0,0.0,0.001526,29.7346,0.0,70.6822,10.1433,0.0,0.0,55.8688,0.0,0.0,656.691,0.0,0.0,0.0,0.0,0.0,0.0,0.0,218.473,0.0,0.0,0.0,0.00153,0.0,233.513,0.0,0.0,0.14381,0.0,346.747,61.9,57.9,133.436,0.0,0.0,392,0.0,0.0,1277.14,0.0,7.82152,0.0,0.0,0.0,136.256,0.0,0.05145
2022-10-02 00:10:00,114.995,2212.07,0.0,0,0.0,79.0928,0.0,0.0,0.0,0.0,0.0,16.5606,4.10529,69.1977,0.0,5.21,0.0,0,1264.89,0.0,0.0,0.0,0.0,0.001526,29.6245,0.0,62.2968,10.7209,0.0,0.0,55.7519,0.0,0.0,652.333,0.0,0.0,0.0,0.0,0.0,0.0,0.0,221.793,38.9300003052,0.0,0.0,0.00153,0.0,232.909,0.0,0.0,0.12371,0.0,348.169,61.3,58.0,140.512,0.0,0.0,394,0.28382,0.0,1283.29,0.0,0.00093,0.0,0.0,0.0,128.87,0.0,0.04866
2022-10-02 00:15:00,110.395,2197.69,0.0,0,0.0,79.3503,0.0,0.0,0.0,0.0,0.0,13.2631,4.30549,69.2995,0.0,5.76,0.0,0,1268.57,0.0,0.0,0.0,0.0,0.001526,30.1245,0.0,54.87,10.0012,0.0,0.0,55.9272,0.0,0.0,657.167,0.0,0.0,0.0,0.0,0.0,0.0,0.0,219.718,5.09000015259,0.0,0.0,0.00153,0.0,231.051,0.0,0.0,0.13376,0.0,344.841,61.6,57.8,147.192,0.0,0.0,400,0.0,0.0,1275.41,0.0,0.02327,0.0,0.0,0.0,128.995,0.0,0.04945
2022-10-02 00:20:00,110.994,2204.31,0.0,0,0.0,79.5701,0.0,0.0,0.0,0.0,0.0,12.6726,5.07393,67.1976,0.0,5.87,0.0,0,1245.23,0.0,0.0,0.0,0.0,0.001526,30.0046,0.0,49.8045,8.75547,0.0,0.0,55.5765,0.0,0.0,653.89,0.0,0.0,0.0,0.0,0.0,0.0,0.0,219.547,4.07999992371,0.0,0.0,0.00153,0.0,239.565,0.0,0.0,0.13376,0.0,348.207,62.3,57.9,150.191,0.0,0.0,394,1.12612,0.0,1271.25,0.0,0.00093,0.0,0.0,0.0,133.205,0.0,0.04827
2022-10-02 00:25:00,107.196,2219.3,0.0,0,0.0,83.8109,0.0,0.0,0.0,0.0,0.0,10.2632,5.48409,56.0994,0.0,5.9,0.0,0,1212.2,0.0,0.0,0.0,0.0,0.001526,29.6045,0.0,39.0895,8.05246,0.0,0.0,55.0474,0.0,0.0,661.177,0.0,0.0,0.0,0.0,0.0,0.0,0.0,220.23,0.0,0.0,0.0,0.00153,0.0,235.015,0.0,0.0,0.13376,0.0,353.367,63.2,58.0,148.796,0.0,0.0,405,1.32753,0.0,1275.72,0.0,0.00093,0.0,0.0,0.0,132.781,0.0,0.04808
2022-10-02 00:30:00,104.295,2211.85,0.0,0,0.0,84.0914,0.0,0.0,0.0,0.0,0.0,8.30091,6.5034,56.6968,0.0,5.75,0.0,0,1220.84,0.0,0.0,0.0,0.0,0.001526,28.0246,0.0,37.5977,8.25162,0.0,0.0,55.8688,0.0,0.0,657.735,0.0,0.0,0.0,0.0,0.0,0.0,0.0,221.891,0.0,0.0,0.0,0.00153,0.0,233.385,0.0,0.0,0.14381,0.0,351.99,62.7,58.0,147.873,0.0,0.0,405,1.70108,0.0,1276.77,0.0,0.00093,0.0,0.0,0.0,137.879,0.0,0.05041
2022-10-02 00:35:00,94.1991,2180.77,0.0,0,0.0,84.7696,0.0,0.0,0.0,0.0,0.0,7.74624,5.19478,59.2988,0.0,5.73,0.0,0,1253.36,0.0,0.0,0.0,0.0,0.001526,27.5546,0.0,34.481,6.33698,0.0,0.0,55.3704,0.0,0.0,660.298,0.0,0.0,0.0,0.0,0.0,0.0,0.0,220.768,57.8600006104,0.0,0.0,0.00153,0.0,222.307,0.0,0.0,0.15386,0.0,299.988,62.7,58.0,142.215,0.0,0.0,402,1.76333,0.0,1271.16,0.0,0.00093,0.0,0.0,0.0,143.666,0.0,0.04671
2022-10-02 00:40:00,88.4948,2150.55,0.0,0,0.0,88.5814,0.0,0.0,0.0,0.0,0.0,7.66079,5.31441,54.2984,0.0,6.35,0.0,0,1279.76,0.0,0.0,0.0,0.0,0.001526,29.8945,0.0,29.0854,6.71785,0.0,0.0,55.8995,0.0,0.0,651.711,0.0,0.0,0.0,0.0,0.0,0.0,0.0,221.134,46.4099998474,0.0,0.0,0.00153,0.0,218.398,0.0,0.0,0.13376,0.0,300.373,63.2,58.1,140.841,0.0,0.0,401,1.49966,0.0,1274.84,0.0,6.55377,0.0,0.0,0.0,147.366,0.0,0.04797
2022-10-02 00:45:00,84.1994,2113.29,0.0,0,0.0,86.4003,0.0,0.0,0.0,0.0,0.0,8.76402,6.29343,50.2981,0.0,6.54,0.0,0,1282.17,0.0,0.0,0.0,0.0,0.001526,29.3046,0.0,30.1264,9.79968,0.0,0.0,55.4596,0.0,0.0,658.962,0.0,0.0,0.0,0.0,0.0,0.0,0.0,220.23,33.5099983215,0.0,0.0,0.00153,0.0,223.708,0.0,0.0,0.04333,0.0,298.047,62.1,58.1,140.677,0.0,0.0,402,1.24147,0.0,1278.41,0.0,3.30341,0.0,0.0,0.0,139.344,0.0,0.0542
2022-10-02 00:50:00,81.4933,2092.66,0.0,0,0.0,88.8912,0.0,0.0,0.0,0.0,0.0,10.6432,6.79393,49.6963,0.0,6.92,0.0,0,1261.57,0.0,0.0,0.0,0.0,0.001526,30.9845,0.0,29.5107,10.732,0.0,0.0,56.161,0.0,0.0,659.658,0.0,0.0,0.0,0.0,0.0,0.0,0.0,222.354,0.0,0.0,0.0,0.00153,0.0,229.989,0.0,0.0,0.15386,0.0,304.643,63.9,58.0,139.029,0.0,0.0,408,1.91897,0.0,1276.7,0.0,6.95401,0.0,0.0,0.0,131.853,0.0,0.04962
2022-10-02 00:55:00,82.5941,2070.86,0.0,0,0.0,83.2227,0.0,0.0,0.0,0.0,0.0,11.5877,6.69261,48.1962,0.0,6.93,0.0,0,1281.27,0.0,0.0,0.0,0.0,0.001526,30.3245,0.0,27.2763,11.1478,0.0,0.0,55.2843,0.0,0.0,656.563,0.0,0.0,0.0,0.0,0.0,0.0,0.0,223.258,0.0,0.0,0.0,0.00153,0.0,226.445,0.0,0.0,0.15386,0.0,302.998,63.1,57.7,132.733,0.0,0.0,404,1.91165,0.0,1278.55,0.0,4.62329,0.0,0.0,0.0,128.146,0.0,0.05001
2022-10-02 01:00:00,77.0954,2033.28,0.0,0,0.0,88.012,0.0,0.0,0.0,0.0,0.0,11.4244,4.5124,46.0987,0.0,5.74,0.0,0,1276.41,0.0,0.0,0.0,0.0,0.001526,31.1845,0.0,27.0922,9.56323,0.0,0.0,55.1951,0.0,0.0,655.922,0.0,0.0,0.0,0.0,0.0,0.0,0.0,220.304,38.8499984741,0.0,0.0,0.00153,0.0,228.038,0.0,0.0,0.12371,0.0,295.115,60.8,57.8,122.219,0.0,0.0,398,0.99245,0.0,1277.36,0.0,0.02513,0.0,0.0,0.0,126.891,0.0,0.04795
2022-10-02 01:05:00,70.6945,2021.34,0.0,0,0.0,84.1417,0.0,0.0,0.0,0.0,0.0,8.70222,2.04593,47.2979,0.0,3.61,0.0,0,1250.34,0.0,0.0,0.0,0.0,0.001526,33.4545,0.0,25.6703,11.5842,0.0,0.0,55.1643,0.0,0.0,648.689,0.0,0.0,0.0,0.0,0.0,0.0,0.0,223.038,220.759994507,0.0,0.0,0.00153,0.0,228.139,0.0,0.0,0.12371,0.0,206.906,64.0,57.8,114.902,0.0,0.0,375,0.67018,0.0,1280.41,0.0,0.00093,0.0,0.0,0.0,119.771,0.0,0.05532
2022-10-02 01:10:00,64.796,2020.03,0.0,0,0.0,88.4998,0.0,0.0,0.0,0.0,0.0,5.01106,0.92775,58.8961,0.0,2.57,0.0,0,1221.36,0.0,0.0,0.0,0.0,0.001526,30.1345,0.0,19.8558,11.5715,0.0,0.0,56.1025,0.0,0.0,638.252,0.0,0.0,0.0,0.0,0.0,0.0,0.0,239.103,143.160003662,0.0,0.0,0.00153,0.0,227.434,0.0,0.0,0.15386,0.0,209.08,63.5,57.9,109.398,0.0,0.0,406,0.0,0.0,1274.31,0.0,39.8336,0.0,0.0,0.0,122.15,0.0,0.05288
2022-10-02 01:15:00,60.3959,2071.3,0.0,0,0.0,88.0518,0.0,0.0,0.0,0.0,0.0,2.32319,0.26917,65.4984,0.0,1.73,0.0,0,1214.86,0.0,0.0,0.0,0.0,0.001526,26.9346,0.0,19.7859,11.1684,0.0,0.0,55.7519,0.0,0.0,635.817,0.0,0.0,0.0,0.0,0.0,0.0,0.0,252.384,101.800003052,0.0,0.0,0.00153,0.0,225.447,0.0,0.0,0.12371,0.0,197.981,62.2,58.0,104.322,0.0,0.0,400,0.0,0.0,1275.99,0.0,2.58856,0.0,0.0,0.0,122.227,0.0,0.0533
2022-10-02 01:20:00,58.295,2036.75,0.0,0,0.0,87.202,0.0,0.0,0.0,0.0,0.0,0.69734,0.2887,63.9982,0.0,1.59,0.0,0,1203.14,0.0,0.0,0.0,0.0,0.001526,25.4146,0.0,21.4998,9.91632,0.0,0.0,54.7275,0.0,0.0,638.6,0.0,0.0,0.0,0.0,0.0,0.0,0.0,235.441,136.720001221,0.0,0.0,0.00153,0.0,241.946,0.0,0.0,0.13376,0.0,199.314,62.2,58.2,101.378,0.0,0.0,401,0.50721,0.0,1279.09,0.0,0.00093,0.0,0.0,0.0,132.488,0.0,0.04833
2022-10-02 01:25:00,49.4947,2010.43,0.0,0,0.0,87.112,0.0,0.0,0.0,0.0,0.0,0.0,1.63577,69.2995,0.0,1.73,0.0,0,1199.9,0.0,0.0,0.0,0.0,0.001526,21.4547,0.0,19.8939,8.07626,0.0,0.0,55.8688,0.0,0.0,637.391,0.0,0.0,0.0,0.0,0.0,0.0,0.0,218.204,149.36000061,0.0,0.0,0.00153,0.0,256.356,0.0,0.0,0.15386,0.0,195.73,61.9,58.0,101.795,0.0,0.0,402,0.7599,0.0,1274.62,0.0,5.70488,0.0,0.0,0.0,135.202,0.0,0.04915
2022-10-02 01:30:00,44.0936,2020.0,0.0,0,0.0,89.582,0.0,0.0,0.0,0.0,0.0,2.30716,0.74891,68.3968,0.0,2.22,0.0,0,1199.7,0.0,0.0,0.0,0.0,0.001526,18.4447,0.0,16.8596,8.19052,0.0,0.0,55.3427,0.0,0.0,638.069,0.0,0.0,0.0,0.0,0.0,0.0,0.0,219.669,56.9900016785,0.0,0.0,0.00153,0.0,252.428,0.0,0.0,0.14381,0.0,203.159,62.9,57.9,113.298,0.0,0.0,405,0.37537,0.0,1276.21,0.0,7.50318,0.0,0.0,0.0,123.419,0.0,0.0569
2022-10-02 01:35:00,42.4978,2061.87,0.0,0,0.0,91.3319,0.0,0.0,0.0,0.0,0.0,4.30304,0.0,63.0999,0.0,2.45,0.0,0,1202.53,0.0,0.0,0.0,0.0,0.001526,16.2447,0.0,17.5388,7.62478,0.0,0.0,56.5732,0.0,0.0,637.117,0.0,0.0,0.0,0.0,0.0,0.0,0.0,232.389,149.820007324,0.0,0.0,0.00153,0.0,252.749,0.0,0.0,0.12371,0.0,106.632,62.8,58.1,117.308,0.0,0.0,365,0.0,0.0,1277.07,0.0,16.5692,0.0,0.0,0.0,125.431,0.0,0.05372
2022-10-02 01:40:00,44.9937,2035.19,0.0,0,0.0,92.7909,0.0,0.0,0.0,0.0,0.0,4.47852,0.92775,66.2993,0.0,2.4,0.0,0,1173.85,0.0,0.0,0.0,0.0,0.001526,14.3648,0.0,16.7517,8.23496,0.0,0.0,56.1333,0.0,0.0,638.252,0.0,0.0,0.0,0.0,0.0,0.0,0.0,248.82,272.149993896,0.0,0.0,0.00153,0.0,252.593,0.0,0.0,0.13376,0.0,102.039,63.3,58.1,124.746,0.0,0.0,328,0.0,0.0,1276.8,0.0,17.0942,0.0,0.0,0.0,130.785,0.0,0.05078
2022-10-02 01:45:00,39.9972,1986.99,0.0,0,0.0,93.5926,0.0,0.0,0.0,0.0,0.0,5.2781,2.58427,67.7994,0.0,2.56,0.0,0,1160.39,0.0,0.0,0.0,0.0,0.001526,13.7848,0.0,15.3108,7.6708,0.0,0.0,55.4873,0.0,0.0,636.512,0.0,0.0,0.0,0.0,0.0,0.0,0.0,259.074,264.929992676,0.0,0.0,0.00153,0.0,253.399,0.0,0.0,0.12371,0.0,96.8816,61.7,58.1,129.393,0.0,0.0,294,0.0,0.0,1271.67,0.0,12.5295,0.0,0.0,0.0,130.648,0.0,0.05131
2022-10-02 01:50:00,38.5972,1968.88,0.0,0,0.0,93.3791,0.0,0.0,0.0,0.0,0.0,5.15297,3.18303,68.6977,0.0,2.61,0.0,0,1130.73,0.0,0.0,0.0,0.0,0.001526,14.5148,0.0,13.4192,6.47108,0.0,0.0,56.0441,0.0,0.0,639.277,0.0,0.0,0.0,0.0,0.0,0.0,0.0,274.601,188.740005493,0.0,0.0,0.00153,0.0,254.525,0.0,0.0,0.14381,0.0,100.908,62.7,58.1,134.887,0.0,0.0,277,0.0,0.0,1277.36,0.0,14.9217,0.0,0.0,0.0,133.699,0.0,0.04991
2022-10-02 01:55:00,36.1962,1972.08,0.0,0,0.0,88.2905,0.0,0.0,0.0,0.0,0.0,5.26513,4.39399,64.3965,0.0,2.39,0.0,0,1147.58,0.0,0.0,0.0,0.0,0.001526,12.6048,0.0,16.8914,6.51948,0.0,0.0,55.6934,0.0,0.0,638.71,0.0,0.0,0.0,0.0,0.0,0.0,0.0,284.269,137.479995728,0.0,0.0,0.00153,0.0,252.941,0.0,0.0,0.15386,0.0,102.49,63.2,57.9,130.624,0.0,0.0,300,0.30945,0.0,1279.68,0.0,6.08092,0.0,0.0,0.0,136.471,0.0,0.05597
2022-10-02 02:00:00,33.4981,1947.76,0.0,0,0.0,88.751,0.0,0.0,0.0,0.0,0.0,6.63004,5.1252,53.5992,0.0,2.2,0.0,0,1159.44,0.0,0.0,0.0,0.0,0.001526,11.7848,0.0,18.2942,5.48559,0.0,0.0,55.2535,0.0,0.0,634.077,0.0,0.0,0.0,0.0,0.0,0.0,0.0,273.82,141.460006714,0.0,0.0,0.00153,0.0,252.886,0.0,0.0,0.12371,0.0,98.552,60.8,57.9,123.505,0.0,0.0,294,0.0,0.0,1277.72,0.0,0.00093,0.0,0.0,0.0,135.858,0.0,0.0554
2022-10-02 02:05:00,35.9944,1911.97,0.0,0,0.0,91.9097,0.0,0.0,0.0,0.0,0.0,7.75006,5.09468,56.1968,0.0,3.06,0.0,0,1126.65,0.0,0.0,0.0,0.0,0.001526,12.2048,0.0,20.5985,5.77679,0.0,0.0,55.9856,0.0,0.0,634.004,0.0,0.0,0.0,0.0,0.0,0.0,0.0,277.165,257.609985352,0.0,0.0,0.00153,0.0,258.471,0.0,0.0,0.12371,0.0,77.9959,61.1,57.9,115.946,0.0,0.0,263,0.0,0.0,1276.87,0.0,0.0,0.0,0.0,0.0,132.217,0.0,0.05332
2022-10-02 02:10:00,32.7963,1869.14,0.0,0,0.0,91.4512,0.0,0.0,0.0,0.0,0.0,8.89754,4.64301,51.7982,0.0,3.68,0.0,0,1121.33,0.0,0.0,0.0,0.0,0.001526,13.5948,0.0,21.3221,5.19994,0.0,0.0,55.7211,0.0,0.0,630.067,0.0,0.0,0.0,0.0,0.0,0.0,0.0,277.8,375.649993896,0.0,0.0,0.00153,0.0,259.231,0.0,0.0,0.14381,0.0,26.7618,62.1,57.9,116.748,0.0,0.0,223,0.0,0.0,1277.68,0.0,0.88705,0.0,0.0,0.0,138.52,0.0,0.05098
2022-10-02 02:15:00,34.0983,1820.51,0.0,0,0.0,95.3802,0.0,0.0,0.0,0.0,0.0,8.10254,4.35492,53.3957,0.0,3.46,0.0,0,1121.6,0.0,0.0,0.0,0.0,0.001526,15.8648,0.0,20.9285,5.01427,0.0,0.0,54.6075,0.0,0.0,638.05,0.0,0.0,0.0,0.0,0.0,0.0,0.0,275.505,377.029998779,0.0,0.0,0.00153,0.0,260.934,0.0,0.0,0.15386,0.0,-0.57443,61.6,58.0,122.461,0.0,0.0,189,0.0,0.0,1276.53,0.0,7.32261,0.0,0.0,0.0,138.371,0.0,0.05135
2022-10-02 02:20:00,38.695,1819.58,0.0,0,0.0,96.0626,0.0,0.0,0.0,0.0,0.0,5.82818,3.54314,52.8956,0.0,3.06,0.0,0,1097.62,0.0,0.0,0.0,0.0,0.001526,16.8447,0.0,24.3182,5.39434,0.0,0.0,54.9305,0.0,0.0,638.435,0.0,0.0,0.0,0.0,0.0,0.0,0.0,280.925,381.390014648,0.0,0.0,0.00153,0.0,260.064,0.0,0.0,0.13376,0.0,0.0,62.2,57.8,121.626,0.0,0.0,85,0.0,0.0,1275.28,0.0,5.77748,0.0,0.0,0.0,150.395,0.0,0.04827
2022-10-02 02:25:00,40.5973,1825.49,0.0,0,0.0,96.0605,0.0,0.0,0.0,0.0,0.0,5.45815,3.96307,51.2982,0.0,2.37,0.0,0,1119.08,0.0,0.0,0.0,0.0,0.001526,18.0447,0.0,23.8104,5.00633,0.0,0.0,54.9613,0.0,0.0,639.991,0.0,0.0,0.0,0.0,0.0,0.0,0.0,278.508,398.059997559,0.0,0.0,0.00153,0.0,253.994,0.0,0.0,0.15386,0.0,0.0,63.1,57.9,121.802,0.0,0.0,20,0.0,0.0,1274.23,0.0,21.5341,0.0,0.0,0.0,155.32,0.0,0.04802
2022-10-02 02:30:00,43.8943,1828.42,0.0,0,0.0,98.6038,0.0,0.0,0.0,0.0,0.0,5.0103,3.89349,46.8996,0.0,2.49,0.0,0,1124.28,0.0,0.0,0.0,0.0,0.001526,19.3747,0.0,19.6844,5.46337,0.0,0.0,56.4255,0.0,0.0,644.203,0.0,0.0,0.0,0.0,0.0,0.0,0.0,280.705,357.040008545,0.0,0.0,0.00153,0.0,256.146,0.0,0.0,0.15386,0.0,0.0,62.9,57.8,123.713,0.0,0.0,0,0.0,0.0,1281.78,0.0,4.88205,0.0,0.0,0.0,139.584,0.0,0.05464
2022-10-02 02:35:00,45.7942,1827.25,0.0,0,0.0,90.4025,0.0,0.0,0.0,0.0,0.0,4.40986,3.57488,44.8994,0.0,2.19,0.0,0,1106.05,0.0,0.0,0.0,0.0,0.001526,18.3047,0.0,16.4153,4.86748,0.0,0.0,55.8688,0.0,0.0,636.146,0.0,0.0,0.0,0.0,0.0,0.0,0.0,295.207,374.320007324,0.0,0.0,0.00153,0.0,257.766,0.0,0.0,0.12371,0.0,0.0,61.1,57.9,129.877,0.0,0.0,0,0.0,0.0,1278.9,0.0,20.6517,0.0,0.0,0.0,139.846,0.0,0.05795
2022-10-02 02:40:00,49.3937,1786.67,0.0,0,0.0,89.492,0.0,0.0,0.0,0.0,0.0,2.84352,3.64446,44.3994,0.0,2.1,0.0,0,1105.14,0.0,0.0,0.0,0.0,0.001526,16.6448,0.0,12.8859,3.82327,0.0,0.0,55.5181,0.0,0.0,636.091,0.0,0.0,0.0,0.0,0.0,0.0,0.0,277.458,458.299987793,0.0,0.0,0.00153,0.0,254.351,0.0,0.0,0.12371,0.0,0.0,62.3,57.9,129.141,0.0,0.0,0,0.0,0.0,1272.99,0.0,7.7303,0.0,0.0,0.0,135.648,0.0,0.04963
2022-10-02 02:45:00,50.7951,1784.6,0.0,0,0.0,89.9713,0.0,0.0,0.0,0.0,0.0,4.19089,2.9749,46.7978,0.0,2.02,0.0,0,1104.05,0.0,0.0,0.0,0.0,0.001526,16.5448,0.0,11.8132,3.55666,0.0,0.0,54.8136,0.0,0.0,642.171,0.0,0.0,0.0,0.0,0.0,0.0,0.0,279.167,387.149993896,0.0,0.0,0.00153,0.0,253.591,0.0,0.0,0.15386,0.0,0.0,63.2,57.9,123.538,0.0,0.0,0,0.0,0.0,1276.8,0.0,8.97943,0.0,0.0,0.0,136.175,0.0,0.04864
2022-10-02 02:50:00,48.7948,1760.01,0.0,0,0.0,87.4908,0.0,0.0,0.0,0.0,0.0,5.27199,1.35622,50.3999,0.0,2.24,0.0,0,1099.85,0.0,0.0,0.0,0.0,0.001526,15.3948,0.0,9.64224,3.50826,0.0,0.0,55.312,0.0,0.0,635.176,0.0,0.0,0.0,0.0,0.0,0.0,0.0,275.456,493.980010986,0.0,0.0,0.00153,0.0,254.223,0.0,0.0,0.13376,0.0,0.0,61.6,57.7,121.252,0.0,0.0,0,0.0,0.0,1276.72,0.0,1.88301,0.0,0.0,0.0,139.221,0.0,0.05015
2022-10-02 02:55:00,50.798,1777.54,0.0,0,0.0,82.712,0.0,0.0,0.0,0.0,0.0,5.45586,1.28481,56.9977,0.0,1.87,0.0,0,1069.89,0.0,0.0,0.0,0.0,0.001526,13.2648,0.0,7.24279,3.30672,0.0,0.0,54.9613,0.0,0.0,636.348,0.0,0.0,0.0,0.0,0.0,0.0,0.0,278.41,415.089996338,0.0,0.0,0.00153,0.0,247.42,0.0,0.0,0.08352,0.0,0.0,63.4,57.9,121.066,0.0,0.0,0,0.0,0.0,1273.31,0.0,38.1954,0.0,0.0,0.0,137.368,0.0,0.04819
2022-10-02 03:00:00,53.8985,1763.94,0.0,0,0.0,84.8722,0.0,0.0,0.0,0.0,0.0,5.77249,1.7847,52.0991,0.0,1.54,0.0,0,1091.86,0.0,0.0,0.0,0.0,0.001526,12.1348,0.0,4.15143,3.29006,0.0,0.0,55.0197,0.0,0.0,638.453,0.0,0.0,0.0,0.0,0.0,0.0,0.0,277.018,443.399993896,0.0,0.0,0.00153,0.0,241.268,0.0,0.0,0.15386,0.0,0.0,61.5,58.0,124.186,0.0,0.0,0,0.0,0.0,1273.33,0.0,16.2118,0.0,0.0,0.0,145.208,0.0,0.05404
2022-10-02 03:05:00,53.7956,1761.01,0.0,0,0.0,84.3594,0.0,0.0,0.0,0.0,0.0,7.27245,1.16579,52.7983,0.0,1.82,0.0,0,1081.51,0.0,0.0,0.0,0.0,0.001526,10.1749,0.0,4.70369,2.64656,0.0,0.0,55.7519,0.0,0.0,642.482,0.0,0.0,0.0,0.0,0.0,0.0,0.0,280.217,491.950012207,0.0,0.0,0.00153,0.0,232.863,0.0,0.0,0.1639,0.0,0.0,61.5,57.9,130.13,0.0,0.0,0,0.0,0.0,1280.75,0.0,0.0,0.0,0.0,0.0,153.819,0.0,0.05108
2022-10-02 03:10:00,47.5991,1760.7,0.0,0,0.0,82.2808,0.0,0.0,0.0,0.0,0.0,7.17632,0.59632,55.5994,0.0,1.78,0.0,0,1083.0,0.0,0.0,0.0,0.0,0.001526,9.46486,0.0,3.06914,2.5196,0.0,0.0,55.7519,0.0,0.0,645.778,0.0,0.0,0.0,0.0,0.0,0.0,0.0,280.217,496.850006104,0.0,0.0,0.00153,0.0,230.538,0.0,0.0,0.12371,0.0,0.0,61.9,58.0,138.062,0.0,0.0,0,0.0,0.0,1275.92,0.0,5.94502,0.0,0.0,0.0,154.446,0.0,0.0539
2022-10-02 03:15:00,43.5954,1751.47,0.0,0,0.0,83.1411,0.0,0.0,0.0,0.0,0.0,8.40467,0.50599,55.6967,0.0,2.17,0.0,0,1079.83,0.0,0.0,0.0,0.0,0.001526,9.65485,0.0,2.92314,2.37678,0.0,0.0,56.7762,0.0,0.0,638.215,0.0,0.0,0.0,0.0,0.0,0.0,0.0,274.015,489.089996338,0.0,0.0,0.00153,0.0,227.581,0.0,0.0,0.14381,0.0,0.0,61.5,58.2,131.876,0.0,0.0,0,0.0,0.0,1273.35,0.0,0.0,0.0,0.0,0.0,148.652,0.0,0.05504
2022-10-02 03:20:00,36.5972,1768.17,0.0,0,0.0,87.7818,0.0,0.0,0.0,0.0,0.0,8.32837,0.40589,55.0993,0.0,1.92,0.0,0,1052.87,0.0,0.0,0.0,0.0,0.001526,8.20988,0.0,4.38312,2.11017,0.0,0.0,55.8688,0.0,0.0,643.214,0.0,0.0,0.0,0.0,0.0,0.0,0.0,281.193,507.75,0.0,0.0,0.00153,0.0,232.296,0.0,0.0,0.13376,0.0,0.0,62.2,58.0,125.515,0.0,0.0,0,0.0,0.0,1275.06,0.0,4.3366,0.0,0.0,0.0,142.255,0.0,0.05014
2022-10-02 03:25:00,34.0994,1762.55,0.0,0,0.18,89.4606,0.0,0.0,0.0,0.0,0.0,6.0235,0.45655,55.7985,0.0,1.87,0.0,0,1072.43,0.0,0.0,0.0,0.0,0.001526,8.12988,0.0,3.33574,2.66401,0.0,0.0,56.5424,0.0,0.0,639.882,0.0,0.0,0.0,0.0,0.0,0.0,0.0,280.632,517.260009766,0.0,0.0,0.00153,0.0,236.553,0.0,0.0,0.14381,0.0,0.0,62.5,58.0,123.702,0.0,0.0,0,0.0,0.0,1277.09,0.0,5.48707,0.0,0.0,0.0,143.477,0.0,0.05322
2022-10-02 03:30:00,30.6945,1750.59,0.0,0,0.21,89.6217,0.0,0.0,0.0,0.0,0.0,5.48638,0.55604,54.4975,0.0,2.11,0.0,0,1078.34,0.0,0.0,0.0,0.0,0.001526,7.83988,0.0,2.8184,3.07027,0.0,0.0,55.1366,0.0,0.0,641.475,0.0,0.0,0.0,0.0,0.0,0.0,0.0,277.629,479.940002441,0.0,0.0,0.00153,0.0,240.16,0.0,0.0,0.13376,0.0,0.0,60.6,57.5,124.735,0.0,0.0,0,0.0,0.0,1279.04,0.0,0.0,0.0,0.0,0.0,138.883,0.0,0.05218
2022-10-02 03:35:00,30.4978,1755.08,0.0,0,0.52,88.3533,0.0,0.0,0.0,0.0,0.0,5.93118,0.0,49.9972,0.0,1.81,0.0,0,1062.71,0.0,0.0,0.0,0.0,0.001526,6.7799,0.0,4.42121,3.44479,0.0,0.0,56.5424,0.0,0.0,641.639,0.0,0.0,0.0,0.0,0.0,0.0,0.0,279.753,449.040008545,0.0,0.0,0.00153,0.0,242.632,0.0,0.0,0.15386,0.0,0.0,62.1,57.8,118.297,0.0,0.0,0,0.0,0.0,1273.7,0.0,0.0,0.0,0.0,0.0,145.174,0.0,0.05359
2022-10-02 03:40:00,32.9965,1764.36,0.0,0,1.42,90.8191,0.0,0.0,0.0,0.0,0.0,5.95941,0.12879,50.0989,0.0,1.17,0.0,0,1032.24,0.0,0.0,0.0,0.0,0.001526,4.80993,0.0,4.33869,3.02504,0.0,0.0,55.4596,0.0,0.0,639.314,0.0,0.0,0.0,0.0,0.0,0.0,0.0,281.242,454.160003662,0.0,0.0,0.00153,0.0,235.051,0.0,0.0,0.12371,0.0,0.0,62.8,57.9,109.332,0.0,0.0,0,0.0,0.0,1274.97,0.0,4.75918,0.0,0.0,0.0,143.395,0.0,0.0504
2022-10-02 03:45:00,36.1943,1748.15,0.0,0,1.24,90.1409,0.0,0.0,0.0,0.0,0.0,4.61585,0.0,48.8997,0.0,1.33,0.0,0,1059.15,0.0,0.0,0.0,0.0,0.001526,4.96492,0.0,2.98662,2.26966,0.0,0.0,55.0782,0.0,0.0,638.893,0.0,0.0,0.0,0.0,0.0,0.0,0.0,277.165,390.5,0.0,0.0,0.00153,0.0,234.759,0.0,0.0,0.14381,0.0,0.0,60.9,57.8,104.861,0.0,0.0,0,0.25086,0.0,1279.34,0.0,0.00093,0.0,0.0,0.0,140.977,0.0,0.0504
2022-10-02 03:50:00,39.6935,1741.87,0.0,0,1.13,90.1032,0.0,0.0,0.0,0.0,0.0,2.78172,0.0885,40.2,0.0,1.32,0.0,0,1058.12,0.0,0.0,0.0,0.0,0.001526,4.35993,0.0,2.2598,1.77136,0.0,0.0,55.4012,0.0,0.0,637.648,0.0,0.0,0.0,0.0,0.0,0.0,0.0,276.847,466.119995117,0.0,0.0,0.00153,0.0,235.152,0.0,0.0,0.13376,0.0,0.0,60.9,58.1,106.421,0.0,0.0,0,0.25086,0.0,1274.87,0.0,0.0,0.0,0.0,0.0,132.848,0.0,0.0527
2022-10-02 03:55:00,40.4992,1739.48,0.0,0,1.54,87.8509,0.0,0.0,0.0,0.0,0.0,1.51446,0.0,35.2969,0.0,1.26,0.0,0,1037.17,0.0,0.0,0.0,0.0,0.001526,3.98994,0.0,1.96146,1.31591,0.0,0.0,55.8103,0.0,0.0,640.449,0.0,0.0,0.0,0.0,0.0,0.0,0.0,273.893,525.010009766,0.0,0.0,0.00153,0.0,240.096,0.0,0.0,0.14381,0.0,0.0,60.3,58.1,108.992,0.0,0.0,0,0.0,0.0,1275.14,0.0,0.00093,0.0,0.0,0.0,132.665,0.0,0.05621
2022-10-02 04:00:00,45.195,1741.31,0.0,0,1.4,84.9727,0.0,0.0,0.0,0.0,0.0,0.0,0.0,31.2966,0.0,0.96,0.0,0,1002.85,0.0,0.0,0.0,0.0,0.001526,4.29993,0.0,0.0,1.13896,0.0,0.0,55.4288,0.0,0.0,638.105,0.0,0.0,0.0,0.0,0.0,0.0,0.0,274.357,494.399993896,0.0,0.0,0.00153,0.0,249.599,0.0,0.0,0.14381,0.0,0.0,60.4,58.0,109.596,0.0,0.0,0,0.0,0.0,1279.78,0.0,0.0,0.0,0.0,0.0,142.008,0.0,0.05351
2022-10-02 04:05:00,47.5972,1762.55,0.0,0,1.22,84.7696,0.0,0.0,0.0,0.0,0.0,0.0,0.0,32.7967,0.0,0.69,0.0,0,967.642,0.0,0.0,0.0,0.0,0.001526,3.60495,0.0,0.0,0.56767,0.0,0.0,54.8721,0.0,0.0,637.007,0.0,0.0,0.0,0.0,0.0,0.0,0.0,280.241,536.780029297,0.0,0.0,0.00153,0.0,243.74,0.0,0.0,0.14381,0.0,0.0,61.4,58.1,101.015,0.0,0.0,0,0.0,0.0,1275.62,0.0,0.0,0.0,0.0,0.0,139.965,0.0,0.05067
2022-10-02 04:10:00,44.8975,1764.09,0.0,0,1.51,80.8909,0.0,0.0,0.0,0.0,0.0,0.0,0.0,30.9957,0.0,0.0,0.0,0,931.948,0.0,0.0,0.0,0.0,0.001526,2.61496,0.0,0.0,0.36057,0.0,0.0,56.0164,0.0,0.0,635.688,0.0,0.0,0.0,0.0,0.0,0.0,0.0,279.85,616.289978027,0.0,0.0,0.00153,0.0,243.795,0.0,0.0,0.13376,0.0,0.0,61.7,57.9,104.806,0.0,0.0,0,0.0,0.0,1273.09,0.0,0.0,0.0,0.0,0.0,134.374,0.0,0.05537
2022-10-02 04:15:00,43.4968,1765.51,0.0,0,0.97,80.3718,0.0,0.0,0.0,0.0,0.0,0.0,0.0,29.0,0.0,0.2,0.0,0,916.884,0.0,0.0,0.0,0.0,0.001526,1.82997,0.0,0.0,0.0,0.0,0.0,55.6626,0.0,0.0,639.918,0.0,0.0,0.0,0.0,0.0,0.0,0.0,278.776,656.219970703,0.0,0.0,0.00153,0.0,245.782,0.0,0.0,0.12371,0.0,0.0,60.5,58.2,106.08,0.0,0.0,0,0.0,0.0,1279.19,0.0,0.0,0.0,0.0,0.0,137.858,0.0,0.05034
2022-10-02 04:20:00,40.5961,1764.68,0.0,0,1.9,77.2633,0.0,0.0,0.0,0.0,0.0,0.0,0.0,25.7962,0.0,0.0,0.0,0,917.763,0.0,0.0,0.0,0.0,0.001526,1.89497,0.0,0.0,0.0,0.0,0.0,56.7486,0.0,0.0,641.292,0.0,0.0,0.0,0.0,0.0,0.0,0.0,277.824,601.429992676,0.0,0.0,0.00153,0.0,237.066,0.0,0.0,0.13376,0.0,0.0,61.4,58.1,106.651,0.0,0.0,0,0.0,0.0,1280.34,0.0,0.0,0.0,0.0,0.0,135.769,0.0,0.0511
2022-10-02 04:25:00,37.2971,1782.67,0.0,0,2.21,77.8306,0.0,0.0,0.0,0.0,0.0,0.0,0.0,25.097,0.0,0.0,0.0,0,925.063,0.0,0.0,0.0,0.0,0.001526,2.09497,0.0,0.0,0.43436,0.0,0.0,55.838,0.0,0.0,642.5,0.0,0.0,0.0,0.0,0.0,0.0,0.0,282.951,597.150024414,0.0,0.0,0.00153,0.0,227.645,0.0,0.0,0.13376,0.0,0.0,62.6,58.0,98.6862,0.0,0.0,0,0.0,0.0,1277.16,0.0,0.0,0.0,0.0,0.0,138.024,0.0,0.05018
2022-10-02 04:30:00,32.0979,1760.94,0.0,0,2.59,74.8205,0.0,0.0,0.0,0.0,0.0,0.0,0.0,27.9999,0.0,0.0,0.0,0,952.578,0.0,0.0,0.0,0.0,0.001526,1.93497,0.0,0.56812,0.46372,0.0,0.0,54.4322,0.0,0.0,638.508,0.0,0.0,0.0,0.0,0.0,0.0,0.0,276.506,674.280029297,0.0,0.0,0.00153,0.0,216.585,0.0,0.0,0.13376,0.0,0.0,61.3,57.8,95.0826,0.0,0.0,0,0.0,0.0,1274.31,0.0,0.0,0.0,0.0,0.0,142.622,0.0,0.04916
2022-10-02 04:35:00,32.4948,1811.04,0.0,0,4.16,79.5638,0.0,0.0,0.0,0.0,0.0,0.0,0.0,29.2965,0.0,0.0,0.0,0,960.952,0.0,0.0,0.0,0.0,0.001526,2.02497,0.0,1.39016,0.33359,0.0,0.0,56.3087,0.0,0.0,640.284,0.0,0.0,0.0,0.0,0.0,0.0,0.0,277.507,552.909973145,0.0,0.0,0.00153,0.0,217.034,0.0,0.0,0.12371,0.0,0.0,61.9,58.0,97.6974,0.0,0.0,0,0.0,0.0,1277.26,0.0,0.0,0.0,0.0,0.0,135.67,0.0,0.05476
2022-10-02 04:40:00,35.099,1841.7,0.0,0,4.44,78.5737,0.0,0.0,0.0,0.0,0.0,0.0,0.0,29.6992,0.0,0.0,0.0,0,958.12,0.0,0.0,0.0,0.0,0.001526,3.00495,0.0,3.99591,0.42881,0.0,0.0,56.6316,0.0,0.0,641.163,0.0,0.0,0.0,0.0,0.0,0.0,0.0,281.486,602.219970703,0.0,0.0,0.00153,0.0,211.55,0.0,0.0,0.15386,0.0,0.0,61.5,58.0,95.0167,0.0,0.0,0,0.0,0.0,1276.48,0.0,0.0,0.0,0.0,0.0,126.575,0.0,0.04883
2022-10-02 04:45:00,38.6933,1837.5,0.0,0,4.79,77.19,0.0,0.0,0.0,0.0,0.0,0.0,0.0885,30.5975,0.0,-0.07,0.0,0,958.535,0.0,0.0,0.0,0.0,0.001526,3.24495,0.0,2.35184,0.26932,0.0,0.0,55.0474,0.0,0.0,638.765,0.0,0.0,0.0,0.0,0.0,0.0,0.0,276.994,610.75,0.0,0.0,0.00153,0.0,218.315,0.0,0.0,0.13376,0.0,0.0,61.5,58.1,94.0279,0.0,0.0,0,0.0,0.0,1273.5,0.0,0.0,0.0,0.0,0.0,124.824,0.0,0.04992
2022-10-02 04:50:00,35.9967,1841.92,0.0,0,4.64,76.4218,0.0,0.0,0.0,0.0,0.0,0.0,0.09827,30.6992,0.0,-0.06,0.0,0,958.096,0.0,0.0,0.0,0.0,0.001526,2.88496,0.0,2.12967,0.28757,0.0,0.0,56.5424,0.0,0.0,637.135,0.0,0.0,0.0,0.0,0.0,0.0,0.0,280.119,656.539978027,0.0,0.0,0.00153,0.0,227.343,0.0,0.0,0.08352,0.0,0.0,61.7,58.0,88.5786,0.0,0.0,0,0.0,0.0,1271.55,0.0,0.0,0.0,0.0,0.0,112.678,0.0,0.05492
2022-10-02 04:55:00,32.7972,1861.8,0.0,0,5.41,75.9634,0.0,0.0,0.0,0.0,0.0,0.0,0.0,32.3985,0.0,-0.05,0.0,0,965.64,0.0,0.0,0.0,0.0,0.001526,3.23495,0.0,2.28202,0.50498,0.0,0.0,56.9823,0.0,0.0,640.614,0.0,0.0,0.0,0.0,0.0,0.0,0.0,282.39,658.890014648,0.0,0.0,0.00153,0.0,228.396,0.0,0.0,0.14381,0.0,0.0,62.6,58.0,83.8434,0.0,0.0,0,0.0,0.0,1281.41,0.0,0.03072,0.0,0.0,0.0,104.439,0.0,0.05187
2022-10-02 05:00:00,31.3949,1834.67,0.0,0,6.42,80.1101,0.0,0.0,0.0,0.0,0.0,0.0,0.0,27.8981,0.0,0.0,0.0,0,991.69,0.0,0.0,0.0,0.0,0.001526,2.15497,0.0,0.0,0.35978,0.0,0.0,54.2568,0.0,0.0,637.959,0.0,0.0,0.0,0.0,0.0,0.0,0.0,278.264,672.270019531,0.0,0.0,0.00153,0.0,229.174,0.0,0.0,0.15386,0.0,0.0,61.7,58.1,82.0966,0.0,0.0,0,0.0,0.0,1273.72,0.0,0.0,0.0,0.0,0.0,103.392,0.0,0.0559
2022-10-02 05:05:00,33.9964,1845.07,0.0,0,7.0,78.8228,0.0,0.0,0.0,0.0,0.0,0.0,0.0,31.0975,0.0,0.0,0.0,0,1001.41,0.0,0.0,0.0,0.0,0.001526,1.51498,0.0,0.0,0.00034,0.0,0.0,55.4012,0.0,0.0,642.024,0.0,0.0,0.0,0.0,0.0,0.0,0.0,280.681,716.41998291,0.0,0.0,0.00153,0.0,235.061,0.0,0.0,0.12371,0.0,0.0,62.2,58.1,78.5589,0.0,0.0,0,0.0,0.0,1277.41,0.0,0.00093,0.0,0.0,0.0,100.008,0.0,0.05077
2022-10-02 05:10:00,33.8957,1836.28,0.0,0,6.57,80.872,0.0,0.0,0.0,0.0,0.0,0.0,0.0,30.8984,0.0,0.0,0.0,0,1032.22,0.0,0.0,0.0,0.0,0.001526,1.04498,0.0,0.0,0.0,0.0,0.0,55.6934,0.0,0.0,639.991,0.0,0.0,0.0,0.0,0.0,0.0,0.0,279.509,748.179992676,0.0,0.0,0.00153,0.0,232.461,0.0,0.0,0.12371,0.0,0.0,61.6,58.1,75.7354,0.0,0.0,0,0.0,0.0,1281.0,0.0,0.0,0.0,0.0,0.0,105.762,0.0,0.05639
2022-10-02 05:15:00,32.5955,1841.63,0.0,0,5.86,79.7291,0.0,0.0,0.0,0.0,0.0,0.0,0.0,28.1991,0.0,-0.05,0.0,0,1065.45,0.0,0.0,0.0,0.0,0.001526,0.0,0.0,0.0,0.0,0.0,0.0,55.1951,0.0,0.0,639.46,0.0,0.0,0.0,0.0,0.0,0.0,0.0,277.214,691.559997559,0.0,0.0,0.00153,0.0,232.699,0.0,0.0,0.13376,0.0,0.0,61.6,57.9,76.2847,0.0,0.0,0,0.0,0.0,1279.02,0.0,0.00093,0.0,0.0,0.0,107.079,0.0,0.05543
2022-10-02 05:20:00,28.2967,1835.6,0.0,0,4.34,79.9238,0.0,0.0,0.0,0.0,0.0,0.0,0.0,28.3982,0.0,-0.09,0.0,0,1104.75,0.0,0.0,0.0,0.0,0.001526,0.0,0.0,0.0,0.0,0.0,0.0,55.0197,0.0,0.0,638.472,0.0,0.0,0.0,0.0,0.0,0.0,0.0,276.994,629.479980469,0.0,0.0,0.00153,0.0,234.108,0.0,0.0,0.13376,0.0,0.0,61.2,57.9,69.0446,0.0,0.0,0,0.0,0.0,1271.94,0.0,0.0,0.0,0.0,0.0,115.691,0.0,0.05505
2022-10-02 05:25:00,29.4965,1846.66,0.0,0,4.25,81.4519,0.0,0.0,0.0,0.0,0.0,0.0,0.0,25.3979,0.0,-0.04,0.0,0,1120.48,0.0,0.0,0.0,0.0,0.001526,0.0,0.0,0.0,0.0,0.0,0.0,55.838,0.0,0.0,641.841,0.0,0.0,0.0,0.0,0.0,0.0,0.0,280.485,616.780029297,0.0,0.0,0.00153,0.0,241.616,0.0,0.0,0.12371,0.0,0.0,62.2,57.9,60.4202,0.0,0.0,0,0.0,0.0,1270.84,0.0,0.00093,0.0,0.0,0.0,110.379,0.0,0.05248
2022-10-02 05:30:00,33.7965,1841.7,0.0,0,5.94,79.6224,0.0,0.0,0.0,0.0,0.0,0.0,0.0,22.6986,0.0,0.0,0.0,0,1122.11,0.0,0.0,0.0,0.0,0.001526,0.0,0.0,0.0,0.0,0.0,0.0,56.161,0.0,0.0,640.486,0.0,0.0,0.0,0.0,0.0,0.0,0.0,280.974,654.08001709,0.0,0.0,0.00153,0.0,246.835,0.0,0.0,0.13376,0.0,0.0,62.2,57.9,59.6402,0.0,0.0,0,0.0,0.0,1278.46,0.0,0.00093,0.0,0.0,0.0,96.1788,0.0,0.06137
2022-10-02 05:35:00,37.8972,1898.54,0.0,0,7.92,80.7318,0.0,0.0,0.0,0.0,0.0,0.0,0.0,26.0971,0.0,0.05,0.0,0,1143.47,0.0,0.0,0.31472,0.0,0.001526,0.0,0.0,0.0,0.17887,0.0,0.0,55.6626,0.0,0.0,640.376,0.0,0.0,0.0,0.0,0.0,0.0,0.0,278.752,668.950012207,0.0,0.0,0.00153,0.0,241.03,0.0,0.0,0.12371,0.0,0.0,63.3,58.2,59.014,0.0,0.0,0,0.0,0.0,1280.83,0.0,0.00093,0.0,0.0,0.0,92.4849,0.0,0.05894
2022-10-02 05:40:00,37.3973,1956.08,0.0,0,9.63,82.1615,0.0,0.0,0.0,0.0,0.0,0.0,0.0,27.0972,0.0,0.0,0.0,0,1143.28,0.0,0.0,0.48089,0.0,0.001526,0.0,0.0,0.0,0.0,0.0,0.0,56.0441,0.0,0.0,636.055,0.0,0.0,0.0,0.0,0.0,0.0,0.0,279.533,614.659973145,0.0,0.0,0.00153,0.0,239.117,0.0,0.0,0.12371,0.0,0.0,62.3,57.8,57.6077,0.0,0.0,0,0.0,0.0,1274.67,0.0,0.00093,0.0,0.0,0.09033,93.586,0.0,0.06168
2022-10-02 05:45:00,35.9972,1962.21,0.57217,0,12.26,77.0498,0.0,0.0,0.0,0.0,0.0,0.0,0.0,27.8981,0.0,0.0,0.0,0,1137.96,0.0,0.0,0.98444,0.0,0.001526,0.0,0.0,0.0,0.0,0.0,0.0,55.3704,0.0,0.0,636.366,0.0,0.0,0.0,0.0,0.0,0.0,0.0,281.169,610.239990234,0.05,0.0,0.00153,0.0,245.562,0.15479,0.0,0.12371,0.0,0.0,62.2,57.7,58.7942,0.0,0.0,0,0.0,0.0,1276.63,0.0,0.00093,0.81483,0.0,0.16968,98.9328,0.0,0.06178
2022-10-02 05:50:00,30.3973,1966.56,1.22,0,14.91,77.8808,0.52186,0.0,0.0,0.0,0.0,0.0,0.0,24.4997,0.0,0.0,0.0,0,1176.58,0.0,0.0,1.89586,0.22095,0.001526,0.33499,0.0,0.0,0.0,0.0,0.0,55.2843,0.0,0.12565,644.002,0.0,0.0,0.0,0.36061,0.0,0.0,0.0,279.167,611.390014648,0.45,0.0,0.19989,0.0,245.846,0.38802,0.0,0.04333,0.0,0.0,61.4,57.9,58.2888,0.0,0.0,0,0.0,0.0,1279.14,0.19898,0.0,1.1017,0.0,0.2295,91.2312,0.0,0.06343
2022-10-02 05:55:00,25.3975,1970.12,1.53065,0,15.73,75.4108,1.0309,0.0,0.0,0.0,0.0,0.0,0.0,23.7961,0.0,0.0,0.0,0,1216.69,0.0,0.0,2.80224,0.70192,0.001526,0.265,0.0,0.0,0.0,0.0,0.10726,55.7795,0.0,0.22785,639.845,0.0,0.0,0.075,0.93969,0.141001,0.64576,0.004,278.239,568.049987793,0.87,0.0,0.59968,0.0,238.686,0.99085,0.0,0.12371,0.0,0.0,61.2,58.0,59.8709,0.0,0.85023,0,0.0,0.0,1275.33,0.27222,0.00093,1.84634,0.0,0.29054,93.1588,0.0,0.05938
2022-10-02 06:00:00,22.2985,1962.73,2.23159,0,14.71,76.8907,1.81094,0.0,0.0,0.0,0.0,0.0,0.0,20.1984,0.0,0.0,0.0,0,1252.07,0.0,0.0,4.57473,1.16091,0.199893,0.0,0.0,0.0,0.0,0.0,0.49669,55.1643,0.0,0.44046,636.494,0.0,0.0,0.895,1.33978,0.242001,0.96803,0.296,275.895,589.520019531,1.87,0.0,1.49996,0.0,238.833,2.51021,0.0,0.04333,0.0,0.0,60.6,57.8,63.5404,0.0,0.85878,0,0.0,0.0,1276.46,0.0,0.00093,3.09148,0.0,0.41017,94.6834,0.0,0.0
2022-10-02 06:05:00,16.9956,1990.29,2.9219,0,14.42,75.5636,2.78141,0.0,0.0,0.0,0.0,0.0,0.0,20.9994,0.33603,-0.06,1.42953,0,1285.84,0.0,0.0,11.1561,2.68925,0.49897,0.0,0.0,0.0,0.0,0.0,1.0647,55.838,0.0,0.86448,632.63,0.0,0.0,2.153,1.30293,0.292001,1.74929,0.772,271.086,544.460021973,3.06,0.5,2.50095,0.0,232.067,4.50126,0.0,0.12371,0.0,0.0,60.0,58.0,64.4633,0.0,2.96086,0,0.0,0.0,1274.43,0.81666,0.00093,5.1545,0.0,0.55055,86.5107,0.0,0.0
2022-10-02 06:10:00,16.9937,2005.3,4.76187,0,15.37,78.2513,3.95331,0.0,0.0,0.0,0.0,0.0,0.0,19.2957,0.84915,0.0,3.48913,0,1296.68,0.0,0.0,15.0938,5.11116,0.999466,0.0,0.0,0.0,0.0,0.0,2.22682,56.2502,1.06,1.54714,634.48,0.0,0.0,3.424,1.77672,0.392001,3.1165,1.148,278.166,597.429992676,4.51,1.5,4.79896,0.0,221.401,7.44274,0.0,0.08352,0.0,0.0,60.6,57.8,69.6928,0.0,10.3865,0,0.0,0.0,1268.64,1.30007,0.0,8.07813,0.0,0.67019,87.1247,0.0,0.0
2022-10-02 06:15:00,16.5943,1961.33,7.71165,0,14.39,81.8412,6.00046,0.0,0.0,1.60334,0.0,0.0,0.0,20.2958,1.48186,-0.05,6.51078,0,1296.65,0.0,0.54627,21.3328,8.84901,1.70138,0.275,0.0,0.0,0.0,0.0,4.00154,55.2843,5.12,2.39386,638.417,2.6537,0.0,4.996,2.07679,0.442001,4.57893,1.526,277.848,567.340026855,7.17,2.25,7.60052,0.0,217.903,10.8872,0.0,0.12371,0.0,0.0,60.4,57.8,68.748,1.58846,14.7616,0,0.0,0.0,1242.1,2.0325,0.0,11.7342,0.0,0.77029,89.6516,0.0,0.0
2022-10-02 06:20:00,16.6982,1933.87,11.142,0,13.32,82.0108,8.42115,0.0,0.0,8.90249,0.0,0.0,0.0,20.1984,1.61171,-0.05,18.4212,0,1262.01,0.0,1.11391,26.2676,13.1045,2.59861,0.0,0.0,0.0,0.0,0.0,6.08435,56.7762,7.13,3.49504,639.808,5.73541,0.0,6.647,2.21366,0.442001,6.09018,1.968,278.874,556.450012207,9.94,3.5,10.7011,1.037,209.435,15.0049,0.0,0.08352,0.0,0.0,60.1,57.8,70.0664,3.58434,20.5466,0,0.0,0.0,1211.8,2.94316,0.0,15.9945,0.0,1.02054,86.3716,0.0,0.0
2022-10-02 06:25:00,16.0967,1918.19,14.5113,0,12.65,79.5638,11.6512,0.0,0.0,13.098,0.0,0.0,0.0,19.0966,2.7799,-0.07,28.5837,0,1223.94,0.0,1.79751,33.4733,17.4136,3.70031,0.0,0.285,0.0,0.0,0.0,8.92109,55.6934,7.08,4.85606,634.315,9.78393,0.0,8.594,2.33474,0.494001,7.51598,2.43,273.893,549.179992676,13.07,4.75,14.2992,1.897,212.502,19.2496,0.0,0.12371,0.0,0.0,59.1,58.0,73.1756,5.28725,26.3572,0,0.0,0.0,1201.23,4.03693,0.0,20.8774,0.0,1.37944,86.5046,0.0,0.0
2022-10-02 06:30:00,21.0944,1884.84,17.7823,0,13.01,78.6407,15.1302,1.09998,0.0,18.9002,0.0,0.0,0.0,19.1984,4.85734,-0.1,39.5051,0,1193.43,0.0,2.63981,39.5713,22.4869,4.89967,0.315,0.35499,0.0,0.0,0.0,12.2982,56.0164,12.15,6.49523,637.794,13.6915,0.0,10.499,2.70325,1.306,9.73281,2.932,279.142,494.029998779,16.49,6.5,18.0011,2.306,211.916,23.5872,0.0,0.08352,0.0,0.0,60.1,58.0,71.198,18.1231,32.3131,0,0.0,0.0,1180.09,6.10483,0.0,26.2974,0.0,1.55034,90.5355,0.0,0.0
2022-10-02 06:35:00,22.3976,1933.57,21.7012,0,12.8,76.9033,20.0119,1.69997,0.0,24.9977,0.0,0.0,0.0,16.2999,6.20237,-0.05,51.1987,0,1157.05,0.0,3.56756,48.0662,27.4601,6.30045,0.36499,0.46499,0.0,0.0,0.0,16.0824,55.312,5.04,8.15386,638.343,20.3786,0.0,12.482,3.76139,1.557,11.6005,3.83,284.953,476.010009766,20.31,8.25,21.9013,2.731,205.873,29.0094,0.0,0.14381,0.0,0.0,62.7,57.9,68.0888,29.366,38.4655,0,0.0,0.0,1153.72,7.62341,0.0,31.9737,0.0,2.09967,81.2396,0.0,0.0
2022-10-02 06:40:00,21.0975,1936.46,25.8511,0,11.7,74.5316,24.9229,2.29996,0.0,31.8025,0.0,0.0,0.0,16.4991,9.40493,-0.06,63.9357,0,1117.08,0.0,15.9579,55.5086,31.967,7.8996,0.265,0.52499,0.0,0.0,0.0,20.0561,56.3087,4.04,9.85088,637.739,28.8281,0.0,14.545,5.1038,1.808,13.5781,5.712,277.58,491.950012207,24.3,10.25,25.4993,3.162,198.622,34.217,0.0,0.12371,0.0,0.0,60.2,57.9,65.0455,38.2467,44.43,0,0.0,0.0,1126.43,9.10536,0.0,37.9309,0.0,2.34993,81.5094,0.0,0.0
2022-10-02 06:45:00,19.4968,1896.15,30.2612,0,9.82,71.1615,30.2513,3.09995,0.0,39.4999,0.0,0.0,0.0,15.5963,11.1222,-0.06,76.8624,0,1079.73,0.0,25.9434,63.2078,37.7948,9.49874,0.0,0.70499,0.0,0.0,0.0,24.4726,55.4596,4.04,11.5983,637.464,37.9423,0.0,16.458,5.55653,2.109,15.4971,8.004,277.653,431.809997559,28.91,12.25,29.3996,3.698,186.134,39.943,0.0,0.08352,0.0,0.0,60.8,57.8,67.5505,50.6706,52.0693,0,0.0,0.0,1100.94,10.7582,0.0,44.0589,0.0,2.23029,79.4098,0.0,0.0
2022-10-02 06:50:00,19.7956,1844.0,34.581,0,8.4,69.0997,35.8325,3.89994,0.0,46.902,0.0,0.0,0.0,15.1981,11.3249,-0.11,90.3583,0,1036.42,0.0,45.5299,70.4186,42.1234,10.7988,0.0,0.84499,0.0,0.0,0.0,29.2751,56.7486,3.04,13.463,638.142,47.4795,0.0,18.256,6.06718,2.36,17.2964,12.472,279.069,484.0,33.33,14.75,33.1991,4.239,183.653,45.4118,0.0,0.04333,0.0,0.0,60.5,57.7,73.3513,62.472,59.8538,0,0.0,0.0,1067.05,12.1327,0.0,50.4555,0.0,1.98004,72.8667,0.0,0.0
2022-10-02 06:55:00,19.0946,1797.59,38.991,0,8.52,67.0609,41.1719,4.79993,0.0,55.6981,0.0,0.0,0.0,14.2998,15.2929,-0.1,103.949,0,1013.86,0.0,52.5795,77.6597,48.21,12.3003,0.0,0.81499,0.0,0.0,0.0,34.0296,56.1917,11.2,15.2811,639.259,60.5113,0.0,20.246,9.00996,2.66,19.4424,40.98,278.434,435.359985352,38.59,17.25,36.9009,4.748,168.84,51.3094,0.0,0.12371,0.0,0.0,60.2,57.8,72.7471,75.1156,66.1259,0,0.0,0.0,1043.81,13.9272,0.0,56.9741,0.0,2.39021,70.0432,0.0,0.0
2022-10-02 07:00:00,21.0969,1746.22,43.3214,0,8.13,64.593,46.1598,5.79991,0.0,63.6015,0.0,0.0,0.0,15.0963,18.7136,-0.09,116.808,0,1010.71,0.0,60.7401,83.8533,52.9171,14.0002,0.0,0.83499,0.0,0.0,0.0,38.5454,55.4288,27.53,17.153,641.823,71.1664,0.0,22.133,8.70462,2.961,21.3492,17.656,278.508,361.970001221,23.3,19.5,40.4013,5.269,149.128,56.8846,0.0,0.08352,0.0,0.0,60.7,58.1,73.9336,88.4825,74.406,0,0.0,0.0,1011.51,15.5166,0.0,63.7125,0.0,3.74035,67.4516,0.0,0.0
2022-10-02 07:05:00,16.9977,1691.87,47.6014,0,8.0,64.1513,50.4408,6.7999,0.0,71.9993,0.0,0.0,0.0,14.5962,17.7029,-0.07,130.06,0,1011.37,0.0,67.6677,89.9915,55.8517,15.4009,0.0,0.97499,0.0,0.0,0.0,43.3111,56.2502,34.63,18.857,638.508,80.6834,0.0,24.236,9.17842,3.263,22.5553,16.986,275.431,366.339996338,39.37,21.5,42.5009,5.815,141.19,62.0855,0.0,0.08352,0.0,0.0,59.3,57.8,67.3747,100.714,79.9091,0,0.0,0.0,988.556,16.7983,0.0,70.5791,0.0,4.12,58.7613,0.0,0.0
2022-10-02 07:10:00,18.0959,1655.15,51.5708,0,8.14,60.8503,54.9526,8.09988,0.0,80.3971,0.0,0.0,0.0,16.0964,5.3481,-0.06,145.209,0,981.827,0.0,75.2666,95.5557,58.2199,16.8994,0.0,1.19498,0.0,0.0,0.0,48.1075,56.1917,37.65,20.5588,642.976,92.7485,0.0,6.335,9.05734,3.564,25.0089,13.358,280.754,410.209991455,42.47,23.75,43.5996,6.323,126.468,67.3723,0.0,0.08352,0.0,0.0,61.2,57.9,60.5191,114.804,87.8389,0,0.0,0.0,959.819,18.7393,0.0,72.7398,0.0,5.85955,59.9734,0.0,0.0
2022-10-02 07:15:00,16.0955,1631.57,55.8905,0,7.8,60.6095,59.0616,9.49986,0.0,88.8979,0.0,0.0,0.0,17.4991,5.25619,-0.08,157.946,0,968.569,0.0,82.3468,99.7452,60.4929,18.4009,0.0,1.37498,0.0,0.0,0.0,52.8732,57.2161,38.19,22.4778,644.258,102.9,0.0,18.96,11.0999,3.866,0.77028,16.784,286.516,321.950012207,56.19,26.5,42.9007,6.817,120.471,72.7049,0.0,0.08352,0.0,0.0,63.0,58.0,48.6867,128.519,91.8038,0,0.0,0.0,934.916,20.2676,0.00093,83.4272,0.0,2.97983,51.1806,0.0,0.0
2022-10-02 07:20:00,14.7971,1584.42,59.7802,0,7.35,67.2116,64.379,11.0998,0.0,101.601,0.0,0.0,0.0,18.5965,5.0281,-0.06,170.872,0,941.518,0.0,89.9886,98.6374,59.426,19.7009,0.0,1.20498,0.0,0.0,0.0,57.1351,55.8995,41.71,24.3036,645.393,115.448,0.0,12.631,10.6314,4.167,0.18921,12.394,281.242,341.269989014,60.73,29.25,43.1998,7.311,116.452,77.1907,0.0,0.08352,0.0,0.0,62.4,58.1,40.9082,141.74,101.144,0,0.0,0.0,904.447,21.4322,0.0,89.5796,0.0,2.86996,48.2802,0.0,0.0
2022-10-02 07:25:00,13.8946,1550.63,64.2115,0,6.04,71.0422,69.0813,12.6998,0.0,110.102,0.0,0.0,0.0,19.0966,3.5145,-0.05,183.867,0,904.628,0.0,96.9406,98.7079,58.6301,20.9003,0.0,1.53498,0.0,0.0,0.0,61.7206,55.5765,42.72,25.8714,637.226,123.686,0.0,7.03,9.38899,4.418,0.0,13.562,278.483,365.269989014,64.84,32.0,42.6993,7.793,106.702,80.8756,0.0,0.12371,0.0,0.0,61.2,57.9,40.0623,157.762,107.552,0,0.0,0.0,875.906,23.0216,0.0,96.3607,0.0,3.28013,46.0047,0.0,0.0
2022-10-02 07:30:00,12.4951,1532.81,68.0906,0,6.18,66.0017,73.9117,14.4998,0.0,115.801,0.0,0.0,0.0,17.5965,4.38016,-0.05,197.295,0,885.121,0.0,108.678,97.8519,58.508,22.0996,0.0,1.85497,0.0,0.0,0.0,66.3224,55.8995,44.76,27.4043,634.864,128.541,0.0,1.467,13.2688,4.719,0.0,16.108,277.946,322.420013428,68.73,34.75,42.5009,8.257,98.0224,83.6641,0.0,0.08352,0.0,0.0,61.4,57.8,42.8089,164.5,119.02,0,0.0,0.0,845.241,24.528,0.0,102.415,0.0,2.81014,43.9502,0.0,0.0
2022-10-02 07:35:00,11.7968,1528.66,72.1794,0,6.7,70.4917,78.1817,15.0998,0.0,120.299,0.0,0.0,0.0,20.1984,28.5768,-0.06,209.734,0,838.465,0.0,111.772,87.7105,55.2828,22.7985,0.0,1.82497,0.0,0.0,0.0,70.9755,55.5457,44.76,28.8195,633.912,133.647,0.0,0.0,14.0374,5.02,0.0,48.998,261.173,336.859985352,72.8,37.5,40.4013,8.694,85.6901,86.087,0.0,0.12371,0.0,0.0,59.8,58.2,37.9199,168.327,118.14,0,0.0,0.0,820.411,25.7633,0.00093,109.581,0.0,4.08948,43.0506,0.0,0.0
2022-10-02 07:40:00,9.79576,1520.02,75.5991,0,6.28,69.4618,80.5621,18.1997,0.0,123.801,0.0,0.0,0.0,18.6983,24.1213,-0.04,221.17,0,799.5,0.0,113.829,84.9409,57.4142,23.1983,0.0,2.49496,0.0,0.0,0.0,74.9896,55.5765,45.76,29.183,637.739,137.836,0.0,3.55,12.5213,5.271,0.0,54.086,240.25,350.420013428,76.76,40.25,42.2019,9.134,84.1703,87.4826,0.0,0.08352,0.0,0.0,59.9,58.8,36.0632,170.909,113.406,0,0.0,0.0,792.651,27.4186,0.00093,117.589,0.0,7.25974,44.6778,0.0,0.0
2022-10-02 07:45:00,8.39925,1553.1,78.4188,0,6.58,70.8413,84.2902,19.7997,0.0,126.698,0.0,0.0,0.0,16.4991,10.6173,-0.07,228.148,0,764.221,0.0,114.861,85.7265,58.7936,23.6011,0.0,2.49496,0.0,0.0,0.0,79.1552,55.7795,45.76,29.5506,650.557,142.539,0.0,3.161,12.3107,5.522,0.5774,53.94,230.826,299.239990234,81.13,43.0,41.8021,9.571,77.0016,88.6832,0.0,0.08352,0.0,0.0,63.0,58.8,32.2289,174.177,114.781,0,0.0,0.0,768.578,28.8078,0.0,121.611,0.0,4.60952,36.7419,0.0,0.0
2022-10-02 07:50:00,6.19372,1543.77,80.1897,0,6.35,60.373,86.4802,20.1997,0.0,129.102,0.0,0.0,0.0,17.3,7.93011,-0.04,232.037,0,724.889,0.0,110.387,87.6702,58.6349,24.0009,0.0,2.78496,0.0,0.0,0.0,83.3946,55.2535,46.77,29.7861,642.225,147.192,0.36905,1.662,12.6582,5.773,0.26734,53.902,223.185,389.329986572,84.41,45.5,42.2995,10.001,78.2376,89.7432,0.0,0.12371,0.0,0.0,62.6,58.8,25.5711,176.658,111.876,0,0.0,0.0,735.154,29.8503,0.0,124.938,0.0,5.38957,35.957,0.0,0.0
2022-10-02 07:55:00,4.89669,1538.18,80.8296,0,4.29,64.3334,88.4395,12.3998,0.0,130.997,0.0,0.0,0.0,13.4988,3.50426,-0.03,234.585,0,690.343,0.0,86.5095,88.2442,57.2213,24.4007,0.0,3.17495,0.0,0.0,0.0,84.9142,56.2194,46.77,29.7861,637.776,151.442,3.31795,0.0,14.7218,6.074,0.0,54.114,221.427,390.369995117,88.03,48.0,41.6007,10.398,78.7503,89.8189,0.0,0.08352,0.0,0.0,62.5,58.8,23.3078,179.194,112.252,0,0.0,0.0,700.436,30.2239,0.0,128.844,0.0,5.05997,30.4173,0.0,0.0
2022-10-02 08:00:00,3.19577,1521.97,81.1801,0,2.81,56.3917,91.7501,22.1997,0.0,132.501,0.0,0.0,0.0,12.2996,26.8718,-0.05,237.159,0,685.826,0.0,95.1217,87.3378,55.0875,24.8005,0.0,3.38495,0.0,0.0,0.0,84.9388,55.1951,47.77,29.569,635.157,155.299,7.4103,0.0,18.4858,6.275,0.0,54.376,217.618,475.390014648,91.57,50.5,40.0992,10.781,76.2509,88.5684,0.0,0.08352,0.0,0.0,61.8,59.0,21.8906,181.712,111.44,0,0.0,0.0,654.195,29.489,0.0,131.981,0.0,5.88031,27.6036,0.0,0.0
2022-10-02 08:05:00,1.897,1531.74,81.8093,0,2.45,56.3938,90.6917,20.0997,0.0,133.901,0.0,0.0,0.0,9.39673,16.6646,-0.05,239.422,0,687.608,0.0,101.347,87.1868,54.9752,25.0996,0.0,3.24495,0.0,0.0,0.0,84.9101,55.838,47.77,29.6929,639.717,158.844,11.2106,0.0,20.6021,6.526,0.0,54.54,220.938,444.100006104,94.45,53.25,40.0992,11.191,71.078,89.7581,0.0,0.12371,0.0,0.0,62.9,59.0,18.7485,184.157,111.705,0,0.0,0.0,612.543,30.092,0.0,135.064,0.0,4.95987,30.9984,0.0,0.0
2022-10-02 08:10:00,1.29641,1542.43,82.4306,0,2.21,51.6421,91.1421,18.9997,0.0,135.302,0.0,0.0,0.0,9.39673,8.99789,-0.03,241.454,0,689.854,0.0,120.092,87.8363,53.42,25.3986,0.0,3.71494,0.0,0.0,0.0,85.0371,57.1884,47.77,29.7933,638.508,162.178,13.9028,0.0,24.4714,6.777,0.0,54.702,220.352,466.920013428,97.37,55.5,38.7015,11.523,67.0222,90.1335,0.0,0.13376,0.0,0.0,62.3,58.8,18.8254,185.988,110.287,0,0.0,0.0,594.208,30.2483,0.0,136.358,0.0,5.16007,28.5374,0.0,0.0
2022-10-02 08:15:00,1.29641,1544.31,82.5899,0,2.18,54.9829,91.4791,26.3996,0.0,136.902,0.0,0.0,0.0,8.09575,0.99949,-0.02,243.731,0,686.973,0.0,127.996,85.6157,49.8531,25.6001,0.0,3.79494,0.0,0.0,0.0,85.0125,55.1643,48.78,29.7933,646.968,164.715,14.6693,0.0,46.7081,6.978,0.33082,54.814,222.965,415.649993896,98.91,58.25,35.6008,11.875,61.5473,89.9881,0.0,0.08352,0.0,0.0,62.8,58.7,21.8686,187.26,115.055,0,0.0,0.0,578.973,30.2971,0.0363,137.53,0.0,5.0502,28.5716,0.0,0.0
2022-10-02 08:20:00,1.19875,1513.5,82.2713,0,2.0,47.2526,91.6988,13.0998,0.0,138.001,0.0,0.0,0.0,8.09575,0.36768,-0.05,245.696,0,669.371,0.0,128.93,84.8805,46.1445,25.8991,0.0,4.78493,0.0,0.0,0.0,85.0493,56.2194,48.78,29.7933,633.766,167.173,15.3313,0.0,57.5632,7.229,0.0,54.884,218.521,454.029998779,99.87,60.5,34.2001,12.226,56.8505,90.0028,0.0,0.04333,0.0,0.0,59.9,59.0,18.4298,187.993,111.842,0,0.0,0.0,542.692,29.655,0.0,138.83,0.0,7.77978,23.7778,0.0,0.0
2022-10-02 08:25:00,2.19974,1538.01,82.5289,0,2.35,42.6329,92.0797,29.9995,0.0,138.9,0.0,0.0,0.0,8.29931,0.36768,-0.05,247.145,0,647.324,0.0,129.87,54.2396,47.8071,26.1006,0.0,7.10489,0.0,0.0,0.0,85.0289,56.5148,48.78,29.7933,637.849,169.68,15.9649,0.0,50.072,7.429,0.21607,54.964,223.185,330.0,100.77,63.0,34.4991,12.516,54.3511,90.034,0.0,0.00565,0.0,0.0,62.8,58.9,13.5518,188.688,113.653,0,0.0,0.0,533.024,29.9992,0.0,139.812,0.0,8.38038,24.0781,0.0,0.0
2022-10-02 08:30:00,1.6968,1518.36,82.2713,0,3.0,36.642,92.3287,29.1996,0.0,139.498,0.0,0.0,0.0,7.09567,0.36768,-0.06,248.853,0,671.739,0.0,129.833,55.2014,44.079,26.2989,0.0,8.64487,0.0,0.0,0.0,84.9551,56.0441,48.78,29.7933,625.874,171.856,16.5225,0.0,42.6282,7.629,0.0,55.1,219.962,268.730010986,101.51,65.0,32.3018,12.824,48.4276,90.0537,0.0,0.08352,0.0,0.0,59.7,58.9,9.55276,189.256,112.577,0,0.0,0.0,534.782,29.7551,0.0,140.41,0.0,7.6101,23.1992,0.0,0.0
2022-10-02 08:35:00,0.29541,1538.7,66.2108,0,4.0,36.8011,92.2298,28.1996,0.0,139.697,0.0,0.0,0.0,8.49844,0.36768,-0.03,250.465,0,647.959,0.0,108.391,49.2042,47.6753,26.5003,0.0,8.86487,0.0,0.0,0.0,84.8609,55.5181,48.78,29.7933,640.211,174.434,17.1243,0.0,32.8733,7.831,0.0,55.234,220.011,316.019989014,101.76,67.75,34.4991,13.149,49.0593,89.9316,0.0,0.08352,0.0,0.0,62.1,58.6,7.65209,189.824,111.304,0,0.0,0.0,529.02,29.9992,0.0,140.984,0.0,6.83004,21.3877,0.0,0.0
2022-10-02 08:40:00,0.0,1530.69,65.3506,0,2.88,32.891,92.6693,33.5995,0.0,140.102,0.0,0.0,0.0,4.09987,0.36768,-0.05,251.929,0,604.501,0.0,89.543,52.155,48.2979,26.6011,0.0,8.62487,0.0,0.0,0.0,84.8978,55.6934,48.78,29.7933,643.324,174.454,17.6589,0.0,31.6046,8.031,0.0,55.226,219.059,342.570007324,102.0,69.75,34.9996,13.482,41.3321,89.9181,0.0,0.00565,0.0,0.0,61.1,58.9,5.09224,190.199,107.527,0,0.0,0.0,512.784,29.9724,0.0,141.283,0.0,7.10959,20.7529,0.0,0.0
2022-10-02 08:45:00,0.0,1526.73,62.5096,0,2.76,29.2425,92.8707,26.3996,0.0,140.102,0.0,0.0,0.0,4.69726,12.9567,-0.02,253.351,0,564.193,0.0,81.6632,52.9203,46.7768,26.6987,0.0,8.01488,0.0,0.0,0.0,84.9592,54.8444,49.27,29.753,643.837,179.731,18.2023,0.0,36.3109,8.233,0.0,55.228,220.621,359.25,102.3,71.75,33.901,13.747,38.439,90.0262,0.0,0.04333,0.0,0.0,61.8,58.9,0.0,190.52,106.339,0,0.0,0.0,495.474,29.9797,0.0,141.393,0.0,8.15943,18.8119,0.0,0.0
2022-10-02 08:50:00,0.0,1543.04,63.8797,0,1.44,24.1224,93.1197,19.0997,0.0,140.5,0.0,0.0,0.0,3.59983,22.5894,-0.07,254.219,0,538.924,0.0,67.5151,95.9082,45.832,26.6987,0.0,9.10486,0.0,0.0,0.0,84.8527,55.312,49.8,29.753,646.931,181.272,18.6784,0.0,37.506,8.383,0.34546,55.288,222.501,330.510009766,102.36,73.5,32.9,14.048,36.9558,90.1192,0.0,0.08352,0.0,0.0,62.3,58.9,0.0,190.712,105.561,0,0.0,0.0,490.689,30.0847,0.0,141.552,0.0,9.0994,17.9696,0.0,0.0
2022-10-02 08:55:00,0.0,1517.85,60.8316,0,2.23,21.822,93.3504,37.3994,0.0,140.603,0.0,0.0,0.0,2.19707,14.6104,-0.04,255.384,0,506.16,0.0,82.1759,81.1341,46.396,26.7994,0.0,9.37486,0.0,0.0,0.0,85.1149,55.9856,49.8,29.753,638.545,183.427,19.2395,0.0,45.5762,8.584,0.0,55.326,218.668,364.820007324,102.51,75.5,33.6019,14.302,32.6986,90.0719,0.0,0.12371,0.0,0.0,61.1,58.9,0.0,191.005,104.237,0,0.0,0.0,481.924,29.9944,0.0,141.619,0.0,10.3299,18.6679,0.0,0.0
2022-10-02 09:00:00,0.0,1539.99,61.9892,0,2.04,18.77,93.5299,40.0994,0.0,140.603,0.0,0.0,0.0,1.19699,10.3818,-0.07,255.777,0,472.712,0.0,102.287,71.8084,47.7607,26.7994,0.0,9.23486,0.0,0.0,0.0,85.3606,55.958,49.8,29.753,638.453,185.27,19.7847,0.0,53.2517,8.735,0.0,55.322,224.161,314.600006104,102.72,77.5,34.4991,14.548,27.0771,90.0674,0.0,0.08352,0.0,0.0,62.1,58.7,0.0,191.344,104.22,0,0.0,0.0,483.438,30.1457,0.0,141.546,0.0,9.60967,16.4889,0.0,0.0
2022-10-02 09:05:00,0.0,1535.84,66.8401,0,2.66,16.8505,93.5811,29.6996,0.0,140.699,0.0,0.0,0.0,0.89609,7.02157,-0.06,256.034,0,452.131,0.0,132.207,64.0588,46.8525,26.9001,0.0,9.46486,0.0,0.0,0.0,84.7462,55.7795,49.8,29.753,643.617,187.305,20.3405,0.0,67.4233,8.935,0.0,55.25,223.429,321.619995117,102.68,79.25,34.0017,14.872,23.4882,90.1716,0.0,0.04333,0.0,0.0,32.1,58.8,0.88441,191.572,101.878,0,0.0,0.0,482.559,30.0139,0.0,141.686,0.0,10.3201,11.722,0.0,0.0
2022-10-02 09:10:00,0.0,1514.26,70.3899,0,3.95,16.5533,93.6104,35.1995,0.0,140.5,0.0,0.0,0.0,0.69696,1.09888,-0.03,256.102,0,478.499,0.0,125.518,97.0664,43.4955,26.9001,0.0,9.59485,0.0,0.0,0.0,84.9551,56.5732,49.8,29.569,634.846,189.117,20.8343,0.0,76.2938,9.086,0.0,55.374,219.474,246.720001221,102.81,81.0,32.3018,15.113,22.5544,89.9635,0.0,0.04333,0.0,0.0,29.0,58.7,0.0,180.211,103.758,0,0.0,0.0,477.017,29.9235,0.0,141.521,0.0,13.7101,7.68505,0.0,0.0
2022-10-02 09:15:00,0.0,1530.86,68.1304,0,4.93,14.5019,93.7093,38.2994,0.0,140.5,0.0,0.0,0.0,0.0,0.3045,-0.06,255.668,0,457.258,0.0,123.717,102.213,45.8296,27.0008,0.0,9.70485,0.0,0.0,0.0,84.8404,56.6316,49.8,29.4636,638.801,191.252,21.3795,0.0,72.0086,9.236,0.0,55.45,221.744,184.479995728,102.81,82.75,33.1991,15.456,20.0641,90.0723,0.0,0.12371,0.0,0.0,30.0,58.9,0.0,177.079,104.98,0,0.0,0.0,482.998,29.9944,0.0,141.949,0.0,14.4804,9.0486,0.0,0.0
2022-10-02 09:20:00,0.0,1516.84,82.7413,0,5.87,13.0827,93.669,41.2994,0.0,138.797,0.0,0.0,0.0,0.0,0.3045,-0.05,255.004,0,418.048,0.0,124.651,87.1112,42.5116,27.0008,0.0,9.79485,0.0,0.0,0.0,84.9961,54.8444,49.8,29.2311,637.098,186.499,21.9194,0.0,57.2105,9.152,0.0,55.274,220.523,239.11000061,102.76,84.5,31.4015,15.328,18.4344,89.9479,0.0,0.04333,0.0,0.0,30.4,58.7,0.0,169.837,101.733,0,0.0,0.0,477.285,29.926,0.0,141.497,0.0,11.5702,3.81842,0.0,0.0
2022-10-02 09:25:00,0.0,1538.06,73.1193,0,7.32,12.551,93.7313,41.5994,0.0,138.701,0.0,0.0,0.0,0.0,0.3045,-0.02,254.476,0,426.52,0.0,126.629,86.3962,41.4325,27.0008,0.0,9.82485,0.0,0.0,0.0,84.9592,54.9305,49.8,29.1267,644.807,187.144,22.4061,0.0,56.1471,9.5,0.17212,55.79,222.33,211.869995117,102.8,86.0,29.7017,15.869,15.3399,89.9251,0.0,0.12371,0.0,0.0,31.5,59.0,0.0,169.526,105.587,0,0.0,0.0,481.899,30.153,0.0,141.338,0.0,10.8805,2.25101,0.0,0.0
2022-10-02 09:30:00,0.0,1568.75,60.89,0,9.74,8.58225,93.7093,46.3993,0.0,138.502,0.0,0.0,0.0,0.0,0.3045,-0.01,254.219,0,429.548,0.0,124.041,87.4587,42.2992,27.0008,0.0,9.85485,0.0,0.0,0.0,85.0412,55.7519,49.98,29.1082,657.662,179.862,22.8664,0.0,59.0372,9.802,0.60914,55.632,230.777,190.990005493,102.74,87.5,29.9,17.12,12.5017,89.8498,0.0,0.12371,0.0,0.0,32.8,58.8,0.0,163.282,108.202,0,0.0,0.0,481.777,30.2678,0.64877,140.471,0.0,10.3702,0.0,0.0,0.05282
2022-10-02 09:35:00,0.0,1530.32,58.6598,0,12.37,6.38227,93.5994,28.3996,0.0,138.399,0.0,0.0,0.0,0.0,0.3045,-0.06,253.744,0,420.27,0.0,123.644,87.7759,42.3261,27.0008,0.0,9.85485,0.0,0.0,0.0,85.0493,55.4873,49.75,29.0048,639.863,184.928,23.2487,0.0,45.5288,9.953,0.0,54.12,221.305,293.089996338,102.69,89.0,30.6996,13.09,9.37057,89.7417,0.0,0.00565,0.0,0.0,30.4,58.9,0.0,177.409,102.511,0,0.0,0.0,483.242,29.9748,0.0,139.727,0.0,10.5203,0.0,0.0,0.05733
2022-10-02 09:40:00,0.0,1536.3,55.9914,0,14.67,4.87618,91.1495,46.4993,0.0,138.502,0.0,0.0,0.0,0.0,0.3045,-0.03,253.256,0,465.339,0.0,122.814,86.0689,45.9712,27.0008,0.0,9.86485,0.0,0.0,0.0,84.8773,56.6593,49.75,28.886,641.713,180.819,23.7531,0.0,37.5797,7.831,0.0,53.796,222.11,220.570007324,102.7,90.25,33.1991,16.041,9.88327,90.2628,0.0,0.12371,0.0,0.0,31.6,58.9,0.0,164.912,99.8703,0,0.0,0.0,483.096,30.136,0.00093,135.674,0.0,11.1905,0.0,0.0,0.0
2022-10-02 09:45:00,0.0,1565.01,65.6612,0,17.14,1.15128,91.241,48.1993,0.0,138.399,0.0,0.0,0.0,0.0,0.298,-0.04,253.148,0,515.877,0.0,123.766,87.1666,41.391,27.0008,0.0,9.86485,0.0,0.0,0.0,85.2173,56.5424,49.75,28.63,647.444,166.468,24.1974,0.0,32.2047,9.959,0.0,55.464,223.917,154.440002441,102.69,91.5,29.7993,16.935,5.50698,89.8181,0.0,0.12371,0.0,0.0,31.9,58.7,0.0,150.684,100.05,0,0.0,0.0,480.679,30.0993,0.0,134.881,0.0,11.2894,0.0,0.0,0.0
2022-10-02 09:50:00,0.0,1531.49,63.6301,0,23.1,0.0,91.0286,37.0994,0.0,137.802,0.0,0.0,0.0,0.0,0.298,-0.06,252.85,0,551.424,0.0,123.046,87.368,41.3617,27.0008,0.0,9.86485,0.0,0.0,0.0,85.0125,56.161,49.75,28.63,640.101,170.768,24.6913,0.0,34.1525,7.491,0.0,54.848,220.279,149.210006714,102.59,93.0,30.0008,14.062,3.82239,90.0557,0.0,0.00565,0.0,0.0,31.3,59.3,0.0,154.667,101.297,0,0.0,0.0,482.583,29.8186,0.00093,137.243,0.0,12.2794,0.0,0.0,0.0
2022-10-02 09:55:00,0.0,1566.16,64.8302,0,27.78,0.0,90.732,41.2994,0.0,137.499,0.0,0.0,0.0,0.0,0.298,-0.03,252.931,0,591.22,0.0,123.027,87.0911,43.061,27.0008,0.315,9.87485,0.0,0.0,0.0,85.1231,56.7762,49.75,28.63,641.639,164.252,25.2453,0.0,37.0111,7.775,0.28199,55.028,224.942,172.399993896,102.52,94.0,30.8003,5.994,1.01167,89.8286,0.0,0.00565,0.0,0.0,32.5,59.3,0.0,149.549,101.212,0,0.0,0.0,479.287,30.2019,0.0,134.868,0.0,12.2501,0.0,0.0,0.0
2022-10-02 10:00:00,0.0,1561.67,62.1406,0,28.39,0.0,89.7615,38.2994,0.0,137.898,0.0,0.0,0.0,0.0,0.298,-0.07,252.714,0,608.554,0.0,124.291,87.2522,37.6996,27.0008,0.69999,9.73485,0.0,0.0,0.0,84.7217,56.484,49.75,28.5256,645.045,170.396,25.6666,0.0,38.1482,6.684,0.26001,55.79,221.915,124.910003662,102.77,95.25,26.9001,14.796,0.0,90.1416,0.0,0.14381,0.0,0.0,32.3,59.3,0.0,153.87,102.878,0,0.0,0.0,472.939,30.1945,0.00093,135.991,1.00636,9.53032,0.0,0.0,0.0
2022-10-02 10:05:00,0.0,1596.46,62.2999,0,42.52,0.0,89.9703,30.3995,0.0,134.403,0.0,0.0,0.41749,0.0,0.298,-0.03,252.891,0,639.365,0.0,126.152,88.4607,40.0409,27.0985,1.90997,9.84485,0.0,0.0,0.0,85.1435,56.0164,49.75,28.3003,655.098,169.721,25.9639,0.0,41.7596,10.918,0.67262,55.706,229.288,109.86000061,99.05,96.25,27.6997,14.809,0.0,89.9199,0.0,0.00565,0.0,0.0,33.5,59.3,0.0,153.87,103.835,0,0.0,0.0,463.442,30.3996,0.18709,134.887,1.22609,10.1505,0.0,0.0,0.0
2022-10-02 10:10:00,0.0,1551.17,60.8608,0,40.15,0.0,90.2815,52.0992,0.0,134.499,0.0,0.0,0.10925,0.0,0.298,-0.03,252.742,0,617.539,0.0,126.592,88.9945,39.6161,27.0985,3.09495,9.87485,0.43482,0.0,0.0,85.1476,56.5732,49.75,28.3003,644.258,165.864,26.2082,0.0,42.2281,11.179,0.0,54.796,218.668,154.429992676,100.6,97.5,28.9998,18.688,0.0,89.6082,0.0,0.00565,0.0,0.0,31.4,59.3,1.11513,150.666,99.8019,0,0.0,0.0,462.734,29.8723,0.0,135.125,1.65676,9.12992,0.0,0.0,0.0
2022-10-02 10:15:00,0.0,1553.44,66.0409,0,43.51,0.0,87.4617,37.2994,0.0,134.197,0.0,0.0,0.0,0.0,0.298,-0.08,251.983,0,579.257,0.0,126.415,88.5917,39.9286,27.0985,5.81991,9.84485,0.0,0.13919,0.0,85.0166,55.4288,49.37,28.3003,642.17,171.08,26.5056,0.0,41.8122,9.581,0.0,49.828,219.571,75.8499984741,102.15,98.25,28.9998,16.667,0.0,90.0969,0.0,0.12371,0.0,0.0,31.9,59.3,3.47723,155.024,99.8959,0,0.0,0.0,458.119,29.799,0.00093,134.295,2.87846,9.1702,0.0,0.0,0.0
2022-10-02 10:20:00,0.0,1572.27,69.8695,0,42.86,0.0,94.3099,49.0993,0.0,134.197,0.0,0.26017,0.2887,0.0,0.298,0.0,251.752,0,545.418,0.0,121.508,86.0639,40.412,27.0008,7.37489,9.82485,0.4856,0.22409,0.0,85.0289,55.7795,49.37,28.415,640.339,182.591,26.7463,0.0,47.045,10.79,0.0,48.644,220.377,0.0,96.93,99.0,29.2012,14.987,0.0,89.8469,0.0,0.08352,0.0,0.0,33.1,59.3,4.60883,165.525,103.323,0,0.0,0.0,458.486,29.9821,0.00093,134.38,3.95074,9.65972,0.0,0.0,0.0
2022-10-02 10:25:00,0.0,1606.2,74.9699,0,60.86,0.0,10.1826,51.9992,0.0,133.997,0.0,0.0,0.09827,0.0,0.298,0.0,251.305,0,524.398,0.0,120.549,87.8363,40.7929,0.001526,8.81487,0.0,0.0,0.77397,0.0,84.9715,54.9028,49.37,2.25958,647.224,183.256,26.9994,0.0,52.6936,11.293,0.44068,41.212,233.146,210.330001831,99.11,99.0,28.8014,15.982,0.0,89.9865,0.0,0.12371,0.0,0.0,15.1,59.3,14.1231,166.203,104.476,0,0.0,0.0,458.486,29.3962,0.00093,131.298,2.92241,0.19044,0.0,0.0,0.0
2022-10-02 10:30:00,0.0,1521.21,83.1714,0,54.7,0.0,52.2023,51.8992,0.0,133.997,0.0,1.43969,5.93454,0.0,0.298,0.0,251.156,0,464.118,0.0,123.125,87.5795,56.2301,26.9001,9.14486,0.0,0.46656,0.97313,0.0,73.3553,55.1643,49.37,0.11366,629.444,194.505,27.2507,0.0,63.2066,11.659,0.0,37.992,218.473,70.0,98.98,97.5,42.0005,16.421,0.0,89.971,0.0,0.00565,0.0,0.0,12.5,59.3,16.1996,185.447,96.3925,0,0.0,0.0,456.996,29.3083,0.0,133.69,4.24079,0.2002,0.0,0.0,0.0
2022-10-02 10:35:00,0.0,1556.01,77.0515,0,55.64,0.0,92.2115,40.1994,0.0,133.702,0.0,1.48165,5.45235,0.0,0.298,0.0,250.465,0,443.22,0.0,121.349,91.0087,50.3999,27.0008,8.25987,7.91488,0.79664,1.05406,0.0,84.3899,55.5181,49.37,25.3061,644.954,172.249,27.4897,0.0,69.508,10.48,0.30396,36.5,224.991,114.169998169,100.1,90.25,36.0006,19.179,0.0,90.1608,0.0,0.12371,0.0,0.0,19.8,59.3,18.3529,157.267,102.647,0,0.0,0.0,460.244,30.1945,0.0,133.703,4.42536,0.19044,0.0,0.0,0.0
2022-10-02 10:40:00,0.0,1527.98,69.511,0,49.93,0.0,86.092,32.0995,0.0,133.599,0.0,0.44709,6.91234,0.0,0.298,0.0,249.883,0,426.276,0.0,116.692,86.794,0.0,27.0985,10.7548,0.0,0.0,0.21219,0.0,84.9388,55.7211,49.37,22.1553,638.453,184.918,27.6313,0.0,77.7783,11.311,12.8896,44.612,219.132,70.6100006104,97.79,84.5,50.0999,17.301,0.0,89.8217,0.0,0.04333,0.0,0.0,13.7,59.3,16.672,184.358,112.688,0,1.25612,0.0,459.316,28.9421,0.0,133.208,3.50249,0.19044,0.0,0.0,0.0
2022-10-02 10:45:00,0.0,1499.71,61.5193,0,64.6,0.0,94.6285,29.0996,0.0,133.798,0.0,1.55489,5.99435,0.0,0.81853,0.21,249.313,0,426.886,0.0,115.599,86.4617,53.6861,27.0985,12.6748,9.86485,0.67604,0.51847,0.0,84.6889,56.8347,49.37,26.9322,634.205,180.839,27.8136,0.0,72.2771,6.07,1.05837,41.384,220.499,60.1199989319,87.36,82.25,39.0005,4.936,0.0,89.8817,0.0,0.00565,0.0,0.0,21.3,59.3,21.7807,165.333,95.0253,0,1.81094,0.0,462.929,30.0212,0.0,127.416,5.74374,0.2002,0.0,0.0,5.08539
2022-10-02 10:50:00,0.0,1469.97,57.3296,0,67.8,0.0,89.7212,47.3993,0.0,137.101,0.0,1.252,8.77272,1.19699,0.38362,0.42,248.704,0,426.081,0.0,114.238,85.2582,43.0951,27.0008,11.7248,8.10488,0.0,1.20244,0.0,84.6725,55.1643,48.75,28.8686,638.215,174.142,27.9411,0.0,48.1347,12.209,0.0,35.486,218.521,50.2599983215,97.38,87.0,31.2001,19.114,0.0,90.4265,0.0,0.12371,0.0,0.0,27.6,59.3,21.4511,158.256,93.0514,0,5.90158,0.0,463.906,30.0236,0.0,110.704,4.7154,0.2002,0.0,0.0,5.08539
2022-10-02 10:55:00,0.0,1447.9,50.4105,0,67.42,0.0,91.1202,51.9992,0.0,134.403,0.0,1.5671,10.5745,1.29877,0.38362,0.5,248.555,0,430.207,0.0,116.027,91.2101,43.0024,27.0008,11.5548,7.05489,0.92042,2.17761,0.0,85.0084,56.0749,48.75,28.1969,640.468,164.071,28.003,0.0,48.8033,10.188,0.17456,25.024,220.89,102.569999695,101.05,94.5,31.2001,18.977,0.0,89.9392,0.0,0.08352,0.0,0.0,32.0,59.4,26.406,149.073,95.743,0,6.74571,0.0,464.907,0.0,0.0,125.847,3.30913,0.2002,0.0,0.0025,0.0
2022-10-02 11:00:00,0.0,1392.45,68.7995,0,53.65,0.0,89.0217,51.9992,0.0,137.403,0.0,0.84459,8.99489,1.69703,0.2755,1.12,246.224,0,422.296,0.0,116.631,94.2566,42.8559,26.6011,12.0348,8.62487,1.42824,2.7021,0.0,84.947,56.3948,48.83,27.3439,631.239,157.978,28.0632,0.0,52.5357,10.951,0.0,30.436,218.228,194.979995728,101.41,88.75,31.5999,18.826,0.0,89.9397,0.0,0.00565,0.0,0.0,31.1,59.4,23.4836,143.516,95.0936,0,8.25635,0.0,455.751,0.0,0.04561,121.19,2.07864,0.2002,0.0,0.0025,0.0
2022-10-02 11:05:00,0.0,1394.45,70.3394,0,48.7,0.0,84.9091,51.9992,0.0,137.499,0.0,0.0,10.4646,1.79881,0.2755,0.55,245.032,0,428.18,0.0,117.949,94.4228,45.7295,24.4984,15.0748,5.96491,0.0,3.18453,0.0,84.2301,55.5181,48.83,27.4627,643.764,157.626,28.0738,0.0,50.0141,11.96,0.37476,28.296,221.866,169.320007324,99.61,88.75,32.7016,19.047,0.0,89.3531,0.0,0.08352,0.0,0.0,32.7,59.4,25.604,142.948,97.1102,0,11.8819,0.0,459.34,0.0,0.00093,126.757,0.98,0.2002,0.0,0.0,5.07591
2022-10-02 11:10:00,0.49935,1373.87,78.0312,0,46.8,0.0,91.2996,51.8992,0.0,137.3,0.0,0.1854,11.2252,0.89609,0.2755,0.46,250.37,0,426.52,0.0,117.205,89.2312,40.5975,27.1992,20.2747,5.63491,3.596,2.87745,0.0,84.8732,55.0197,48.83,28.1303,634.352,184.434,28.0774,0.0,60.2849,10.955,0.0,42.27,220.108,103.75,99.09,88.25,29.3019,18.963,0.0,85.6221,0.0,0.12371,0.0,0.0,31.3,59.3,33.8329,167.686,99.0585,0,10.8968,0.0,458.754,5.39193,0.00093,127.013,0.0,0.19044,0.0,0.0005,5.07591
2022-10-02 11:15:00,1.89754,1365.52,77.8506,0,36.13,0.0,90.2889,51.9992,0.0,136.902,0.0,0.0,12.5338,2.29885,0.2755,0.97,241.671,0,440.119,0.0,117.412,86.4818,38.8031,27.0985,24.1146,9.84485,6.34141,2.81794,0.0,85.0575,55.4596,48.83,28.2563,638.508,184.102,28.0526,0.0,79.5893,11.553,0.0,50.5,217.691,89.4599990845,80.71,90.5,28.0995,17.661,0.0,81.2068,0.0,0.00565,0.0,0.0,31.2,59.1,27.3179,167.42,97.8109,0,10.2229,0.0,463.442,2.43046,0.00093,126.592,1.16457,0.2002,0.0,0.0,5.07591
2022-10-02 11:20:00,4.4963,1408.62,82.3297,0,35.67,0.0,84.4587,51.9992,0.0,134.499,0.0,0.59434,15.2035,2.99802,0.2755,1.1,249.571,0,458.503,0.0,117.449,85.5905,1.4612,27.0985,22.2347,9.57485,15.8059,2.28235,0.0,84.82,55.635,48.83,27.6941,644.899,187.526,28.0243,8.81,85.5748,10.795,0.23072,34.008,223.722,75.3600006104,53.55,83.25,47.8996,19.241,0.0,73.3521,0.0,0.04333,0.0,0.0,33.2,59.1,27.9222,169.425,104.732,0,12.303,0.0,463.588,8.97597,0.00093,127.617,0.0,0.2002,0.0,0.0005,0.0
2022-10-02 11:25:00,10.8972,1399.07,82.4811,0,38.2,0.0,91.1421,51.9992,0.0,136.003,0.0,1.43816,16.3937,1.69703,0.2755,0.79,240.032,0,435.456,0.0,116.228,87.509,0.16236,27.0985,26.2946,0.0,1.91385,2.84889,0.0,84.9346,55.8688,48.83,27.5476,638.307,196.248,27.8614,13.029,83.5691,12.293,0.0,35.022,222.452,75.6299972534,73.15,99.0,50.0999,5.704,1.13985,89.8219,0.0,0.08352,0.0,0.0,14.6,59.3,24.9558,177.821,103.194,0,10.2815,0.0,463.198,19.5523,0.00093,126.793,0.0,0.19044,0.0,0.0,0.0
2022-10-02 11:30:00,11.5988,1372.34,82.4492,0,39.74,0.0,4.97139,51.9992,0.0,135.302,0.0,0.3563,18.2846,1.39612,0.2755,0.68,234.571,0,429.303,0.0,116.106,90.2483,0.0,27.1992,24.7346,0.0,0.0,3.30593,0.0,4.92262,55.2843,48.83,3.48096,640.12,74.6006,18.4111,17.14,59.4583,11.85,0.0,29.332,221.012,508.910003662,85.76,95.0,45.7999,17.188,2.74205,90.0199,0.0,0.04333,0.0,0.0,13.9,59.2,28.5154,183.552,110.799,0,11.761,0.0,464.882,28.2951,0.00093,129.564,0.0,0.20997,0.0,0.0,0.0
2022-10-02 11:35:00,10.0976,1333.52,40.592,0,39.01,0.0,84.6711,51.4992,0.0,135.103,0.0,0.4036,14.4637,0.79873,15.4168,2.22,220.289,0,424.005,0.0,102.074,90.3692,0.0,27.1992,22.7647,5.26492,7.19835,3.6368,0.0,18.5109,56.7486,2.74,20.9521,600.183,76.1515,6.77131,0.0,66.2283,12.408,26.8962,18.154,221.915,373.239990234,83.33,97.0,46.3004,8.237,1.29549,89.6271,0.0,0.08352,0.0,0.0,18.5,59.2,33.0089,184.038,109.671,0,12.3506,0.0,458.095,23.2096,0.0,144.036,0.0,0.20997,0.0,0.0,0.0
2022-10-02 11:40:00,8.89685,1339.86,54.4196,0,48.86,0.0,85.2387,51.9992,0.0,134.698,0.0,0.0,21.8039,1.19699,13.5921,0.1,227.688,0,431.965,0.0,110.43,94.74,52.7755,27.0985,24.8046,8.08488,7.55383,3.55825,0.0,78.0165,55.6626,46.96,29.8936,589.398,162.369,26.6755,0.0,97.5881,11.912,14.7817,18.296,222.33,235.429992676,48.46,65.5,39.0005,5.909,0.0,89.7508,0.0,0.12371,0.0,0.0,25.2,59.2,30.9764,157.588,89.7701,0,16.1373,0.0,455.507,29.8259,0.0,144.836,0.0,0.2002,0.0,0.0,0.0
2022-10-02 11:45:00,11.0943,1352.32,47.3811,0,56.19,0.0,75.4022,51.8992,0.0,133.997,0.0,0.70802,13.005,3.09979,1.26387,0.07,223.175,0,430.5,0.0,120.476,96.447,49.2036,26.6987,21.2247,7.55488,7.50939,3.34719,0.0,84.9306,56.5424,48.96,27.9962,565.777,154.111,27.6667,0.0,62.617,12.48,0.88502,18.126,218.106,313.890014648,55.22,80.75,37.0993,10.512,0.0,72.4534,0.0,0.00565,0.0,0.0,29.2,59.4,33.2067,140.101,82.0026,0,11.9625,0.0,462.172,29.301,0.0,147.588,0.0,0.2002,0.0,0.0,0.0
2022-10-02 11:50:00,18.7945,1339.21,69.2509,0,54.82,0.0,79.8297,52.0992,0.0,133.4,0.0,1.24666,16.954,2.3962,0.31336,0.55,228.379,0,423.346,0.0,117.498,85.4092,49.1597,27.1992,23.4146,9.86485,7.47131,3.31069,0.0,84.992,56.0441,48.96,27.1165,569.457,161.332,25.9445,0.0,104.242,12.483,0.0,55.988,219.156,283.880004883,74.76,66.75,35.3018,9.37,0.0,76.8128,0.0,0.12371,0.0,0.0,32.2,59.1,34.1955,146.326,86.2495,0,14.6761,0.0,465.419,29.9602,0.0,146.715,0.0,0.2002,0.0,0.0255,0.0
2022-10-02 11:55:00,17.9929,1345.36,59.9501,0,48.12,0.0,91.3692,51.3992,0.0,133.997,0.0,2.71839,15.6735,5.39643,0.31336,-0.17,248.067,0,429.059,0.0,109.709,85.8473,40.4022,27.1992,25.0546,9.81485,7.80774,2.8719,0.0,85.2869,56.1333,48.96,27.2681,565.923,151.371,25.902,0.0,99.6781,11.004,0.0,53.79,219.181,309.230010986,87.76,69.0,29.1005,10.719,0.0,88.6721,0.0,0.08352,0.0,0.0,32.1,59.5,33.5363,137.83,95.3927,0,10.7027,0.0,459.706,29.8528,0.0,148.241,0.0,0.2002,0.0,0.0045,5.0624
2022-10-02 12:00:00,23.0978,1379.22,59.1111,0,47.85,0.0,78.2513,46.2993,0.0,134.1,0.0,1.31304,18.8229,6.69741,0.31336,0.0,247.864,0,437.409,0.0,106.902,87.5846,55.0216,22.7985,19.5347,9.84485,6.75401,3.09328,0.0,83.0874,55.1951,48.96,27.646,568.633,179.198,25.4081,0.0,99.7728,12.611,0.35767,46.48,225.333,225.960006714,89.88,54.0,29.2012,10.578,0.0,81.0441,0.0,0.08352,0.0,0.0,33.5,60.0,31.9542,163.246,94.2562,0,11.0872,0.0,466.518,30.3533,0.0,138.805,0.0,0.20997,0.0,0.0,0.0
2022-10-02 12:05:00,25.9961,1382.05,67.379,0,47.67,0.0,66.6203,43.8993,0.0,132.899,0.0,4.21912,18.4726,9.59587,1.18336,-0.03,247.782,0,441.242,0.0,104.088,88.35,48.52,26.9001,13.7048,9.85485,6.78575,1.29369,0.0,80.9697,55.4596,48.79,27.5425,567.077,159.791,25.7834,0.0,98.2409,4.617,0.28443,38.648,224.454,205.720001221,87.51,39.0,33.6996,12.625,3.09911,85.6968,0.0,0.00565,0.0,0.0,33.2,60.1,33.9757,144.981,91.0689,0,12.9842,0.0,461.733,30.385,0.0,147.985,0.0,0.2002,0.0,0.0,5.05114
2022-10-02 12:10:00,32.3979,1344.38,72.3998,0,40.51,0.0,70.0993,33.1995,0.0,134.403,0.0,3.093,16.6635,11.6978,16.3942,0.36,247.294,0,428.4,0.0,97.1725,85.8322,50.2193,10.0999,17.0147,9.84485,3.06279,1.17705,0.0,84.9551,56.3363,48.79,29.824,564.861,203.579,25.8312,0.0,92.4712,3.436,0.0,23.794,221.5,218.300003052,93.56,52.0,36.6018,5.245,23.2776,89.861,0.0,0.12371,0.0,0.0,31.6,60.0,34.6569,171.449,64.4254,0,12.5448,0.0,460.097,29.7575,0.0,146.392,0.0,0.2002,3.28435,0.0,0.0
2022-10-02 12:15:00,25.2974,1329.29,63.3991,0,40.36,0.0,86.8208,41.2994,0.0,134.499,0.0,0.89265,11.4241,10.2995,14.8987,0.25,248.758,0,425.934,0.0,75.4253,85.4243,53.901,21.9989,19.0947,9.86485,1.43459,1.45556,0.0,84.8732,56.1917,49.78,27.8211,568.01,187.687,18.2784,11.733,91.85,6.05,0.0,23.196,220.133,186.029998779,47.57,37.0,39.0005,5.514,55.0835,89.8903,0.0,0.12371,0.0,0.0,31.2,60.0,35.0634,163.85,61.5372,0,11.772,0.0,459.096,29.6599,0.0,138.524,0.69874,0.2002,9.55398,0.0,5.08282
2022-10-02 12:20:00,18.7969,1321.28,68.3906,0,36.54,0.0,95.9689,32.9995,0.0,124.302,0.0,2.45212,16.9027,7.09567,24.96,-0.13,249.015,0,409.088,0.0,101.152,83.7576,51.2837,16.0998,15.7348,3.10495,1.98685,1.55633,0.0,84.9306,56.1917,49.97,20.7299,526.316,190.447,23.8965,0.0,101.063,8.758,0.0,15.94,218.497,202.039993286,29.37,66.75,39.202,4.668,83.8315,88.9988,0.0,0.00565,0.0,0.0,10.5,59.9,36.6345,171.485,55.7522,0,10.9261,0.0,459.096,28.217,0.0,142.278,0.0,0.20997,15.2279,0.0,5.08282
2022-10-02 12:25:00,27.3969,1328.78,77.5002,0,0.0,0.0,9.64065,37.1994,0.0,122.4,0.0,1.47555,16.755,0.0,3.06624,-0.08,247.66,0,419.538,0.0,87.3152,93.1941,59.3039,0.001526,15.9448,0.0,0.0,2.29029,0.0,84.9592,55.958,49.97,1.96538,555.925,166.609,25.6276,0.0,78.6943,6.442,4.90852,16.148,218.448,423.410003662,29.06,72.5,43.3005,4.646,47.2374,85.7433,0.0,0.00565,0.0,0.0,13.5,59.9,37.6013,150.199,58.4012,0,1.84939,0.0,461.391,25.8659,0.0,141.588,0.0,0.19044,8.93568,0.0,5.10724
2022-10-02 12:30:00,22.5996,1337.57,80.3597,0,0.0,0.0,0.28016,34.0995,0.0,109.8,0.0,0.0,15.0436,0.0,0.31261,0.29,251.183,0,424.225,0.0,73.0816,84.7647,0.0,27.1992,14.2448,0.0,0.03174,2.26966,0.0,4.38042,56.3087,2.18,0.09558,558.745,61.7903,0.0,0.0,80.0631,4.504,0.99977,41.084,220.938,604.570007324,103.04,77.75,50.2007,12.717,39.7482,68.0164,0.0,0.12371,0.0,0.0,13.5,59.9,41.3257,157.139,117.097,0,2.12955,0.0,467.348,23.0289,0.0,137.066,0.62843,0.20997,0.35218,0.0,5.05926
2022-10-02 12:35:00,24.3945,1335.69,82.189,0,30.08,0.59343,63.8004,29.1996,0.0,100.2,0.0,0.20066,14.9142,4.49813,21.4344,0.33,251.983,0,425.348,0.0,67.1305,82.0355,52.9683,27.1992,13.3648,0.0,0.58082,1.82531,0.0,66.2548,55.7519,0.11,6.30374,561.821,104.129,18.312,0.0,83.7744,10.829,14.1445,53.036,218.18,167.699996948,90.84,94.25,40.0992,8.329,12.3369,69.8747,0.0,0.00565,0.0,0.0,13.5,60.1,30.7896,155.775,114.029,0,8.46876,0.0,466.42,22.9117,0.0,148.254,0.0,0.20997,0.20447,0.0,5.10527
2022-10-02 12:40:00,20.2958,1371.94,77.4497,0,28.45,0.0,52.0522,28.6996,0.0,111.503,0.0,0.0,11.9539,3.99809,18.5016,0.71,231.373,0,434.406,0.0,84.2756,84.1302,60.0412,22.7985,12.9148,4.72493,3.49126,2.8235,0.0,81.1909,55.5765,0.11,6.05184,564.422,140.646,24.3921,0.0,65.6756,6.188,11.5834,54.406,223.282,173.559997559,75.8,77.75,43.5019,16.806,4.93019,64.2121,0.0,0.08352,0.0,0.0,15.2,59.9,33.9647,164.079,111.791,0,11.1678,0.0,461.196,26.9548,0.0,144.793,0.0,0.20997,0.0,0.0,5.10527
2022-10-02 12:45:00,18.7938,1360.13,82.3005,0,33.25,0.0,45.1527,26.1996,0.0,111.702,0.0,0.0,7.81323,3.89631,19.4724,0.46,227.295,0,427.863,0.0,83.6835,84.0346,57.5045,27.1992,12.6248,9.84485,3.53887,1.35717,0.0,72.1469,55.1366,0.11,23.6749,565.978,165.521,22.9619,0.0,79.5103,9.294,12.6796,55.118,219.351,100.339996338,78.43,91.0,43.3005,13.912,0.0,84.592,0.0,0.00565,0.0,0.0,14.5,59.9,33.7999,113.046,109.244,0,11.7317,0.0,455.556,27.9899,0.0,147.997,0.83058,0.20997,0.0,0.0,5.10527
2022-10-02 12:50:00,19.6966,1350.97,81.6792,0,26.79,0.0,50.4701,34.2995,0.0,110.699,0.0,0.0,7.18456,3.59983,13.1604,0.25,198.257,0,433.112,0.0,110.851,82.7555,56.1666,27.0985,11.2948,7.36489,6.56992,1.91101,0.0,79.1265,54.9305,0.11,21.5368,562.261,161.684,16.0888,0.0,91.2446,6.338,16.6519,55.098,218.448,186.940002441,94.38,72.0,40.7004,18.372,0.0,62.7077,0.0,0.04333,0.0,0.0,21.3,59.9,32.8551,118.997,113.611,0,9.2781,0.0,452.455,16.0464,0.00093,109.178,0.0,0.2002,0.0,0.0,5.10527
2022-10-02 12:55:00,17.0941,1426.07,61.0812,0,33.34,0.0,54.612,40.9994,0.0,73.7022,0.0,0.0,6.88304,5.39643,7.94726,-0.03,193.691,0,461.872,0.0,114.757,82.4585,52.3702,27.0985,9.21486,6.7549,6.58262,1.55315,0.0,84.5292,55.7795,27.14,17.5995,585.662,126.073,10.7309,0.0,57.9843,4.821,2.61601,55.158,241.715,76.9100036621,95.66,92.0,35.3994,4.793,0.0,66.4619,0.0,0.00565,0.0,0.0,16.1,60.1,46.5223,133.793,97.6229,0,9.2726,0.0,459.316,19.3204,1.11975,121.794,0.0,0.2002,0.0,0.0,5.10527
2022-10-02 13:00:00,17.5983,1400.22,61.7105,0,32.75,0.0,49.5399,35.1995,0.0,115.801,0.0,0.87968,1.90616,4.49813,8.3113,0.0,210.655,0,442.731,0.0,86.4118,82.6196,41.7841,27.0008,8.36487,5.07492,6.61436,1.55236,0.0,58.411,55.7519,48.77,19.4724,592.547,95.0648,9.70074,0.0,23.3817,7.707,3.20928,55.378,233.317,62.5900001526,59.59,65.25,40.1999,9.985,0.0,43.9191,0.0,0.12371,0.0,0.0,27.0,60.1,39.6997,120.664,98.1357,0,10.2522,0.0,456.386,15.2505,0.00093,108.653,0.0,0.2002,0.0,0.0,5.0642
2022-10-02 13:05:00,17.3957,1380.37,52.2106,0,34.17,0.0,66.6423,36.6994,0.0,111.798,0.0,0.0,2.4744,3.49805,8.95386,0.26,204.991,0,433.259,0.0,112.084,83.7224,56.3668,27.0985,9.11486,9.86485,4.40534,1.14611,0.0,80.5724,55.958,50.8,12.3638,599.414,101.248,19.2024,0.0,13.8848,4.01,9.21035,55.144,221.842,233.929992676,64.14,69.0,40.9995,6.675,0.0,53.1363,0.0,0.04333,0.0,0.0,32.7,60.1,50.5324,133.829,91.4107,0,12.4239,0.0,465.078,14.8061,11.4442,98.4482,0.0,0.2002,0.0,0.0,5.03652
2022-10-02 13:10:00,18.5991,1348.87,62.8893,0,38.5,0.0,64.4413,31.1995,0.0,109.8,0.0,0.0,6.89525,4.59991,9.06394,0.48,233.013,0,431.94,0.0,117.327,83.8986,54.88,27.0985,8.44487,9.86485,6.9127,0.21457,0.0,84.7299,56.4563,41.46,12.7841,595.019,101.571,19.9352,0.0,9.46796,6.961,6.61509,53.488,221.598,191.679992676,85.65,86.75,40.1999,4.127,0.0,37.0129,0.0,0.13376,0.0,0.0,31.2,60.1,45.6983,180.678,82.6947,0,8.85512,0.0,469.253,28.7663,0.02885,93.0892,0.0,0.20997,0.0,0.0015,0.0
2022-10-02 13:15:00,18.4951,1325.95,59.1802,0,34.89,0.43539,84.9714,29.1996,0.0,77.3003,0.0,0.51575,6.32273,6.69741,1.54157,0.0,188.745,0,422.321,0.0,113.951,54.9396,53.8619,27.0985,7.99488,9.87485,6.16367,0.84141,0.0,84.7217,55.3427,36.4,26.3516,593.976,101.309,18.0324,0.0,6.15667,3.701,4.34699,52.248,221.402,119.849998474,93.81,45.25,40.8011,2.725,0.0,71.2022,0.0,0.04333,0.0,0.0,31.2,59.8,48.7196,158.924,71.9451,0,9.72488,0.0,464.663,29.4011,0.00093,88.7373,0.0,0.20997,0.0,0.0,5.09794
2022-10-02 13:20:00,15.1965,1396.09,29.9001,0,34.4,1.18896,88.2197,22.1997,0.0,87.2019,0.0,0.76295,6.17563,7.59571,0.75514,-0.04,190.764,0,440.583,0.0,88.3772,102.107,57.5241,27.0985,5.25492,9.86485,2.03763,0.1868,0.0,75.3746,55.8995,41.53,29.8557,612.946,101.299,7.22444,0.0,4.41417,2.266,1.88846,28.59,233.561,120.550003052,67.48,53.25,40.8011,19.587,0.0,53.6584,0.0,0.00565,0.0,0.0,12.3,60.1,49.8952,139.799,80.3278,0,6.79515,0.0,460.39,30.6145,0.00093,134.905,0.0,13.9897,0.0,0.0,5.09794
2022-10-02 13:25:00,11.7947,1365.52,33.6703,0,30.87,2.15289,81.8402,26.1996,0.0,86.7006,0.0,0.0,9.63455,9.49851,4.71731,-0.01,197.769,0,450.544,0.0,102.147,88.1737,52.3507,27.0985,4.04994,8.77487,3.14849,0.75731,0.0,66.2467,55.0474,39.51,26.9589,596.484,60.6423,6.98195,0.0,4.12989,2.115,3.89532,38.316,218.839,345.579986572,61.3,73.75,38.7015,19.434,0.0,47.3666,0.0,0.04333,0.0,0.0,0.0,59.8,50.049,147.59,93.077,0,11.0689,0.0,459.536,29.7307,0.00093,138.927,0.0,0.19044,0.0,0.0,5.07979
2022-10-02 13:30:00,11.5945,1354.22,33.4499,0,36.24,2.30256,90.19,21.0997,0.0,88.3005,0.0,0.0,8.40406,8.59579,3.50374,0.05,196.848,0,435.456,0.0,120.226,93.3149,43.2001,27.1992,3.55995,9.85485,5.22103,0.16538,0.0,77.1277,55.838,39.51,27.7115,596.484,48.1643,7.81918,0.0,4.29309,3.2,0.907,20.072,218.619,367.600006104,77.67,56.75,36.9009,15.938,0.0,28.1929,0.0,0.12371,0.0,0.0,0.0,59.9,49.0382,137.281,93.6922,0,10.3658,0.0,461.757,29.9529,0.00093,139.367,0.0,9.00052,0.0,0.0055,5.12354
2022-10-02 13:35:00,8.89563,1315.23,33.572,0,35.21,3.525,84.9091,46.3993,0.0,107.3,0.0,0.0,9.86404,6.99832,1.88576,0.25,170.303,0,422.541,0.0,102.794,87.5846,52.8389,27.1992,5.04992,9.86485,7.9093,0.21299,0.0,80.7649,56.6593,37.51,21.3965,593.939,47.8723,7.78732,0.0,4.92481,9.079,0.0,26.48,219.986,317.790008545,98.53,71.5,40.1999,10.797,11.4122,42.96,0.0,0.08352,0.0,0.0,0.0,60.2,51.7739,189.934,94.8714,0,10.0288,0.0,458.852,29.1203,0.0605,129.271,0.0,0.2002,8.98146,0.0,0.0
2022-10-02 13:40:00,12.0965,1322.26,43.0612,0,38.12,3.27382,89.9519,52.0992,0.0,60.4978,0.0,0.0,7.06371,10.4986,11.7268,0.0,184.815,0,438.361,0.0,91.8807,82.6095,49.9995,14.9004,3.94494,9.62485,3.9483,0.07413,0.0,82.1166,55.958,17.5,13.9008,603.369,47.8421,25.1391,0.0,8.14134,11.07,0.0,24.956,219.327,279.010009766,88.52,71.0,36.4004,4.577,30.7393,67.5581,0.0,0.08352,0.0,0.0,0.0,60.1,51.1586,175.843,98.6996,0,7.98169,0.0,464.541,21.6788,0.01955,132.732,0.0,3.63048,8.09461,0.0,0.0
2022-10-02 13:45:00,11.0955,1381.03,25.1422,0,32.65,3.06345,61.5409,51.9992,0.0,96.8013,0.0,0.0,6.73533,13.5962,4.55578,0.0,168.677,0,445.148,0.0,65.7389,93.7279,43.4418,25.0996,2.81996,7.31489,3.15166,0.2352,0.0,73.6666,55.0782,19.54,10.7336,599.945,62.0623,24.6771,0.0,20.8811,10.816,0.365,53.982,224.234,296.149993896,87.44,40.25,30.1991,3.027,51.9616,66.0476,0.0,0.12371,0.0,0.0,0.0,60.0,43.6439,185.338,108.236,0,7.12474,0.0,462.514,23.9884,0.0121,129.369,0.0,2.50984,8.96071,0.0005,0.0
2022-10-02 13:50:00,7.09796,1374.58,24.9404,0,31.37,4.58418,88.1099,51.5992,0.0,68.9986,0.0,0.0,7.90356,11.6978,14.2177,0.0,209.991,0,442.145,0.0,67.0085,85.6509,56.9259,17.1008,2.97495,3.75494,1.85354,0.01938,0.0,83.9721,55.3704,37.94,29.6806,597.455,171.644,24.5479,0.0,32.5574,10.916,2.86503,53.556,219.425,131.789993286,70.23,42.75,41.6007,15.841,52.3735,90.091,0.0,0.12371,0.0,0.0,0.0,60.0,49.4337,165.635,92.2652,0,8.73243,0.0,464.077,18.4097,0.0,137.475,0.0,4.4203,9.93362,0.0045,5.00933
2022-10-02 13:55:00,6.19676,1376.0,15.2706,0,37.95,5.4759,87.0295,50.1992,0.0,71.6011,0.0,0.0,3.20439,8.69757,1.98451,-0.04,141.889,0,436.286,0.0,110.46,84.1453,54.9825,27.0985,2.08497,5.35492,1.23146,0.74699,0.0,85.0043,55.5765,39.0,27.6951,596.393,177.727,25.3409,0.0,62.338,11.192,5.39925,53.748,219.156,90.9400024414,97.53,41.0,39.9008,17.774,44.2802,89.9518,0.0,0.04333,0.0,0.0,0.0,60.0,49.3568,109.284,94.6749,0,6.52049,0.0,463.564,27.2282,0.00093,139.739,0.0,2.81991,4.23896,0.0,0.0
2022-10-02 14:00:00,8.19692,1354.54,15.2812,0,42.81,5.78151,91.6219,40.5994,0.0,69.3008,0.0,0.0,3.20439,7.79927,7.26195,-0.03,165.466,0,426.862,0.0,72.8435,84.956,55.9249,26.7994,2.87496,9.25486,3.05644,0.81285,0.0,84.9838,56.1333,39.64,27.1708,602.802,153.879,21.7778,0.0,62.9118,11.322,2.28641,55.848,220.279,262.559997559,100.7,48.5,35.6008,16.845,28.7983,90.0991,0.0,0.04333,0.0,0.0,0.0,60.0,46.9618,80.3983,98.2382,0,8.33326,0.0,460.512,30.1726,0.00093,140.099,0.0,4.4496,2.10819,0.0005,5.05207
2022-10-02 14:05:00,9.19592,1366.4,16.33,0,38.98,8.3206,90.8711,51.9992,0.0,81.3996,0.0,0.0,1.50515,6.59564,25.4321,-0.05,264.449,0,450.52,0.0,70.9392,87.6047,42.6899,27.0985,4.17994,9.85485,2.64701,0.91283,0.0,63.2955,55.1366,20.63,29.7728,593.554,133.183,7.89352,0.0,89.281,7.108,0.0,56.022,236.539,172.039993286,90.76,32.0,40.4013,16.267,16.173,90.0661,0.0,0.08352,0.0,0.0,0.0,60.0,44.5008,62.2339,98.9902,0,9.80545,0.0,464.638,7.56481,0.01769,142.303,0.0,3.27036,0.0,0.0,5.05207
2022-10-02 14:10:00,7.99519,1383.98,39.2698,0,34.84,8.71203,52.3195,51.8992,0.0,85.8011,0.0,0.0,3.10491,9.49851,24.2309,-0.08,203.894,0,450.69,0.0,125.731,85.8826,36.1614,27.1992,3.54995,7.39489,4.17047,0.52085,0.0,85.0862,56.8347,13.47,27.8876,599.341,82.9595,7.78201,4.435,92.4238,2.722,0.26246,54.242,256.754,269.790008545,75.0,30.0,39.501,15.892,8.72053,89.967,0.0,0.12371,0.0,0.0,0.0,59.3,47.1266,74.5113,99.3491,0,8.271,0.0,460.61,30.2434,0.00093,113.567,0.0,2.70028,0.0,0.0,0.0
2022-10-02 14:15:00,13.2931,1445.04,18.0903,0,32.27,10.9811,69.2717,51.3992,0.0,82.2992,0.0,0.0,3.52422,3.99809,19.9475,-0.07,233.013,0,459.602,0.0,111.174,84.8654,39.2743,27.0985,2.91996,9.53485,1.09499,0.17887,0.0,54.0672,55.1366,26.72,27.3756,626.515,59.2021,8.32895,5.227,83.7797,2.851,0.69459,26.866,283.488,154.869995117,94.87,46.5,18.999,15.704,6.23026,89.8777,0.0,0.04333,0.0,0.0,0.0,59.5,46.6102,72.6162,103.553,0,10.5379,0.0,460.39,30.3923,45.6753,113.158,0.0,0.20997,0.0,0.0,5.06141
2022-10-02 14:20:00,11.799,1420.94,18.8098,0,26.31,10.6504,50.0417,51.9992,0.0,85.602,0.0,0.0,1.16884,7.89662,6.75533,-0.06,256.576,0,435.895,0.0,126.592,92.5244,33.0877,17.3999,3.75494,9.77485,1.35207,0.72081,0.0,70.8198,54.6967,27.73,13.2285,598.187,62.4953,8.68827,12.531,87.9754,1.547,0.0,10.188,280.119,398.190002441,102.79,66.5,31.9997,15.362,6.42252,90.1641,0.0,0.14381,0.0,0.0,0.0,59.2,45.4566,65.7404,98.6569,0,7.1577,0.0,463.393,18.6807,37.5271,96.4279,0.0,0.21973,1.35195,0.0235,5.06141
2022-10-02 14:25:00,11.6947,1418.21,18.5523,0,23.75,13.3506,69.2497,51.9992,0.0,102.102,0.0,0.0,2.4744,7.9984,5.30458,-0.04,247.904,0,430.719,0.0,130.864,100.007,55.8981,24.8005,2.27497,6.5849,1.42507,0.55576,0.0,71.508,57.0131,27.73,11.6444,603.204,62.1227,9.57507,3.546,72.5034,9.929,0.0,11.092,281.364,373.059997559,91.61,34.5,30.5013,14.686,8.34516,89.3123,0.0,0.00565,0.0,0.0,0.0,59.1,45.4347,64.6326,102.237,0,6.05905,0.0,459.951,15.0698,15.1413,134.6,0.0,0.2002,6.27573,0.0,5.05073
2022-10-02 14:30:00,8.59563,1415.65,77.3196,0,22.68,13.4804,97.9904,51.8992,0.0,75.3021,0.0,0.0,4.85481,6.89654,5.30458,-0.08,232.755,0,451.984,0.0,124.651,100.521,47.9219,27.1992,0.36499,8.47487,0.95216,0.00034,0.0,79.5566,55.8103,16.12,12.7427,602.179,78.7901,8.10593,0.0,74.6566,9.585,0.0,10.036,278.215,405.989990234,87.08,40.0,43.9994,7.581,6.5507,89.4024,0.0,0.08352,0.0,0.0,0.0,59.2,67.7043,59.826,98.0673,0,7.68505,0.0,460.097,7.40856,0.0,106.255,0.0,0.2002,2.33585,0.0005,5.09357
2022-10-02 14:35:00,4.89532,1382.25,79.5207,0,25.02,14.6422,69.5207,51.7992,0.0,68.6004,0.0,0.0,7.55322,5.49821,8.6999,0.0,235.614,0,459.162,0.0,116.246,95.5406,35.4314,27.2999,0.93499,5.67491,1.20607,0.0,0.0,85.2132,55.0197,28.96,29.1533,576.598,93.1211,8.80687,5.616,77.752,8.389,0.0,27.158,261.003,453.899993896,58.5,25.75,13.3013,15.26,3.94141,90.1765,0.0,0.13376,0.0,0.0,0.2,59.3,68.6491,117.002,94.0853,0,8.93019,0.0,457.436,5.29671,0.0,137.731,0.0,0.17945,1.19203,0.0,0.0
2022-10-02 14:40:00,2.59563,1403.78,61.4609,0,26.12,12.4526,31.0204,51.3992,0.0,66.3001,0.0,0.0,7.27489,5.69734,5.6023,-0.07,232.308,0,443.415,0.0,100.676,86.6429,47.8853,27.0985,1.21998,3.92494,1.30446,0.21933,0.0,85.0412,55.6042,28.96,16.9974,581.634,97.7739,9.35912,15.029,86.5119,4.068,0.0,39.332,269.499,463.809997559,91.7,46.25,12.7001,14.692,1.78073,90.4876,0.0,0.14381,0.0,0.0,25.0,59.3,63.3866,117.496,98.1015,0,6.02609,0.0,460.097,5.97543,0.0,106.987,0.0,0.20997,0.0,0.0,0.0
2022-10-02 14:45:00,0.39818,1395.04,27.9804,0,23.22,13.763,23.3408,50.5992,0.0,63.6976,0.0,0.0,3.72381,8.49844,19.0945,-0.03,235.845,0,422.004,0.0,106.944,88.0378,28.8908,27.0985,1.04998,4.34493,0.46656,0.0,0.0,84.951,55.8103,28.22,29.8107,591.815,105.186,18.4802,4.835,75.4673,9.328,0.0,9.83,272.721,484.359985352,98.85,46.75,15.0988,13.169,0.0,90.1423,0.0,0.00565,0.0,0.0,35.7,59.3,60.2664,66.363,101.656,0,6.85008,0.0,455.995,8.21179,0.0,108.794,0.0,0.20997,0.0,0.0235,0.0
2022-10-02 14:50:00,0.0,1442.65,13.6112,0,26.32,11.833,47.87,49.8992,0.0,75.3983,0.0,0.0,2.52384,11.3969,5.42285,-0.03,203.907,0,424.884,0.0,80.6378,94.4781,36.5301,23.6988,2.09497,3.30495,0.0,0.0,0.0,84.9797,55.3427,49.84,19.7304,595.441,104.975,9.78924,17.341,87.5858,9.34,0.0,9.894,280.119,580.710021973,98.84,47.25,12.8008,13.977,1.02083,90.1352,0.0,0.00565,0.0,0.0,43.5,59.3,60.5191,59.0936,107.202,0,6.80613,0.0,461.806,10.5483,0.0,137.31,0.0,12.5297,0.13184,0.0,0.0
2022-10-02 14:55:00,0.0,1460.94,13.9617,0,30.86,15.2199,80.5402,49.1992,0.0,123.801,0.0,0.0,1.6144,7.89662,30.3083,-0.04,197.336,0,431.745,0.0,90.6355,93.9746,40.036,5.50088,1.82997,4.34493,0.61256,0.0,0.0,85.0657,55.1059,13.88,29.6602,591.65,102.729,6.89699,14.344,95.9298,6.782,0.0,9.012,277.58,755.549987793,89.85,65.0,12.5017,12.6,2.59556,90.0431,0.0,0.14381,0.0,0.0,50.6,59.0,58.8162,66.5461,107.501,0,8.04395,0.0,467.202,29.7624,0.0,138.17,0.0,6.57979,0.0,0.0,0.0
2022-10-02 15:00:00,0.0,1479.51,26.4697,0,26.76,11.2511,99.5798,48.4993,0.0,129.699,0.0,0.0,1.76699,11.096,24.448,-0.06,264.462,0,424.836,0.0,108.861,91.4115,32.509,6.8986,1.46498,6.00491,0.0,0.0,0.0,74.1335,55.635,14.24,29.7626,594.726,112.387,7.69882,0.0,100.515,2.863,0.0,9.562,280.119,562.890014648,99.02,70.75,17.1008,13.225,2.9984,85.9328,0.0,0.08352,0.0,0.0,58.1,59.2,49.4887,103.799,109.415,0,6.72374,0.0,464.858,10.6532,0.0,125.835,0.0,3.6195,0.0,0.0,5.08093
2022-10-02 15:05:00,0.0,1507.79,20.5117,0,27.26,12.5217,61.4603,47.6993,0.0,119.701,0.0,0.0,1.29763,11.8969,20.479,-0.05,252.85,0,459.162,0.0,127.062,98.3202,24.8795,13.3989,1.24498,3.51495,0.0,0.0,0.0,76.6157,57.5699,25.04,29.5956,607.27,124.744,10.0831,0.0,102.015,2.51,0.0,8.722,303.313,415.899993896,102.7,74.0,17.9004,12.101,3.72168,87.0811,0.0,0.00565,0.0,0.0,62.3,59.2,52.1254,118.842,115.268,0,6.83726,0.0,479.116,7.47448,0.00093,126.494,0.0,3.86975,0.0,0.0,5.08093
2022-10-02 15:10:00,0.0,1513.33,25.182,0,35.25,14.4621,31.5221,46.6993,0.0,137.602,0.0,0.0,0.63722,7.09567,21.1057,-0.07,246.631,0,501.912,0.0,73.8201,101.477,34.0765,17.0001,0.69999,1.12498,1.01247,0.0,0.0,84.7831,54.9028,29.27,29.6018,614.393,133.234,6.53944,0.0,72.8667,3.791,0.0,8.132,313.542,386.899993896,96.55,64.0,26.2013,12.505,7.81415,75.9664,0.0,0.00565,0.0,32.4939,61.0,59.3,58.7063,185.493,107.151,0,6.25864,0.0,495.474,6.90318,0.0,100.816,0.0,3.2899,0.0,0.0,0.0
2022-10-02 15:15:00,0.0,1511.72,76.6001,0,37.6,18.0123,33.9208,45.6993,0.0,141.599,0.0,0.0,1.0663,7.69749,30.3698,-0.04,247.145,0,528.719,0.0,80.8392,99.3928,25.6071,4.60059,0.0,5.95491,0.0,0.0,0.0,75.8989,55.1059,13.64,29.7216,627.302,100.634,23.8416,0.0,37.3006,4.363,0.0,25.238,326.531,226.940002441,93.74,49.5,20.0,12.028,6.68803,90.6568,0.0,0.12371,0.0,38.1822,61.7,59.3,54.6413,159.016,105.741,0,7.65026,0.0,496.06,12.2084,0.0,107.622,0.0,4.48988,0.0,0.0015,5.10135
2022-10-02 15:20:00,0.59792,1546.12,39.7318,0,34.86,18.613,53.5427,44.6993,0.0,135.302,0.0,0.0,0.0,13.4988,30.2592,0.01,176.807,0,574.105,0.0,128.826,102.072,34.5965,5.69924,0.325,5.81491,0.0,0.0,0.0,84.9388,56.4563,27.02,29.7216,644.514,100.412,14.4073,0.0,71.2558,2.405,0.0,35.284,351.043,150.970001221,102.05,64.75,24.9012,11.64,6.32181,89.922,0.0,0.12371,0.0,39.8881,63.0,59.3,53.3339,136.878,104.92,0,7.57519,0.0,499.405,12.2304,0.00093,100.548,0.0,5.98041,0.0,0.0,4.99975
2022-10-02 15:25:00,0.0,1550.76,9.53037,0,39.12,19.3415,60.2115,43.9993,0.0,96.3001,0.0,0.0,0.0,16.0964,17.1663,0.0,121.13,0,605.869,0.0,114.354,90.7821,37.7655,7.3991,0.0,1.24498,0.0,0.0,0.0,41.3184,56.0749,31.13,29.8271,646.419,99.0931,13.9648,0.0,81.3897,7.996,0.0,40.64,356.146,153.029998779,99.11,46.0,27.1992,11.241,5.65347,90.3313,0.0,0.08352,0.0,39.3228,62.8,59.2,57.344,120.7,105.433,0,5.19478,0.0,499.673,27.2697,0.00093,123.51,0.0,9.2996,0.0,0.0,5.00492
2022-10-02 15:30:00,0.0,1553.1,8.02229,0,45.68,21.7612,88.26,40.6994,0.0,110.699,0.0,0.0,0.0,17.1982,8.47565,-0.02,141.645,0,639.731,0.0,130.15,96.9757,42.5165,17.5006,0.265,1.13498,0.0,0.0,0.0,63.5044,55.4596,26.94,29.8271,662.02,142.338,5.74469,0.0,92.7344,7.716,0.0,32.066,375.36,59.9300003052,100.24,58.0,10.8995,10.819,3.4287,89.2905,0.0,0.12371,0.0,123.497,67.2,59.4,58.2339,58.1231,100.238,0,4.79561,0.0,506.412,29.5915,0.01582,136.419,0.0,5.28947,0.0,0.0015,5.10933
2022-10-02 15:35:00,0.0,1550.39,5.78141,0,46.31,19.7727,82.602,40.6994,0.0,107.602,0.0,0.0,0.0,10.8968,12.885,0.0,256.901,0,655.747,0.0,130.578,97.5347,48.3345,24.9989,0.0,1.76497,0.0,0.0,0.0,69.6484,56.5424,17.75,29.8271,667.806,108.449,4.85612,6.516,85.1326,3.197,0.0,30.178,384.759,126.279998779,95.45,64.75,10.8995,10.423,2.53147,90.4691,0.0,0.08352,0.0,97.2874,67.2,59.4,78.0096,85.7267,106.074,6,1.69924,0.0,504.923,29.9113,0.01769,137.755,0.0,9.05057,0.0,0.0225,5.11377
2022-10-02 15:40:00,0.29961,1629.61,4.91055,0,40.93,25.0225,87.8901,26.0996,0.0,96.4031,0.0,0.0,0.24842,13.7997,3.95994,-0.08,204.368,0,685.264,0.0,130.364,97.7865,45.6977,24.0986,0.0,2.15497,0.0,0.0,0.0,84.9715,55.8688,29.03,29.0191,682.748,61.4278,7.14656,16.341,61.3956,3.747,0.6775,13.066,426.386,164.559997559,91.67,62.25,10.7988,10.035,2.97093,86.164,0.0,0.12371,0.0,1.62252,68.0,59.4,74.5269,69.8695,116.926,37,0.70863,0.0,503.311,30.4631,0.00093,136.388,0.0,3.19956,0.0,0.0,5.01347
2022-10-02 15:45:00,0.0,1609.94,5.87169,0,42.13,21.7005,97.2287,22.1997,0.0,32.3999,0.0,0.0,0.0,14.3971,8.53606,-0.04,199.869,0,706.236,0.0,102.385,102.031,49.0596,24.0986,0.50499,5.05492,0.0,0.0,0.0,84.6234,55.2535,24.64,27.1729,678.024,57.7418,16.6553,0.0,78.2363,6.019,0.22339,48.872,421.405,113.580001831,29.22,59.75,47.7012,9.599,3.32799,86.0214,0.0,0.12371,0.0,53.3377,67.7,59.2,62.6175,164.106,102.34,52,0.41566,0.0,501.822,30.0823,0.00093,137.438,0.0,10.7205,0.0,0.0,5.01699
2022-10-02 15:50:00,1.59647,1602.73,6.74255,0,36.88,24.0408,95.6503,36.9994,0.0,20.6992,0.0,0.0,0.0,14.3971,30.0984,-0.09,246.495,0,753.625,0.0,29.1478,101.503,56.6256,24.5991,0.57999,2.45496,0.0,0.0,0.0,78.2664,55.8688,35.15,29.0447,678.06,113.263,13.5028,4.941,57.4789,5.323,0.0,12.076,407.245,242.25,28.71,56.75,37.9995,9.162,2.9984,88.3395,0.0,0.08352,0.0,97.7387,67.7,59.4,77.2625,189.467,92.7352,50,0.0,0.0,511.661,15.7925,0.0,138.146,0.0,2.39021,0.0,0.0,5.01699
2022-10-02 15:55:00,4.89487,1618.73,7.44083,0,41.79,22.5504,89.2012,38.7994,0.0,72.3015,0.0,0.0,0.0,12.4987,28.9393,-0.06,223.894,0,791.443,0.0,55.6741,87.6853,62.8318,24.4984,0.285,0.90499,0.0,0.0,0.0,84.9961,56.0441,37.27,29.7605,680.532,77.642,17.3863,10.813,31.3993,5.571,0.0,4.402,408.099,251.660003662,28.39,54.0,37.7005,8.727,4.74708,84.6204,0.0,0.00565,0.0,132.151,67.6,59.4,72.4504,186.253,94.7347,131,0.0,0.0,541.789,23.732,0.0,135.363,0.0,3.29966,0.0,0.0,5.01699
2022-10-02 16:00:00,4.99511,1604.86,7.49128,0,42.75,26.4208,85.7002,36.3994,0.0,125.902,0.0,0.0,0.0,11.9987,29.1369,-0.08,224.49,0,828.553,0.0,69.7185,26.2676,56.5255,9.19966,0.55499,0.91499,0.0,0.0,0.0,84.9346,55.312,37.27,19.7458,677.841,123.304,13.8816,2.165,13.2214,4.71,0.0,4.026,401.263,101.75,56.06,51.75,41.7014,8.269,6.20279,85.4849,0.0,0.15386,0.0,149.087,67.3,59.2,64.2216,188.597,94.0084,191,0.0,0.0,563.494,25.7218,0.01396,131.853,0.0,3.85022,0.30579,0.0,0.0
2022-10-02 16:05:00,4.79934,1568.07,7.29215,0,33.39,24.5117,86.4912,28.1996,0.0,118.301,0.0,0.0,0.0,11.8969,29.1369,-0.03,235.235,0,860.096,0.0,64.2374,16.6951,54.9483,2.59861,0.55499,0.82499,0.0,0.0,0.0,44.9085,55.635,37.27,29.6735,666.744,122.629,16.8783,8.216,10.5893,4.97,0.0,4.97,406.415,171.839996338,34.73,48.5,41.3016,7.619,7.10002,82.3433,0.0,0.00565,0.0,103.139,66.7,59.5,71.5386,188.551,90.5135,190,0.0,0.0,551.042,27.3381,0.0,126.738,0.0,9.17997,0.0,0.0,5.0367
2022-10-02 16:10:00,5.49851,1615.16,6.90185,0,33.55,25.8912,83.5688,33.5995,0.0,135.0,0.0,0.0,0.0,16.9991,28.3955,-0.06,231.441,0,839.539,0.0,105.473,19.2682,48.2075,2.69932,0.89999,2.53496,0.0,0.0,0.0,83.8205,55.8688,37.27,29.0837,682.437,118.631,16.2481,11.035,9.03628,2.066,0.0,5.996,426.581,309.359985352,33.17,46.5,15.0988,7.335,5.30556,81.5148,0.0,0.08352,0.0,103.1,67.9,59.2,66.7485,187.343,97.6059,192,0.0,0.0,540.153,25.8415,0.0,120.781,0.0,7.89941,1.51308,0.0015,0.0
2022-10-02 16:15:00,7.19471,1639.58,7.2125,0,32.79,22.6425,79.4195,32.3995,0.0,98.0991,0.0,0.0,0.34852,14.0962,27.8702,-0.04,229.151,0,860.56,0.0,121.501,26.3481,12.7431,6.99931,0.46499,2.73496,0.0,0.0,0.0,84.951,55.635,37.62,28.8727,676.925,113.756,15.2304,8.736,8.1466,4.509,0.0,33.67,448.652,150.509994507,54.22,43.75,24.6998,6.88,3.0808,80.5659,0.0,0.12371,0.0,223.988,68.0,59.5,67.6494,185.924,97.3922,190,0.33143,0.0,533.757,23.0851,0.00093,113.713,0.0,7.24021,7.6582,0.0025,0.0
2022-10-02 16:20:00,8.0985,1689.11,6.80096,0,31.1,20.3902,74.8895,31.2995,0.0,59.097,0.0,0.0,0.40772,13.5962,23.8766,-0.06,225.289,0,905.36,0.0,106.957,12.7322,10.9902,20.5005,2.34496,3.61494,0.0,0.0,0.0,84.4431,54.9028,43.33,28.0955,682.913,109.345,14.3471,22.843,8.66251,4.157,0.0,35.122,471.431,148.539993286,70.42,41.25,10.4997,6.418,1.74411,79.4269,0.0,0.13376,0.0,226.199,67.9,59.5,65.8146,184.23,110.116,190,0.83131,0.0,532.511,23.0704,0.00093,105.449,0.0,6.71041,7.50072,0.0,0.0
2022-10-02 16:25:00,7.59693,1736.38,6.67086,0,32.21,24.5913,70.8794,29.7995,0.0,45.5013,0.0,0.0,0.0,11.2995,14.868,-0.06,220.059,0,934.633,0.0,115.935,12.5157,11.3027,20.6989,2.32996,3.30495,0.0,0.0,0.0,52.0458,56.3948,43.33,27.478,679.763,103.988,13.9099,27.373,7.60964,3.857,0.177,42.516,486.836,0.0,62.53,38.5,6.30045,5.93,1.149,76.6332,0.0,0.08352,0.0,285.023,67.9,59.5,59.4205,182.408,110.304,190,1.31838,0.0,556.243,12.6186,0.00093,99.6567,0.0,4.95987,7.53918,0.0,0.0
2022-10-02 16:30:00,5.39581,1801.25,6.32039,0,24.6,24.1015,60.5118,27.1996,0.0,59.3992,0.0,0.0,0.12818,10.7995,18.5467,-0.04,210.344,0,974.307,0.0,113.793,62.6892,32.1843,20.6989,2.55496,3.05495,0.0,0.0,0.0,12.543,56.3363,43.33,26.7612,677.657,99.8082,13.0603,30.49,6.35672,3.655,9.37881,45.862,510.005,20.4300003052,59.28,35.5,4.79896,5.456,2.51316,69.8131,0.0,0.12371,0.0,298.53,67.3,59.4,61.1124,179.277,120.626,190,1.72122,0.0,589.373,12.7358,0.01955,92.9549,0.0,2.08014,10.9688,0.0,5.06471
2022-10-02 16:35:00,5.7953,1764.36,32.2206,0,22.05,22.3327,42.9004,14.1998,0.0,104.1,0.0,0.0,0.91615,15.0963,19.6332,-0.06,201.766,0,996.939,0.0,111.266,68.3591,32.2112,20.5005,1.51998,2.77496,0.0,0.0,0.0,9.05984,55.6626,42.32,8.85606,682.656,94.8835,12.0124,28.616,3.94564,2.943,11.5395,43.422,528.243,0.0,56.14,33.0,4.39918,5.002,2.51316,61.4185,0.0,0.08352,0.0,327.786,67.9,59.4,54.0261,176.091,116.243,190,0.61707,0.0,608.319,2.74784,0.0,86.2715,0.0,5.09049,8.71778,0.0,0.0
2022-10-02 16:40:00,6.7963,1796.95,43.5896,0,23.36,21.9622,24.1099,10.3998,0.0,102.501,0.0,0.0,1.85367,15.0963,23.5541,-0.03,188.948,0,1031.49,0.0,108.067,44.4557,31.0393,20.0,1.32998,2.42496,0.0,0.0,0.0,7.9703,56.2194,39.24,20.6961,676.028,146.276,11.338,27.463,2.4295,2.757,0.87282,39.978,531.051,0.0,52.05,30.25,42.0005,4.508,2.00961,67.6206,0.0,0.13376,0.0,346.639,67.9,59.4,60.9366,172.135,109.244,230,0.74159,0.0,641.694,14.2568,0.00093,80.0092,0.0,5.3798,7.01122,0.0,0.0
2022-10-02 16:45:00,9.19516,1858.92,39.9097,0,27.87,21.9329,36.2499,8.89986,0.0,93.2994,0.0,0.0,1.54543,15.7999,21.4548,-0.04,164.856,0,1077.34,0.0,103.508,58.1119,56.3937,18.8983,2.39996,2.07497,0.0,0.0,0.0,12.7078,55.8103,38.21,21.4067,681.21,138.007,10.8265,17.552,1.71355,2.713,0.0,36.904,549.459,0.0,48.21,27.25,40.4013,4.024,2.19272,38.9817,0.0,0.12371,0.0,358.594,67.8,59.4,53.5647,169.407,97.0163,271,0.50721,0.0,662.984,15.3628,0.00093,74.0337,0.0,4.94034,6.2678,0.0,0.0
2022-10-02 16:50:00,9.09796,1905.08,36.0997,0,31.72,22.0396,45.68,26.1996,3.99811,95.0984,0.0,0.0,1.31472,10.3968,19.5369,-0.04,156.604,0,1113.44,0.0,97.7585,53.3131,53.3956,17.3999,1.45498,0.96499,0.0,0.0,0.0,43.9972,55.4012,34.11,19.0925,668.099,138.35,10.1964,21.945,1.59247,2.412,0.0,33.59,553.341,0.0,44.25,24.75,38.8998,3.546,3.44701,30.8088,0.0,0.12371,0.0,341.986,66.8,59.4,52.0266,166.505,93.3761,304,1.7377,0.0,691.354,13.3877,0.0,67.454,0.0,3.97961,9.60769,0.0015,0.0
2022-10-02 16:55:00,8.49828,1965.12,32.7304,0,30.1,24.2731,45.6507,20.2997,3.9317,89.3992,0.0,0.0,1.22438,18.0965,17.0711,-0.04,155.845,0,1157.68,0.0,51.78,53.8066,52.1749,15.8984,0.60499,0.67499,0.0,0.0,0.0,57.3071,55.958,32.11,17.068,676.302,132.801,9.79986,22.542,2.55585,2.111,0.0,30.576,556.368,0.0,43.3,22.0,37.2,3.079,3.38293,40.044,0.0,0.00565,0.0,348.61,67.7,59.4,73.7798,163.282,84.1901,340,1.21035,0.0,725.974,12.1718,0.0,60.911,0.98878,3.0604,13.6348,0.0,0.0
2022-10-02 17:00:00,7.79881,2016.49,29.1221,0,29.07,22.2594,40.5896,21.7997,0.0,83.1025,0.0,0.0,0.96803,14.8972,14.763,-0.05,139.301,0,1193.94,0.0,69.0227,47.195,47.3213,14.7997,0.60999,0.54499,0.0,0.0,0.0,52.7933,55.5765,28.09,15.2074,670.956,126.738,9.17504,20.641,5.18277,1.81,1.2781,27.094,565.743,0.0,39.49,19.5,33.901,2.643,4.93935,40.8105,0.0,0.12371,11.81,343.385,67.1,59.4,71.5386,159.409,76.6107,374,1.28908,0.0,770.8,10.5458,0.0,54.6365,3.2564,2.53059,22.7659,3.98044,0.0
2022-10-02 17:05:00,9.9987,2047.17,24.3908,0,26.75,21.912,35.9899,18.5997,7.73254,76.799,0.0,0.0,0.6891,17.4991,13.1226,-0.02,121.943,0,1234.49,0.0,73.8628,41.0467,41.8647,13.4997,0.67999,0.44499,0.0,0.0,0.0,46.3462,55.4873,25.0,13.5516,668.484,121.3,8.67588,18.431,23.1816,1.509,12.8408,23.656,547.14,0.0,34.03,17.0,30.602,2.168,3.50195,41.7331,0.0,0.12371,250.79,343.688,67.1,59.4,77.9657,154.447,65.8524,399,1.91714,0.0,821.168,9.68154,0.0,48.6915,5.26912,2.01056,28.5716,0.0065,0.0
2022-10-02 17:10:00,11.4955,2125.81,21.1012,0,26.85,19.3624,31.9725,13.5998,16.3167,65.0984,0.0,0.0,0.0,18.0965,11.0874,-0.03,107.323,0,1275.51,0.0,67.0695,34.5257,37.1063,12.3003,0.54999,0.42499,0.0,0.0,0.0,40.704,56.7178,4.38,11.8364,677.731,115.952,8.0546,16.384,25.1189,1.201,11.1782,20.506,557.662,0.0,29.79,14.75,27.2999,1.414,4.5182,35.897,0.0,0.04333,250.97,351.769,67.7,59.1,83.7116,143.589,58.7259,403,1.84756,0.0,883.45,8.39734,0.00093,42.5452,6.93028,1.67974,28.7633,0.0,0.0
2022-10-02 17:15:00,12.2972,2167.0,13.9112,0,24.28,18.9103,20.1401,14.5998,15.9221,55.6981,0.0,0.0,0.0,13.4988,9.61997,-0.04,90.0331,0,1311.42,0.0,57.8042,21.3177,32.3357,11.0002,0.64999,0.43499,0.0,0.0,0.0,35.8359,55.5457,3.3,10.2589,671.23,105.035,7.32003,14.397,9.3574,0.796001,9.27138,14.198,554.537,0.0,24.45,12.5,24.0009,0.696001,7.00847,30.8093,0.0,0.12371,248.39,344.941,67.1,58.9,82.0746,132.044,50.3432,399,2.20279,0.0,938.53,6.94469,0.0,36.5087,5.98984,1.49052,27.4632,0.0,0.0
2022-10-02 17:20:00,15.2943,2226.28,10.6721,0,26.79,19.4922,22.9526,11.9998,15.9885,47.4994,0.0,0.0,0.0,14.0962,8.08346,-0.05,77.3909,0,1349.09,0.0,48.3253,22.6269,28.1633,9.59945,0.54999,0.40499,0.0,0.0,0.0,31.6129,56.0441,13.47,8.75213,674.49,94.38,6.71821,12.434,3.42447,0.493001,7.82605,7.728,555.88,0.0,13.22,10.5,20.6989,0.117,10.2312,25.5794,0.0,0.12371,249.18,345.963,67.4,59.1,85.7771,118.604,42.1399,401,3.59075,0.0,991.852,5.54818,0.00093,31.0338,5.06697,1.30009,27.6622,0.0,0.0
2022-10-02 17:25:00,17.2971,2283.04,7.20188,0,25.06,18.1504,18.8217,11.4998,16.3167,39.802,0.0,0.0,0.0,12.4987,6.90714,-0.07,64.8165,0,1367.89,0.0,40.8057,11.0856,23.6735,8.40009,0.37499,0.40499,0.0,0.0,0.0,27.3285,55.5765,8.4,7.34694,670.571,85.4873,5.97479,10.649,2.19261,0.442001,6.50523,10.218,571.188,0.0,14.63,8.5,17.2015,0.0,13.2433,20.6296,0.0,0.12371,246.49,346.125,67.4,59.1,81.5802,105.512,33.0736,400,4.45502,0.0,1052.89,4.9305,4.47063,25.8396,4.44294,0.87039,26.4817,3.91144,0.0
2022-10-02 17:30:00,19.3966,2333.04,4.58132,0,26.15,18.3723,15.2328,10.1998,17.6956,32.3999,0.0,0.0,0.0,14.3971,5.7193,-0.06,52.8654,0,1375.85,0.0,33.341,9.48936,18.8516,6.99931,0.265,0.325,0.0,0.0,0.0,23.1567,56.3948,10.49,6.14886,671.67,73.956,5.45086,8.543,1.22396,0.342001,4.79133,7.744,585.666,0.0,10.12,6.5,13.7011,0.0,14.9004,16.5893,119.793,0.00565,246.53,345.878,67.4,59.1,88.5676,93.7926,25.1524,401,4.78096,0.0,1103.72,4.04913,1.7769,20.4929,4.44294,0.6006,27.938,3.98144,0.0
2022-10-02 17:35:00,17.7948,2350.96,4.86011,0,26.46,20.5116,11.6622,8.79987,22.1527,25.6981,0.0,0.0,0.0,10.6977,4.7401,-0.04,42.3912,0,1372.53,0.0,26.6514,6.89105,14.6865,5.69924,0.0,0.295,0.0,0.0,0.0,18.0091,55.8995,8.42,4.89984,658.907,64.439,4.91276,6.758,0.91337,0.342001,3.78546,4.83,591.574,0.0,6.9,5.0,10.399,0.0,17.7111,12.7714,173.931,0.12371,475.34,337.677,66.8,59.1,95.61,80.6088,19.4101,396,5.55367,0.0,1160.88,3.17266,0.0,15.5856,4.59236,0.38942,33.3263,0.1215,0.0
2022-10-02 17:40:00,26.4949,2393.88,3.68125,0,29.07,20.7335,8.5713,7.29989,24.5121,19.7997,0.0,0.0,0.0,13.9989,3.76256,-0.04,33.1095,0,1376.53,0.0,21.0178,3.22522,10.6093,4.49989,0.0,0.0,0.0,0.0,0.0,15.486,55.0197,2.37,3.94253,673.537,55.0025,4.35697,3.985,0.33955,0.291001,2.69657,1.11,603.317,0.0,7.23,2.75,7.49981,0.0,17.1527,9.0785,196.487,0.12371,489.56,344.007,67.1,59.1,92.7974,67.4983,6.28489,402,6.53513,0.0,1220.72,2.01053,0.0,11.2032,5.33944,0.29054,34.0514,0.0045,0.0
2022-10-02 17:45:00,21.5966,2412.93,2.3723,0,30.28,19.7434,6.31174,3.59995,28.6372,14.4026,0.0,0.0,0.0,11.3969,2.92109,-0.05,25.4944,0,1374.7,0.0,15.8785,2.5555,6.72984,3.30053,0.0,0.0,0.0,0.0,0.0,11.8533,54.7275,4.71,2.92736,669.015,44.3273,3.84012,0.986,0.0,0.191001,1.55642,1.69,612.595,0.0,3.86,1.75,5.00038,0.0,18.1781,6.1109,197.162,0.08352,489.29,339.056,66.8,59.2,83.7226,56.7315,3.31975,399,6.50217,0.0,1267.18,1.1487,0.00093,7.60204,6.02499,0.19044,35.6811,0.94949,0.0
2022-10-02 17:50:00,26.3944,2448.21,1.44038,0,28.7,20.3211,4.39277,4.59993,32.1099,9.89815,0.0,0.0,0.0,12.6979,2.20198,-0.02,18.8548,0,1379.59,0.0,12.1431,1.6743,4.16388,2.19882,0.0,0.0,0.0,0.0,0.0,8.61542,55.5765,1.32,2.05792,676.119,33.8334,3.17989,1.712,0.0,0.141001,0.76783,0.53,629.001,0.0,3.06,1.75,3.00145,0.0,15.5962,3.68812,199.498,0.00565,496.86,349.99,67.8,59.1,79.0973,45.0309,2.74723,400,5.6965,0.0,1283.83,1.178,4.76663,4.76387,8.52113,0.10987,37.0642,0.0605,0.0
2022-10-02 17:55:00,27.3954,2463.71,1.04211,0,26.57,23.1532,2.80339,4.29993,33.2232,6.6022,0.0,0.0,0.0,11.6978,1.4697,-0.03,13.5297,0,1373.26,0.0,7.46166,0.88373,1.9617,1.39925,0.0,0.0,0.0,0.0,0.0,5.96864,56.5148,1.32,1.34938,679.489,26.9348,2.70375,1.371,0.0,0.141001,0.39429,0.216,643.503,0.0,1.93,1.0,1.70138,0.0,14.8638,2.07148,200.062,0.12371,502.53,350.095,68.1,58.9,88.0952,34.7585,0.57679,404,6.06638,0.0,1283.39,0.76539,3.77067,2.70695,9.44399,0.0,41.2683,0.0025,0.0
2022-10-02 18:00:00,23.397,2466.08,0.7713,0,24.77,26.8813,1.72305,1.69997,36.5045,4.10277,0.0,0.0,0.0,10.6977,0.95984,-0.04,9.15303,0,1367.01,0.0,3.21355,0.0,0.3064,0.801099,0.0,0.0,0.0,0.0,0.0,2.10291,55.9272,0.27,0.71718,673.794,20.4491,2.10016,0.418,0.0,0.0,0.0,0.0,654.929,0.0,1.2,0.5,0.8011,0.0,15.5413,1.15043,199.638,0.00565,492.07,343.369,67.5,59.2,96.1154,25.1728,0.0,400,8.28565,0.0,1273.82,0.0,0.0,1.23598,8.51234,0.0,48.8734,0.0,0.0
2022-10-02 18:05:00,23.1929,2486.59,0.0,0,24.04,31.5011,1.0309,1.39998,39.1881,2.39986,0.0,0.0,0.0,10.3968,0.65162,-0.04,5.58938,0,1368.16,0.0,1.29702,0.0,0.0,0.49897,0.0,0.0,0.0,0.0,0.0,2.25792,56.807,0.27,0.38158,676.101,14.044,1.62402,0.0,0.0,0.0,0.0,0.0,671.165,0.0,0.63,0.0,0.40131,0.0,16.9421,0.31822,200.671,0.12371,501.32,353.573,67.8,58.9,95.9066,4.49989,0.0,405,10.3987,0.0,1280.58,0.2649,5.90034,0.0,8.42445,0.0,51.0182,0.0,0.0
2022-10-02 18:10:00,22.5953,2509.73,0.0,0,22.8,35.5808,0.61341,1.29998,45.614,1.60334,0.0,0.0,0.26917,7.39658,0.34451,-0.07,3.29943,0,1372.09,0.0,1.40688,0.0,0.0,0.300603,0.0,0.0,0.0,0.0,0.0,1.23066,55.6934,0.27,0.164,676.193,8.40421,1.14257,0.0,0.0,0.0,0.0,0.0,686.619,0.0,0.12,0.0,0.19989,0.0,19.588,0.08653,201.427,0.14381,507.46,358.203,68.1,59.1,96.5328,3.29137,0.0,408,9.88235,0.0,1277.16,0.0,23.1108,0.0,8.37171,0.0,51.9509,0.0,0.04976
2022-10-02 18:15:00,23.0943,2539.57,0.0,0,24.11,40.2215,0.25086,0.0,45.9421,0.60082,0.0,0.0,4.08759,5.69734,0.14086,-0.05,1.36178,0,1383.32,0.0,0.47303,0.0,0.0,0.099184,0.0,0.0,0.0,0.0,0.0,0.49429,55.5457,0.27,0.06092,670.882,4.66789,0.7744,0.0,0.0,0.0,0.0,0.0,699.73,0.0,0.0,0.0,0.09918,0.0,23.2319,0.0,201.631,0.13376,504.59,354.085,68.1,58.9,104.795,2.08286,0.0,404,11.0579,0.0,1274.75,0.0,6.69525,0.0,9.74282,0.0,53.4279,0.0,0.0603
2022-10-02 18:20:00,22.6948,2550.06,0.0,0,23.5,40.054,0.0,0.0,46.071,0.0,0.0,0.0,5.82589,5.89647,0.03767,-0.03,0.95528,0,1388.23,0.0,0.0,0.0,0.0,0.099184,0.35499,0.0,0.0,0.0,0.0,0.15242,55.1643,0.27,0.0,673.775,1.92859,0.46287,0.0,0.0,0.0,0.0,0.0,697.386,0.0,0.0,0.0,0.00153,0.0,29.9611,0.0,201.09,0.08352,497.93,350.276,68.1,59.1,109.354,0.87434,0.0,402,12.7279,0.0,1278.63,0.0,5.07565,0.0,11.07,0.0,53.6001,0.0,0.05672
2022-10-02 18:25:00,20.9983,2551.43,0.0,0,19.03,39.9117,0.0,0.0,41.942,0.0,0.0,0.0,9.57534,4.89639,0.03767,-0.03,0.0,0,1389.38,0.0,0.0,0.0,0.0,0.001526,2.55496,0.0,0.0,0.0,0.0,0.0,55.312,0.27,0.0,669.71,0.87114,0.16904,0.0,0.0,0.0,0.0,0.0,697.533,0.0,0.0,0.0,0.00153,0.0,49.2241,0.0,201.241,0.17395,500.97,351.629,67.8,59.1,111.947,0.0,0.0,402,14.7201,0.0,1276.85,0.0,48.1419,0.0,11.1755,0.0,49.9013,0.0,0.06673
2022-10-02 18:30:00,20.1975,2543.79,0.0,0,15.2,37.1821,0.0,0.0,43.4499,0.0,0.0,0.0,10.605,4.89639,0.0,-0.06,0.0,0,1388.03,0.0,0.0,0.0,0.0,0.001526,2.48996,0.0,0.0,0.0,0.0,0.0,55.7211,0.0,0.0,672.347,0.0,0.0,0.0,0.0,0.0,0.0,0.0,698.412,0.0,0.0,0.0,0.00153,0.0,65.9785,0.0,201.09,0.13376,495.78,345.188,67.6,58.9,113.683,0.0,0.0,402,15.3719,0.0,1273.09,0.0,13.8233,0.0,10.9997,0.0,44.0113,3.89544,0.06475
2022-10-02 18:35:00,21.4985,2546.08,0.0,0,16.64,35.9806,0.0,0.0,46.3366,0.0,0.0,5.34066,13.5225,4.299,0.0,-0.05,0.0,0,1387.2,0.0,0.0,0.0,0.0,0.001526,3.14995,0.0,0.0,0.0,0.0,0.0,55.6042,0.0,0.0,666.726,0.0,0.0,0.0,0.0,0.0,0.0,0.0,698.192,0.0,0.0,0.0,0.00153,0.0,84.2344,0.0,200.198,0.08352,494.35,343.439,67.3,59.2,112.123,0.0,0.0,400,14.8702,0.0,1278.31,0.0,1.92955,0.0,9.65493,0.0,41.3587,3.98244,0.0579
2022-10-02 18:40:00,22.7934,2542.2,0.0,0,16.68,32.0223,0.0,0.0,50.8562,0.0,0.0,15.4513,15.0423,6.29915,0.0,-0.06,0.0,0,1387.59,0.0,0.0,0.0,0.0,0.001526,3.31995,0.0,0.0,0.0,0.0,0.0,54.0507,0.0,0.0,670.04,0.0,0.0,0.0,0.0,0.0,0.0,0.0,694.383,0.0,0.0,0.0,0.00153,0.0,89.1966,0.0,199.901,0.15386,493.11,343.515,67.3,59.2,100.202,0.0,0.0,400,15.1119,0.0,1280.0,0.0,48.2573,0.0,11.0173,0.0,45.6617,0.1315,0.05668
2022-10-02 18:45:00,25.1942,2513.83,0.0,0,19.5,30.9401,0.0,0.0,53.0203,0.0,0.0,22.0501,16.7245,7.19745,0.0,4.02,0.0,0,1386.25,0.0,0.0,0.0,0.0,0.001526,3.55495,0.0,0.0,0.0,0.0,0.0,54.8136,0.0,0.0,659.017,0.0,0.0,0.0,0.0,0.0,0.0,0.0,694.871,0.0,0.0,0.0,0.00153,0.0,98.0591,0.0,200.096,0.17395,491.16,341.122,67.3,59.2,97.6864,0.0,0.0,399,15.5074,0.0,1270.57,0.0,23.4906,0.0,12.863,0.0,43.9783,0.0,0.05801
2022-10-02 18:50:00,31.5959,2526.41,0.0,0,17.01,28.5517,0.0,0.0,52.3602,0.0,0.0,26.0166,17.4142,8.79934,0.0,5.58,0.0,0,1386.13,0.0,0.0,0.0,0.0,0.001526,4.21994,0.0,0.0,0.0,0.0,0.0,55.8995,0.0,0.0,661.599,0.0,0.0,0.0,0.0,0.0,0.0,0.0,681.541,0.0,0.0,0.0,0.00153,0.0,105.914,0.0,200.534,0.12371,500.4,350.178,68.1,59.0,103.542,0.0,0.0,403,16.7416,0.0,1279.73,0.0,4.17464,0.0,13.7067,0.0,37.2692,0.0,0.05598
2022-10-02 18:55:00,30.796,2522.33,0.0,0,17.6,27.6014,0.0,0.0,52.5594,0.0,0.0,32.7031,19.8434,10.9986,0.0,5.18,0.0,0,1387.62,0.0,0.0,0.0,0.0,0.001526,5.33992,0.0,0.0,0.0,0.0,0.0,55.3427,0.0,0.0,658.211,0.0,0.0,0.0,0.0,0.0,0.0,0.0,684.886,0.0,0.0,0.0,0.00153,0.0,106.592,0.0,200.778,0.12371,501.65,351.429,68.1,59.0,104.421,0.0,0.0,403,19.6713,0.0,1281.56,0.0,2.41543,0.0,14.445,0.0,31.5087,0.0,0.05473
2022-10-02 19:00:00,30.1942,2529.92,0.0,0,18.22,26.8708,0.0,0.0,55.7704,0.0,0.0,32.3918,24.6641,10.8968,0.0,6.14,0.0,0,1387.69,0.0,0.0,0.0,0.0,0.001526,6.5699,0.0,0.0,0.49229,0.0,0.0,56.0441,0.0,0.0,661.544,0.0,0.0,0.0,0.0,0.0,0.0,0.0,692.796,0.0,0.0,0.0,0.00153,0.0,97.0886,0.0,201.622,0.15386,503.35,354.962,68.1,58.9,98.2687,0.0,0.0,405,21.5207,0.0,1274.79,0.0,5.89104,0.0,14.5329,0.0,22.9697,0.0015,0.0542
2022-10-02 19:05:00,29.7942,2525.23,0.0,0,17.81,25.5709,0.0,0.0,55.3133,0.0,0.0,33.5164,30.7738,10.9986,0.0,7.3,0.0,0,1389.25,0.0,0.0,0.0,0.0,0.001526,9.58485,0.0,0.0,3.12819,0.0,0.0,55.6626,0.0,0.0,658.522,0.0,0.0,0.0,0.0,0.0,0.0,0.0,693.284,0.0,0.0,0.0,0.00153,0.0,97.9583,0.0,201.582,0.08352,500.44,352.984,68.1,59.1,96.2032,0.0,0.0,405,20.217,0.0,1276.85,0.0,4.18209,0.0,13.6892,0.0,19.4577,0.0,0.05797
2022-10-02 19:10:00,33.3986,2526.31,0.0,0,20.36,26.6029,0.0,0.0,56.6884,0.0,0.0,37.3022,29.4945,9.1976,0.0,9.05,0.0,0,1389.79,0.0,0.0,0.0,0.0,0.001526,12.9948,0.0,0.0,4.08908,0.0,0.0,55.7795,0.0,0.0,654.274,0.0,0.0,0.0,0.0,0.0,0.0,0.0,696.703,0.0,0.0,0.0,0.00153,0.0,101.529,0.0,201.595,0.12371,498.64,351.124,67.5,59.1,90.4463,0.0,0.0,402,19.089,0.0,1278.92,0.0,4.11321,0.0,14.3923,0.0,21.3693,3.90744,0.05066
2022-10-02 19:15:00,34.2966,2512.2,0.0,0,15.87,27.3146,0.0,0.0,56.6884,0.0,0.0,32.192,33.5351,6.99832,0.0,8.05,0.0,0,1387.81,0.0,0.0,0.0,0.0,0.001526,13.9898,0.0,0.0,3.26705,0.0,0.0,56.6901,0.0,0.0,652.736,0.0,0.0,0.0,0.0,0.0,0.0,0.0,694.481,0.0,0.0,0.0,0.00153,0.0,101.776,0.0,200.407,0.15386,487.8,342.595,67.0,59.1,87.9414,0.0,0.0,404,17.2323,0.0,1275.7,0.0,0.02141,0.0,14.1198,0.0,22.9441,0.1025,0.0521
2022-10-02 19:20:00,37.6943,2532.02,0.0,0,12.88,25.3407,0.0,0.0,54.5907,0.0,0.0,36.7987,33.2848,7.79927,0.0,7.16,0.0,0,1389.82,0.0,0.0,0.0,0.0,0.001526,15.3648,0.0,0.0,3.19722,0.0,0.0,55.2843,0.0,0.0,657.955,0.0,0.0,0.0,0.0,0.0,0.0,0.0,693.797,0.0,0.0,0.0,0.00153,0.0,96.3561,0.0,200.943,0.12371,501.08,354.602,68.2,59.1,87.2383,0.0,0.0,409,17.4264,0.0,1277.82,0.0,3.9196,0.0,14.2517,0.0,22.822,0.0,0.04938
2022-10-02 19:25:00,37.8949,2537.32,0.0,0,10.31,24.3255,0.0,0.0,57.6063,0.0,0.0,40.6516,31.9725,7.59571,0.0,6.92,0.0,0,1388.4,0.0,0.0,0.0,0.0,0.001526,16.3647,0.0,0.0,2.24347,0.0,0.0,56.1333,0.0,0.0,665.041,0.0,0.0,0.0,0.0,0.0,0.0,0.0,680.76,0.0,0.0,0.0,0.00153,0.0,85.8091,0.0,201.675,0.12371,503.77,350.913,67.9,59.1,78.3612,0.0,0.0,405,18.873,0.0,1279.92,0.0,5.19852,0.0,15.4206,0.0,20.427,0.0,0.05196
2022-10-02 19:30:00,35.6961,2551.92,0.0,0,6.31,25.1209,0.0,0.0,58.1923,0.0,0.0,37.9141,30.7945,8.39666,0.0,7.26,0.0,0,1388.3,0.0,0.0,0.0,0.0,0.001526,15.2048,0.0,0.0,2.54182,0.0,0.0,55.1643,0.0,0.0,651.875,0.0,0.0,0.0,0.0,0.0,0.0,0.0,665.11,0.0,0.0,0.0,0.00153,0.0,94.6349,0.0,200.992,0.15386,498.0,350.182,67.9,59.1,72.9448,0.0,0.0,401,15.024,0.0,1277.21,0.0,2.35027,0.0,15.3679,0.0,18.0063,0.0,0.04921
2022-10-02 19:35:00,35.7957,2528.99,0.0,0,3.4,25.2528,0.0,0.0,62.3213,0.0,0.0,31.3542,30.3734,9.99855,0.0,7.12,0.0,0,1390.06,0.0,0.0,0.0,0.0,0.001526,14.6448,0.0,0.0,2.79731,0.0,0.0,56.0441,0.0,0.0,658.431,0.0,0.0,0.0,0.0,0.0,0.0,0.0,651.145,0.0,0.0,0.0,0.00153,0.0,102.097,0.0,200.943,0.12371,500.23,349.539,67.9,59.0,60.8048,0.0,0.0,404,11.0835,0.0,1279.29,0.0,0.54079,0.0,16.8269,0.0,21.4682,0.0,0.05139
2022-10-02 19:40:00,32.7955,2524.38,0.0,0,1.87,25.9017,0.0,0.0,60.2275,0.0,0.0,24.3916,28.4935,9.49851,0.0,6.76,0.0,0,1386.45,0.0,0.0,0.0,0.0,0.001526,13.7348,0.0,0.0,2.19507,0.0,0.0,54.9305,0.0,0.0,649.184,0.0,0.0,0.0,0.0,0.0,0.0,0.0,630.1,0.0,0.0,0.0,0.00153,0.0,102.866,0.0,199.611,0.14381,490.21,340.175,66.7,59.0,51.2136,0.0,0.0,399,10.3694,0.0,1281.0,0.0,0.0,0.0,16.4666,0.0,24.2844,0.0,0.05086
2022-10-02 19:45:00,38.9956,2538.37,0.0,0,1.78,27.6621,0.0,0.0,56.7548,0.0,0.0,26.0868,26.024,14.4989,0.0,6.6,0.0,0,1387.62,0.0,0.0,0.0,0.0,0.001526,12.4448,0.0,2.31693,2.86714,0.0,0.0,55.6626,0.0,0.0,657.405,0.0,0.0,0.0,0.0,0.0,0.0,0.0,614.694,0.0,0.0,0.0,0.00153,0.0,95.935,0.0,199.754,0.12371,497.28,347.659,67.6,59.0,49.6315,0.0,0.0,405,10.8052,0.0,1280.53,0.0,0.0,0.0,17.3543,0.0,27.346,0.0,0.05152
2022-10-02 19:50:00,39.4962,2537.17,0.0,0,2.69,28.8803,0.0,0.0,54.4618,0.0,0.0,26.9307,28.8841,15.999,0.0,5.8,0.0,0,1389.6,0.0,0.0,0.0,0.0,0.001526,10.8448,0.0,2.4661,3.82644,0.0,0.0,55.0197,0.0,0.0,660.042,0.0,0.0,0.0,0.0,0.0,0.0,0.0,605.954,0.0,0.0,0.0,0.00153,0.0,80.5264,0.0,201.222,0.13376,509.16,353.929,67.9,59.0,45.4127,0.0,0.0,409,10.0508,0.0,1273.55,0.0,6.83114,0.0,18.6023,0.0,22.3862,0.0,0.0513
2022-10-02 19:55:00,37.6966,2528.77,0.0,0,3.37,29.1441,0.0,0.0,51.5789,0.0,0.0,27.6905,32.2142,17.4991,0.0,5.93,0.0,0,1385.01,0.0,0.0,0.0,0.0,0.001526,7.97488,0.0,0.365,3.61062,0.0,0.0,55.7519,0.0,0.0,656.929,0.0,0.0,0.0,0.0,0.0,0.0,0.0,595.554,0.0,0.0,0.0,0.00153,0.0,68.6976,0.0,201.138,0.13376,491.71,346.862,68.1,59.0,39.4031,0.0,0.0,398,11.7024,0.0,1273.84,0.0,5.14453,0.0,18.5496,0.0,16.6116,0.0025,0.05296
2022-10-02 20:00:00,37.8981,2539.27,0.0,0,1.86,28.4722,0.0,0.0,42.5983,0.0,0.0,26.8528,34.3334,18.3974,0.0,6.27,0.0,0,1381.78,0.0,0.0,0.0,0.0,0.001526,5.59491,0.0,0.39673,3.7828,0.0,0.0,55.1643,0.0,0.0,662.093,0.0,0.0,0.0,0.0,0.0,0.0,0.0,604.44,0.0,0.0,0.0,0.00153,0.0,64.4312,0.0,201.085,0.14381,503.26,354.94,67.7,59.1,34.4262,0.0,0.0,406,13.2296,0.0,1274.53,0.0,8.27202,0.0,18.6902,0.0,15.1363,0.0,0.05082
2022-10-02 20:05:00,42.4945,2529.95,0.0,0,0.39,30.0818,0.0,0.0,38.9928,0.0,0.0,24.2878,32.2936,21.7959,0.0,5.59,0.0,0,1388.94,0.0,0.0,0.0,0.0,0.001526,4.47493,0.0,0.05078,3.26308,0.0,0.0,55.8688,0.0,0.0,662.386,0.0,0.0,0.0,0.0,0.0,0.0,0.0,589.377,0.0,0.0,0.0,0.00153,0.0,58.0682,0.0,201.932,0.12371,501.39,353.184,68.0,59.1,32.2618,0.0,0.0,405,13.691,0.0,1274.92,0.0,5.58015,0.0,15.7898,0.0,23.1601,1.98447,0.05276
2022-10-02 20:10:00,43.1955,2538.64,0.0,0,0.34,31.3608,0.0,0.0,34.3404,0.0,0.0,26.0487,30.3941,22.8978,0.0,5.64,0.0,0,1388.52,0.0,0.0,0.0,0.0,0.001526,3.72494,0.0,0.0,3.46542,0.0,0.0,55.8103,0.0,0.0,659.072,0.0,0.0,0.0,0.0,0.0,0.0,0.0,603.537,0.0,0.0,0.0,0.00153,0.0,48.0522,0.0,202.039,0.12371,500.67,352.521,68.2,59.1,30.4271,0.0,0.0,405,12.651,0.0,1276.11,0.0,0.00093,0.0,15.2536,0.0,39.5813,0.0535,0.04446
2022-10-02 20:15:00,42.3991,2536.9,0.0,0,0.04,33.4729,0.0,0.0,28.8989,0.0,0.0,23.7644,30.5736,24.9997,0.0,5.18,0.0,0,1387.99,0.0,0.0,0.0,0.0,0.001526,3.05995,0.0,0.0,3.99387,0.0,0.0,56.484,0.0,0.0,658.376,0.0,0.0,0.0,0.0,0.0,0.0,0.0,590.011,0.0,0.0,0.0,0.00153,0.0,42.504,0.0,201.697,0.12371,505.04,351.812,68.1,59.1,33.756,0.0,0.0,402,10.1936,0.0,1273.72,0.0,0.80887,0.0,12.3708,0.0,48.3803,0.0005,0.05416
2022-10-02 20:20:00,40.7958,2537.88,0.0,0,0.0,34.8314,0.0,0.0,29.688,0.0,0.0,22.3697,28.8328,22.0968,0.0,4.26,0.0,0,1379.88,0.0,0.0,0.0,0.0,0.001526,2.17497,0.0,0.0,4.65483,0.0,0.0,55.8995,0.0,0.0,647.353,0.0,0.0,0.0,0.0,0.0,0.0,0.0,575.07,0.0,0.0,0.0,0.00153,0.0,35.6375,0.0,201.297,0.1639,498.84,349.606,67.8,59.1,33.767,0.0,0.0,402,8.07691,0.0,1276.72,0.0,1.24262,0.0,11.1667,0.0,56.8045,0.0025,0.05162
2022-10-02 20:25:00,44.4951,2531.53,0.0,0,0.0,34.3918,0.0,0.0,25.559,0.0,0.0,20.4898,26.6429,25.6989,0.0,4.22,0.0,0,1380.78,0.0,0.0,0.0,0.0,0.001526,3.19995,0.0,0.0,5.01189,0.0,0.0,55.6934,0.0,0.0,659.456,0.0,0.0,0.0,0.0,0.0,0.0,0.0,558.517,0.0,0.0,0.0,0.00153,0.0,41.6709,0.0,200.996,0.12371,497.36,349.86,67.8,59.1,36.5246,0.0,0.0,401,7.79126,0.0,1276.43,0.0,0.01955,0.0,9.8483,0.0,58.9383,0.0,0.05234
2022-10-02 20:30:00,44.1943,2549.6,0.0,0,0.0,32.443,0.0,0.0,23.5902,0.0,0.0,18.0438,24.6226,25.9998,0.0,4.1,0.0,0,1378.51,0.0,0.0,0.0,0.0,0.001526,3.81994,0.0,0.0,4.52311,0.0,0.0,55.5765,0.0,0.0,660.39,0.0,0.0,0.0,0.0,0.0,0.0,0.0,554.708,0.0,0.0,0.0,0.00153,0.0,46.2303,0.0,201.09,0.12371,495.92,349.221,67.5,59.1,36.9091,0.0,0.0,408,8.542,0.0,1280.26,0.0,0.05678,0.0,9.9274,0.0,59.1446,0.0,0.05106
2022-10-02 20:35:00,45.4953,2526.67,0.0,0,0.0,34.5718,0.0,0.0,20.6448,0.0,0.0,18.1659,21.7148,22.796,0.0,3.68,0.0,0,1380.37,0.0,0.0,0.0,0.0,0.001526,3.40995,0.0,0.0,4.93175,0.0,0.0,55.2535,0.0,0.0,659.053,0.0,0.0,0.0,0.0,0.0,0.0,0.0,539.156,0.0,0.0,0.0,0.00153,0.0,53.2891,0.0,161.95,0.1639,497.1,352.551,67.8,58.9,41.5125,0.0,0.0,404,8.61158,0.0,1274.36,0.0,4.75174,0.0,9.22426,0.0,59.3057,0.0,0.0528
2022-10-02 20:40:00,42.9973,2518.69,0.0,0,0.0,35.9827,0.0,0.0,18.3479,0.0,0.0,16.2844,17.8543,24.2961,0.0,4.32,0.0,0,1351.97,0.0,0.0,0.0,0.0,0.001526,3.10995,0.0,0.0,5.80456,0.0,0.0,54.4322,0.0,0.0,664.162,0.0,0.0,0.0,0.0,0.0,0.0,0.0,542.062,0.0,0.0,0.0,0.00153,0.0,56.3287,0.0,120.234,0.14381,502.7,354.047,68.1,59.2,43.2593,0.0,0.0,411,8.86427,0.0,1272.35,0.0,0.00093,0.0,8.89027,0.0,58.2925,0.0,0.04856
2022-10-02 20:45:00,38.5961,2518.5,0.0,0,0.0,37.3223,0.0,0.0,17.1057,0.0,0.0,15.6298,14.1366,22.0968,0.0,4.62,0.0,0,1326.63,0.0,0.0,0.0,0.0,0.001526,2.97495,0.0,0.84108,5.92358,0.0,0.0,55.3704,0.0,0.0,655.501,0.0,0.0,0.0,0.0,0.0,0.0,0.0,525.826,0.0,0.0,0.0,0.00153,0.0,62.4628,0.0,119.697,0.12371,494.35,344.859,67.5,59.1,46.4784,0.0,0.0,401,8.20874,0.0,1272.79,0.0,0.63015,0.0,8.09046,0.0,53.7722,0.0045,0.048
2022-10-02 20:50:00,39.2969,2501.72,0.0,0,0.0,36.0999,0.0,0.0,17.5628,0.0,0.0,14.7967,9.03578,21.1985,0.0,4.67,0.0,0,1321.16,0.0,0.0,0.0,0.0,0.001526,4.17494,0.0,1.27272,7.1606,0.0,0.0,55.0782,0.0,0.0,658.065,0.0,0.0,0.0,0.0,0.0,0.0,0.0,510.445,0.0,0.0,0.0,0.00153,0.0,78.8785,0.0,120.039,0.14381,502.87,351.58,68.1,59.1,64.2655,0.0,0.0,403,6.42893,0.0,1276.41,0.0,0.00093,0.0,7.76525,0.0,53.0495,0.0,0.05203
2022-10-02 20:55:00,38.9928,2482.09,0.0,0,0.0,37.3516,0.0,0.0,17.1057,0.0,0.0,14.9157,4.70649,22.5969,0.0,5.26,0.0,0,1318.16,0.0,0.0,0.0,0.0,0.001526,5.44492,0.0,1.53298,7.94217,0.0,0.0,56.161,0.0,0.0,649.055,0.0,0.0,0.0,0.0,0.0,0.0,0.0,492.964,0.0,0.0,0.0,0.00153,0.0,107.306,0.0,120.039,0.13376,498.12,349.549,67.5,59.1,77.7459,0.0,0.0,402,7.34081,0.0,1282.07,0.0,0.0,0.0,7.19396,0.0,54.9136,0.0035,0.05386
2022-10-02 21:00:00,41.8959,2469.13,0.0,0,0.0,35.6687,0.0,0.0,16.3831,0.0,0.0,16.0708,1.82559,24.9997,0.0,6.37,0.0,0,1318.7,0.0,0.0,0.0,0.0,0.001526,7.15489,0.0,1.8948,8.41904,0.0,0.0,56.1333,0.0,0.0,655.373,0.0,0.0,0.0,0.0,0.0,0.0,0.0,474.458,0.0,0.0,0.0,0.00153,0.0,127.997,0.0,119.551,0.12371,492.99,342.99,67.5,59.1,78.8446,0.0,0.0,401,8.82032,0.0,1274.33,0.0,0.0,0.0,7.64221,0.0,57.2989,0.0,0.05136
2022-10-02 21:05:00,39.7965,2460.32,0.0,0,0.0,37.8917,0.0,0.0,15.2698,0.0,0.0,15.9838,0.37842,26.1989,0.0,6.71,0.0,0,1309.49,0.0,0.0,0.0,0.0,0.001526,9.17486,0.0,1.81228,8.86339,0.0,0.0,55.8688,0.0,0.0,655.593,0.0,0.0,0.0,0.0,0.0,0.0,0.0,463.838,0.0,0.0,0.0,0.00153,0.0,141.007,0.0,21.8952,0.15386,505.16,356.792,67.8,59.1,77.5152,0.0,0.0,408,8.13184,0.0,1278.16,0.0,7.88109,0.0,6.89512,0.0,59.8953,0.0,0.05192
2022-10-02 21:10:00,37.698,2479.36,0.0,0,0.0,42.0112,0.0,0.0,9.89664,0.0,0.0,17.0077,0.0,26.9998,0.0,7.11,0.0,0,1332.69,0.0,0.0,0.0,0.0,0.001526,10.1149,0.0,2.5518,9.36168,0.0,0.0,56.0441,0.0,0.0,661.708,0.0,0.0,0.0,0.0,0.0,0.0,0.0,450.434,0.0,0.0,0.0,0.00153,0.0,152.625,0.0,0.0,0.12371,507.64,353.893,68.1,59.1,76.922,0.0,0.0,407,8.55665,0.0,1275.87,0.0,0.00093,0.0,6.95665,0.0,62.1915,0.0025,0.04543
2022-10-02 21:15:00,36.7972,2460.19,0.0,0,0.0,42.0907,0.0,0.0,9.24038,0.0,0.0,18.2528,0.1593,29.0973,0.0,7.12,0.0,0,1341.3,0.0,0.0,0.0,0.0,0.001526,10.9648,0.0,3.13262,8.85466,0.0,0.0,55.6934,0.0,0.0,660.463,0.0,0.0,0.0,0.0,0.0,0.0,0.0,430.048,0.0,0.0,0.0,0.00153,0.0,155.784,0.0,0.0,0.13376,495.03,345.466,67.5,59.1,79.2291,0.0,0.0,401,9.12795,0.0,1276.67,0.0,0.00093,0.0,6.5875,0.0,67.7067,0.0,0.0511
2022-10-02 21:20:00,31.0946,2448.08,0.0,0,0.0,43.8323,0.0,0.0,9.04506,0.0,0.0,20.1648,0.0,30.6992,0.0,7.49,0.0,0,1315.45,0.0,0.0,0.0,0.0,0.001526,11.0848,0.0,4.6053,9.79571,0.0,0.0,55.8995,0.0,0.0,660.317,0.0,0.0,0.0,0.0,0.0,0.0,0.0,416.986,0.0,0.0,0.0,0.00153,0.0,162.66,0.0,0.0,0.15386,506.96,357.297,68.1,59.1,91.9295,0.0,0.0,408,7.89746,0.0,1278.87,0.0,0.00093,0.0,5.77011,0.0,65.0883,0.0,0.05298
2022-10-02 21:25:00,27.4964,2430.09,0.0,0,0.0,40.571,0.0,0.0,8.06067,0.0,0.0,19.9664,0.0,30.0974,0.0,7.73,0.0,0,1306.42,0.0,0.0,0.0,0.0,0.001526,11.5648,0.0,5.5035,9.67907,0.0,0.0,55.9272,0.0,0.0,657.149,0.0,0.0,0.0,0.0,0.0,0.0,0.0,400.897,0.0,0.0,0.0,0.00153,0.0,174.846,0.0,0.0,0.12371,500.46,350.597,67.6,59.1,110.596,0.0,0.0,402,6.95262,0.0,1271.06,0.0,6.88699,0.0,5.83163,0.0,68.5905,0.0,0.0555
2022-10-02 21:30:00,27.8954,2411.88,0.0,0,0.0,39.8614,0.0,0.0,6.42393,0.0,0.0,19.4492,0.0,28.3982,0.0,7.9,0.0,0,1302.12,0.0,0.0,0.0,0.0,0.001526,11.4748,0.0,7.82043,9.3839,0.0,0.0,55.4873,0.0,0.0,660.298,0.0,0.0,0.0,0.0,0.0,0.0,0.0,386.004,0.0,0.0,0.0,0.00153,0.0,179.268,0.0,0.0,0.12371,498.72,351.062,67.6,58.8,109.189,0.0,0.0,404,7.37743,0.0,1275.41,0.0,0.00093,0.0,5.81405,0.0,69.1936,0.0035,0.04613
2022-10-02 21:35:00,27.1981,2392.57,0.0,0,0.0,36.3113,0.0,0.0,6.35752,0.0,0.0,22.6932,0.0,28.3982,0.0,7.98,0.0,0,1287.5,0.0,0.0,0.0,0.0,0.001526,12.1748,0.0,6.80479,9.51086,0.0,0.0,54.8721,0.0,0.0,661.8,0.0,0.0,0.0,0.0,0.0,0.0,0.0,370.257,0.0,0.0,0.0,0.00153,0.0,174.598,0.0,0.0,0.184,501.32,352.762,67.9,59.1,107.992,0.0,0.0,402,7.55322,0.0,1272.08,0.0,15.078,0.0,5.27791,0.0,67.5004,0.0,0.05221
2022-10-02 21:40:00,26.2956,2378.26,0.0,0,0.0,34.3625,0.0,0.0,0.0,0.0,0.0,25.3941,0.39857,27.0972,0.0,7.9,0.0,0,1291.23,0.0,0.0,0.0,0.0,0.001526,13.0348,0.0,7.60461,9.47674,0.0,0.0,55.7211,0.0,0.0,654.567,0.0,0.0,0.0,0.0,0.0,0.0,0.0,352.581,0.0,0.0,0.0,0.00153,0.0,178.865,0.0,0.0,0.08352,503.43,353.295,67.8,59.1,109.629,0.0,0.0,401,7.44701,0.0,1277.02,0.0,0.00093,0.0,4.87361,0.0,66.4799,0.0005,0.05345
2022-10-02 21:45:00,27.0969,2364.81,0.0,0,0.0,34.4525,0.0,0.0,0.0,0.0,0.0,24.9912,0.0,26.6989,0.0,7.48,0.0,0,1266.21,0.0,0.0,0.0,0.0,0.001526,12.2348,0.0,9.62954,10.2639,0.0,0.0,56.161,0.0,0.0,658.651,0.0,0.0,0.0,0.0,0.0,0.0,0.0,335.442,21.1900005341,0.0,0.0,0.00153,0.0,186.876,0.0,0.0,0.12371,499.72,350.647,67.8,59.1,118.66,0.0,0.0,404,7.11376,0.0,1275.14,0.0,5.23203,0.0,4.1529,0.0,61.8167,0.0055,0.05022
2022-10-02 21:50:00,27.9944,2367.71,0.0,0,0.0,33.5608,0.0,0.0,0.0,0.0,0.0,26.5965,0.1593,26.7963,0.0,6.76,0.0,0,1277.19,0.0,0.0,0.0,0.0,0.001526,12.6448,0.0,10.9816,11.1851,0.0,0.0,55.1059,0.0,0.0,660.042,0.0,0.0,0.0,0.0,0.0,0.0,0.0,318.059,0.0,0.0,0.0,0.00153,0.0,187.59,0.0,0.0,0.15386,498.51,350.649,67.8,59.1,115.298,0.0,0.0,402,7.0222,0.0,1273.45,0.0,0.00093,0.0,3.67828,0.0,64.8026,0.0015,0.05748
2022-10-02 21:55:00,28.3962,2381.38,0.0,0,0.0,35.451,0.0,0.0,0.0,0.0,0.0,27.2236,0.38636,23.8978,0.0,6.94,0.0,0,1269.55,0.0,0.0,0.0,0.0,0.001526,14.1448,0.0,12.9304,10.4448,0.0,0.0,55.6934,0.0,0.0,658.467,0.0,0.0,0.0,0.0,0.0,0.0,0.0,304.509,0.0,0.0,0.0,0.00153,0.0,187.407,0.0,0.0,0.14381,506.18,359.566,68.0,59.1,112.551,0.0,0.0,375,7.1284,0.0,1276.82,0.0,0.00093,0.0,3.00151,0.0,63.3768,0.0015,0.05069
2022-10-02 22:00:00,27.8981,2370.4,0.0,0,0.0,39.8426,0.0,0.0,0.0,0.0,0.0,25.9861,2.10391,22.0968,0.0,6.39,0.0,0,1262.45,0.0,0.0,0.0,0.0,0.001526,13.6148,0.0,15.0188,10.1147,0.0,0.0,54.7275,0.0,0.0,653.981,0.0,0.0,0.0,0.0,0.0,0.0,0.0,289.006,65.8600006104,0.0,0.0,0.00153,0.0,196.507,0.0,0.0,0.12371,504.7,350.682,68.0,59.2,102.751,0.0,0.0,336,8.05493,0.0,1279.78,0.0,0.00093,0.0,2.52689,0.0,60.9464,0.0045,0.04959
2022-10-02 22:05:00,26.5967,2368.81,0.0,0,0.0,41.984,0.0,0.0,0.0,0.0,0.0,24.9409,3.0341,20.5967,0.0,5.0,0.0,0,1267.48,0.0,0.0,0.0,0.0,0.001526,12.6648,0.0,14.9045,11.5755,0.0,0.0,55.6934,0.0,0.0,670.077,0.0,0.0,0.0,0.0,0.0,0.0,0.0,289.104,45.4199981689,0.0,0.0,0.00153,0.0,197.322,0.0,0.0,0.15386,513.38,360.283,68.3,59.1,99.3454,0.0,0.0,383,7.94507,0.0,1276.97,0.0,33.1616,0.0,2.57084,0.0,64.6647,0.0,0.05128
2022-10-02 22:10:00,25.594,2364.42,0.0,0,0.0,47.0287,0.0,0.0,0.0,0.0,0.0,25.6901,2.60563,19.1984,0.0,5.07,0.0,0,1284.1,0.0,0.0,0.0,0.0,0.001526,12.9448,0.0,12.5051,12.1071,0.0,0.0,56.3948,0.0,0.0,659.035,0.0,0.0,0.0,0.0,0.0,0.0,0.0,305.388,0.0,0.0,0.0,0.00153,0.0,200.316,0.0,0.0,0.12371,504.86,355.885,67.8,59.1,86.8977,0.0,0.0,403,7.09178,0.0,1276.14,0.0,8.72253,0.0,2.36869,0.0,68.1816,0.0,0.05234
2022-10-02 22:15:00,23.2979,2345.52,0.0,0,0.0,46.97,0.0,0.0,0.0,0.0,0.0,23.9521,2.30472,18.2956,0.0,5.54,0.0,0,1312.23,0.0,0.0,0.0,0.0,0.001526,11.7448,0.0,11.1594,10.0012,0.0,0.0,55.1366,0.0,0.0,658.394,0.0,0.0,0.0,0.0,0.0,0.0,0.0,289.323,0.0,0.0,0.0,0.00153,0.0,199.739,0.0,0.0,0.14381,502.41,352.807,68.1,59.0,82.3053,0.0,0.0,401,7.93408,0.0,1273.13,0.0,0.00093,0.0,2.63236,0.0,62.9715,0.0035,0.04775
2022-10-02 22:20:00,20.9945,2349.69,0.0,0,0.0,47.8199,0.0,0.0,0.0,0.0,0.0,20.5234,2.45304,19.2957,0.0,5.6,0.0,0,1323.14,0.0,0.0,0.0,0.0,0.001526,10.7048,0.0,11.5783,12.042,0.0,0.0,54.9613,0.0,0.0,661.013,0.0,0.0,0.0,0.0,0.0,0.0,0.0,277.336,0.0,0.0,0.0,0.00153,0.0,195.125,0.0,0.0,0.15386,509.72,362.734,68.3,59.1,82.0307,0.0,0.0,406,6.29343,0.0,1279.21,0.0,11.9282,0.0,2.94878,0.0,64.0787,0.0,0.04516
2022-10-02 22:25:00,19.4938,2336.78,0.0,0,0.0,46.4195,0.0,0.0,0.0,0.0,0.0,20.2533,2.51408,20.0967,0.0,5.6,0.0,0,1337.74,0.0,0.0,0.0,0.0,0.001526,9.55485,0.0,11.737,12.196,0.0,0.0,55.2227,0.0,0.0,659.987,0.0,0.0,0.0,0.0,0.0,0.0,0.0,263.688,0.0,0.0,0.0,0.00153,0.0,196.214,0.0,0.0,0.13376,505.57,351.983,67.9,59.2,78.482,0.0,0.0,400,4.57954,0.0,1278.55,0.0,0.00093,0.0,1.96439,0.0,63.8908,0.0,0.05322
2022-10-02 22:30:00,15.0958,2323.84,0.0,0,0.0,46.2144,0.0,0.0,0.0,0.0,0.0,19.4034,2.78447,20.9994,0.0,5.31,0.0,0,1349.09,0.0,0.0,0.0,0.0,0.001526,10.4448,0.0,13.4636,11.9825,0.0,0.0,55.9856,0.0,0.0,660.28,0.0,0.0,0.0,0.0,0.0,0.0,0.0,245.597,0.0,0.0,0.0,0.00153,0.0,196.764,0.0,0.0,0.12371,499.79,353.209,67.9,59.1,72.4614,0.0,0.0,404,3.74456,0.0,1274.84,0.0,12.4029,0.0,0.76905,0.0,62.3282,0.0,0.0501
2022-10-02 22:35:00,11.8989,2354.6,0.0,0,0.0,45.6995,0.0,0.0,0.0,0.0,0.0,19.2904,2.1564,22.6986,0.0,4.98,0.0,0,1351.71,0.0,0.0,0.0,0.0,0.001526,9.91485,0.0,16.5105,12.3769,0.0,0.0,55.5181,0.0,0.0,657.68,0.0,0.0,0.0,0.0,0.0,0.0,0.0,257.511,0.0,0.0,0.0,0.00153,0.0,196.873,0.0,0.0,0.1639,496.82,345.746,67.3,59.3,72.1538,0.0,0.0,396,2.52873,0.0,1270.69,0.0,8.62387,0.0,1.27883,0.0,60.6973,3.90244,0.04894
2022-10-02 22:40:00,8.69498,2391.71,0.0,0,0.0,44.4603,0.0,0.0,0.0,0.0,0.0,21.2406,1.58633,23.7961,0.0,5.48,0.0,0,1360.59,0.0,0.0,0.0,0.0,0.001526,10.5748,0.0,16.7454,12.4181,0.0,0.0,55.7211,0.0,0.0,655.098,0.0,0.0,0.0,0.0,0.0,0.0,0.0,245.084,0.0,0.0,0.0,0.00153,0.0,196.141,0.0,0.0,0.13376,502.09,351.039,67.9,58.9,66.2101,0.0,0.0,404,1.08583,0.0,1273.04,0.0,16.396,0.0,1.28762,0.0,69.9956,3.97344,0.05401
2022-10-02 22:45:00,8.897,2424.94,0.0,0,0.0,43.8114,0.0,0.0,0.0,0.0,0.0,20.2411,0.25818,26.6989,0.0,5.53,0.0,0,1362.25,0.0,0.0,0.0,0.0,0.001526,11.4448,0.0,19.075,12.6847,0.0,0.0,55.4596,0.0,0.0,662.642,0.0,0.0,0.0,0.0,0.0,0.0,0.0,229.068,0.0,0.0,0.0,0.00153,0.0,189.961,0.0,0.0,0.12371,505.45,354.011,67.9,59.1,63.0131,0.0,0.0,402,0.76539,0.0,1279.73,0.0,17.6526,0.0,0.0,0.0,79.9579,0.1245,0.04631
2022-10-02 22:50:00,6.49828,2424.77,0.0,0,0.0,45.6094,0.0,0.0,0.0,0.0,0.0,18.6831,0.0,25.097,0.0,5.14,0.0,0,1359.93,0.0,0.0,0.0,0.0,0.001526,12.7648,0.0,19.4939,12.3412,0.0,0.0,55.958,0.0,0.0,665.096,0.0,0.0,0.0,0.0,0.0,0.0,0.0,220.597,0.0,0.0,0.0,0.00153,0.0,182.124,0.0,0.0,0.14381,502.41,353.333,68.0,58.9,56.2783,0.0,0.0,407,0.33143,0.0,1277.33,0.0,6.86838,0.0,0.67237,0.0,78.5382,0.0,0.04979
2022-10-02 22:55:00,5.19409,2425.4,0.0,0,0.0,48.0816,0.0,0.0,0.0,0.0,0.0,19.2676,0.51759,22.6986,0.0,5.01,0.0,0,1362.13,0.0,0.0,0.0,0.0,0.001526,13.2048,0.0,18.5608,12.6578,0.0,0.0,56.2779,0.0,0.0,665.792,0.0,0.0,0.0,0.0,0.0,0.0,0.0,220.987,0.0,0.0,0.0,0.00153,0.0,176.146,0.0,0.0,0.13376,498.72,349.711,67.7,59.0,59.4974,0.0,0.0,403,0.0,0.0,1275.21,0.0,11.2934,0.0,0.76027,0.0,76.7901,0.0,0.05273
2022-10-02 23:00:00,3.29694,2414.61,0.0,0,0.0,50.3716,0.0,0.0,0.0,0.0,0.0,18.2086,0.92592,19.8975,0.0,5.01,0.0,0,1334.93,0.0,0.0,0.0,0.0,0.001526,13.0348,0.0,18.1101,12.6586,0.0,0.0,55.1951,0.0,0.0,659.713,0.0,0.0,0.0,0.0,0.0,0.0,0.0,220.035,0.0,0.0,0.0,0.00153,0.0,176.283,0.0,0.0,0.15386,503.02,353.421,68.0,59.0,64.5292,0.0,0.0,371,0.0,0.0,1272.94,0.0,0.0,0.0,0.63722,0.0,76.3714,0.0,0.05175
2022-10-02 23:05:00,2.6978,2459.56,0.0,0,0.0,51.4914,0.0,0.0,0.0,0.0,0.0,18.6252,0.86793,18.6983,0.0,5.55,0.0,0,1350.61,0.0,0.0,0.0,0.0,0.001526,12.8048,0.0,17.7927,12.0436,0.0,0.0,55.6626,0.0,0.0,663.778,0.0,0.0,0.0,0.0,0.0,0.0,0.0,229.044,30.3099994659,0.0,0.0,0.00153,0.0,171.952,0.0,0.0,0.13376,244.52,364.312,68.1,59.0,65.0565,0.0,0.0,408,0.0,0.0,1277.65,0.0,0.0,0.0,0.83058,0.0,71.1491,0.0,0.05526
2022-10-02 23:10:00,2.89799,2462.32,0.0,0,0.0,49.9613,0.0,0.0,0.0,0.0,0.0,18.9639,0.54688,18.4992,0.0,5.85,0.0,0,1359.44,0.0,0.0,0.0,0.0,0.001526,14.0248,0.0,13.7937,12.6784,0.0,0.0,55.8688,0.0,0.0,657.826,0.0,0.0,0.0,0.0,0.0,0.0,0.0,235.709,0.0,0.0,0.0,0.00153,0.0,165.809,0.0,0.0,0.14381,255.41,356.425,68.2,59.0,73.8238,0.0,0.0,406,0.0,0.0,1274.62,0.0,11.137,0.0,1.11183,0.0,64.8502,0.0005,0.05419
2022-10-02 23:15:00,3.19363,2464.73,0.0,0,0.0,47.0538,0.0,0.0,0.0,0.0,0.0,18.8861,0.0,16.0964,0.0,6.25,0.0,0,1368.45,0.0,0.0,0.0,0.0,0.001526,13.9948,0.0,15.2727,12.2531,0.0,0.0,55.4012,0.0,0.0,659.474,0.0,0.0,0.0,0.0,0.0,0.0,0.0,239.615,0.0,0.0,0.0,0.00153,0.0,159.171,0.0,0.0,0.15386,252.18,352.994,68.2,59.2,90.754,0.0,0.0,403,0.0,0.0,1275.43,0.0,0.0,0.0,1.50735,0.0,60.9183,0.0035,0.04593
2022-10-02 23:20:00,3.39292,2429.75,0.0,0,0.0,45.9506,0.0,0.0,0.0,0.0,0.0,20.0244,0.0,15.6981,0.0,6.23,0.0,0,1340.91,0.0,0.0,0.0,0.0,0.001526,15.0248,0.0,18.8973,12.8522,0.0,0.0,55.5181,0.0,0.0,655.281,0.0,0.0,0.0,0.0,0.0,0.0,0.0,229.923,0.0,0.0,0.0,0.00153,0.0,153.065,0.0,0.0,0.12371,249.28,347.09,67.6,59.1,101.455,0.0,0.0,377,0.0,0.0,1273.35,0.0,17.3995,0.0,2.45658,0.0,58.2925,0.0025,0.05611
2022-10-02 23:25:00,2.49706,2426.82,0.0,0,0.0,44.0018,0.0,0.0,0.0,0.0,0.0,20.2441,0.0,17.5965,0.0,6.52,0.0,0,1306.0,0.0,0.0,0.0,0.0,0.001526,16.0648,0.0,19.4051,13.0965,0.0,0.0,55.0782,0.0,0.0,657.057,0.0,0.0,0.0,0.0,0.0,0.0,0.0,225.235,0.0,0.0,0.0,0.00153,0.0,149.375,0.0,0.0,0.13376,253.01,351.576,67.9,59.1,110.035,0.0,0.0,350,0.0,0.0,1278.41,0.0,16.8019,0.0,2.57963,0.0,60.4593,0.0,0.05114
2022-10-02 23:30:00,2.19386,2434.14,0.0,0,0.0,43.0829,0.0,0.0,0.0,0.0,0.0,21.9303,0.0,14.7998,0.0,7.54,0.0,0,1276.73,0.0,0.0,0.0,0.0,0.001526,16.4548,0.0,22.6932,13.2211,0.0,0.0,55.5457,0.0,0.0,656.856,0.0,0.0,0.0,0.0,0.0,0.0,0.0,225.382,0.0,0.0,0.0,0.00153,0.0,151.206,0.0,0.0,0.17395,253.17,354.662,67.9,59.2,115.023,0.0,0.0,344,0.0,0.0,1276.33,0.0,8.46191,0.0,2.46537,0.0,61.995,0.0,0.05144
2022-10-02 23:35:00,2.69589,2416.44,0.0,0,0.0,42.7438,0.0,0.0,0.0,0.0,0.0,24.9729,1.55337,16.0964,0.0,7.69,0.0,0,1296.85,0.0,0.0,0.0,0.0,0.001526,17.3947,0.0,24.5404,13.5409,0.0,0.0,55.1643,0.0,0.0,657.936,0.0,0.0,0.0,0.0,0.0,0.0,0.0,219.01,0.0,0.0,0.0,0.00153,0.0,147.883,0.0,0.0,0.12371,124.34,309.619,68.1,59.1,119.055,0.0,0.0,379,0.0,0.0,1272.99,0.0,0.00093,0.0,2.84331,0.0,59.4644,0.0015,0.04884
2022-10-02 23:40:00,3.59464,2388.51,0.0,0,0.0,41.6532,0.0,0.0,0.0,0.0,0.0,27.863,2.8748,15.8972,0.0,7.28,0.0,0,1316.11,0.0,0.0,0.0,0.0,0.001526,19.4847,0.0,25.4101,14.1558,0.0,0.0,54.9305,0.0,0.0,654.933,0.0,0.0,0.0,0.0,0.0,0.0,0.0,219.303,0.0,0.0,0.0,0.00153,0.0,141.099,0.0,0.0,0.12371,122.09,299.562,67.5,59.1,122.933,0.0,0.0,399,0.0,0.0,1280.65,0.0,6.01018,0.0,2.61479,0.0,56.3577,0.0035,0.05303
2022-10-02 23:45:00,3.89692,2407.31,0.0,0,0.0,44.1107,0.0,0.0,0.0,0.0,0.0,30.4006,6.08469,14.8972,0.0,7.35,0.0,0,1289.45,0.0,0.0,0.0,0.0,0.001526,21.7747,0.0,24.0135,14.4748,0.0,0.0,54.8721,0.0,0.0,655.977,0.0,0.0,0.0,0.0,0.0,0.0,0.0,222.086,40.6800003052,0.0,0.0,0.00153,0.0,135.029,0.0,0.0,0.15386,126.41,309.336,67.5,59.1,128.141,0.0,0.0,369,0.0,0.0,1275.09,0.0,20.3277,0.0,2.42142,0.0,57.5992,0.0,0.05152
2022-10-02 23:50:00,3.39536,2412.19,0.0,0,0.0,49.8148,0.0,0.0,0.0,0.0,0.0,32.6528,8.83253,14.2998,0.0,7.7,0.0,0,1265.25,0.0,0.0,0.0,0.0,0.001526,23.0847,0.0,25.7782,14.5732,0.0,0.0,54.9613,0.0,0.0,661.562,0.0,0.0,0.0,0.0,0.0,0.0,0.0,222.232,0.0,0.0,0.0,0.00153,0.0,130.323,0.0,0.0,0.12371,125.64,307.742,68.2,59.3,131.129,0.0,0.0,407,0.47425,0.0,1275.55,0.0,0.00093,0.0,2.50932,0.0,49.7389,0.0,0.04979
2022-10-02 23:55:00,2.99542,2405.55,0.0,0,0.0,54.0096,0.0,0.0,0.0,0.0,0.0,36.1395,11.4742,12.7997,0.0,7.93,0.0,0,1231.88,0.0,0.0,0.0,0.0,0.001526,24.2646,0.0,23.9628,14.3058,0.0,0.0,55.838,0.0,0.0,662.111,0.0,0.0,0.0,0.0,0.0,0.0,0.0,220.645,59.1500015259,0.0,0.0,0.00153,0.0,123.026,0.0,0.0,0.13376,124.23,304.377,67.8,58.8,142.467,0.0,0.0,371,0.57862,0.0,1278.16,0.0,0.01024,0.0,2.5181,0.0,44.9915,0.0,0.04951
