SETTLEMENTDATE,BANGOWF,BAYSW,BERYLSF,BHILLGT,BOCOROCK,BODWF,BOMENSF,BROKENH,CAPTL_WF,COLEASF,COLONGRA,COLWF0,CROOKWF,CRURWF,CRWASF,CULLERIN,DARLSF1,DG_NSW1,ERARING,ERGT01,FINLYSF,GNNDHSF,GOONSF,GRIFSF,GULLRGWF,GULLRSF,GULLRWF,GUNNING,HEZ1,HILLSTN,HUMENSW,JEMALNG,JUNEESF,LIDDELL,LIMOSF1,LIMOSF2,MANSLR,METZSF,MLSP,MOLNGSF,MOREESF,MP,NETIC,NEVERSF,NYNGAN,PARSF,ROYALLA,SAPHWF,SEBSF,SHOALHAV,SITHE,SNOWY1,SNOWY2,SNOWY3,SNOWY6,STWF,SUNRSF,SUNTPSF,TALLAWAR,TARALGA,URANQ,VP,WAGGNSF,WALGRV,WELLSF,WOODLWN,WRSF,WRWF,QBYNB,WSTWYSF,NEWENSF,AVLSF,RESS1,RIVNB2,DPNTB,WYASF,CAPBES,BWTR1,CONDONG1,FLYCRKWF,RYEPARK,TALWB,SHOAL1,BHB
2023-12-04 00:00:00,144.895,1364.43,0.0,0.0,3.11,51.8431,0.0,0.0,0.0,0.0,0.0,57.0596,10.273,40.3991,0.0,14.1,0.0,0,2606.12,0.0,0.0,0.0,0.0,0.001526,35.9944,0.0,59.6118,25.8405,0.0,0.0,23.0,0.0,0.0,,0.0,0.0,0.0,0.0,1.375,0.0,0.0,692.076,0.0,0.0,0.0,0.00153,0.0,154.64,0.0,0.0,0.13376,0.0,345.629,33.9,0.0,109.596,0.0,0.0,0,6.84642,0.0,1025.08,0.0,0.0,0.0,3.70465,0.0,60.0052,0.0,0.0,0.0,0.0,0.0,0.0,0.0,0.0,0.0,13.8327,-0.97,0.0,85.3181,0.0,0.0,0.0
2023-12-04 00:05:00,149.398,1366.82,0.0,0.0,2.27,53.8212,0.0,0.0,0.0,0.0,0.0,54.6105,9.85428,36.3988,0.0,13.25,0.0,0,2572.94,0.0,0.0,0.0,0.0,0.001526,35.8945,0.0,62.938,25.0676,0.0,0.0,23.0,0.0,0.0,,0.0,0.0,0.0,0.0,1.375,0.0,0.0,670.152,0.0,0.0,0.0,0.00153,0.0,141.41,0.0,0.0,0.15386,0.0,355.987,34.2,0.0,110.332,0.0,0.0,0,5.12154,0.0,995.245,0.0,3.17868,0.0,2.46537,0.0,52.6308,1.60348,0.0,0.0,0.0,0.25272,0.0015,0.0,0.0,0.0,13.8327,-0.93,0.0,82.8709,0.0,0.0,0.0
2023-12-04 00:10:00,139.896,1368.11,0.0,0.0,2.8,55.343,0.0,0.0,0.0,0.0,0.0,55.4849,8.76417,41.3992,0.0,11.04,0.0,0,2523.7,0.0,0.0,0.0,0.0,0.001526,38.6244,0.0,60.4243,24.0512,0.0,0.0,23.0,0.0,0.0,,0.0,0.0,0.0,0.0,1.375,0.0,0.0,645.542,0.0,0.0,0.0,0.00153,0.0,129.664,0.0,0.0,0.14381,0.0,351.067,33.9,0.0,106.223,0.0,0.0,0,5.94186,0.0,1052.18,0.0,2.11012,0.0,3.47613,0.0,51.1232,1.26548,0.0,0.0,0.0,0.0,0.17197,0.0,0.0,0.0,13.8327,-0.94,0.0,79.8798,0.0,0.0,0.0
2023-12-04 00:15:00,139.598,1374.07,0.0,0.0,3.2,50.9828,0.0,0.0,0.0,0.0,0.0,53.2876,10.1533,42.9966,0.0,10.59,0.0,0,2533.49,0.0,0.0,0.0,0.0,0.001526,35.9944,0.0,59.0278,23.7441,0.0,0.0,23.0,0.0,0.0,,0.0,0.0,0.0,0.0,1.375,0.0,0.0,636.313,0.0,0.0,0.0,0.00153,0.0,125.342,0.0,0.0,0.1639,0.0,353.4,34.1,0.0,105.652,0.0,0.0,0,5.43648,0.0,1000.15,0.0,2.93854,0.0,3.88043,0.0,48.0446,0.93449,0.0,0.0,0.0,0.79405,0.0,0.0,0.0,0.0,13.4898,-0.95,0.0,79.9523,0.0,0.0,0.0
2023-12-04 00:20:00,140.597,1367.7,0.0,0.0,3.48,51.0225,0.0,0.0,0.0,0.0,0.0,51.2291,11.7049,44.6959,0.0,11.32,0.0,0,2525.8,0.0,0.0,0.0,0.0,0.001526,34.9545,0.0,62.9126,24.098,0.0,0.0,23.0,0.0,0.0,,0.0,0.0,0.0,0.0,1.375,0.0,0.0,602.036,0.0,0.0,0.0,0.00153,0.0,122.953,0.0,0.0,0.13376,0.0,348.397,34.2,0.0,103.125,0.0,0.0,0,6.90501,0.0,1002.25,0.0,2.46755,0.0,2.62358,0.0,42.3584,0.96349,0.0,0.0,0.0,0.0,0.0,0.0,0.0,0.0,13.204,-0.94,0.0,81.1306,0.0,0.0,0.0
2023-12-04 00:25:00,136.597,1371.02,0.0,0.0,3.25,55.5021,0.0,0.0,0.0,0.0,0.0,49.0196,12.5533,44.6959,0.0,9.68,0.0,0,2526.99,0.0,0.0,0.0,0.0,0.001526,37.0244,0.0,55.1239,25.312,0.0,0.0,23.0,0.0,0.0,,0.0,0.0,0.0,0.0,1.375,0.0,0.0,570.785,0.0,0.0,0.0,0.00153,0.0,120.81,0.0,0.0,0.12371,0.0,352.332,34.2,0.0,104.212,0.0,0.0,0,7.13207,0.0,1000.84,0.0,2.38006,0.0,3.56402,0.0,37.4633,1.16948,0.0,0.0,0.0,0.49796,0.07028,0.0,0.0,0.0,13.204,-0.95,0.0,75.2391,0.0,0.0,0.0
2023-12-04 00:30:00,134.399,1367.01,0.0,0.0,2.74,59.0626,0.0,0.0,0.0,0.0,0.0,48.9036,14.2135,47.5988,0.0,10.17,0.0,0,2518.79,0.0,0.0,0.0,0.0,0.001526,37.4244,0.0,49.8997,24.4979,0.0,0.0,23.0,0.0,0.0,,0.0,0.0,0.0,0.0,1.375,0.0,0.0,555.575,0.0,0.0,0.0,0.00153,0.0,114.85,0.0,0.0,0.1639,0.0,345.186,33.9,0.0,99.664,0.0,0.0,0,5.08125,0.0,999.982,0.0,0.68414,0.0,4.59236,0.0,35.8312,0.1365,0.0,0.0,0.0,0.0,0.0,0.0,0.0,0.0,13.204,-0.94,0.0,77.9401,0.0,0.0,0.0
2023-12-04 00:35:00,129.295,1372.04,0.0,0.0,3.72,56.0317,0.0,0.0,0.0,0.0,0.0,46.7369,12.6839,48.5988,0.0,10.47,0.0,0,2454.97,0.0,0.0,0.0,0.0,0.001526,38.6844,0.0,49.138,24.7836,0.0,0.0,23.0,0.0,0.0,,0.0,0.0,0.0,0.0,1.375,0.0,0.0,560.433,0.0,0.0,0.0,0.00153,0.0,109.87,0.0,0.0,0.14381,0.0,349.636,33.9,0.0,103.476,0.0,0.0,0,3.97528,0.0,1020.49,0.0,2.92737,0.0,3.7398,0.0,37.8442,0.86949,0.0,0.0,0.0,0.37235,0.0,0.0,0.0,0.0,13.204,-0.9,0.0,71.7223,0.0,0.0,0.0
2023-12-04 00:40:00,129.899,1370.72,0.0,0.0,2.96,59.542,0.0,0.0,0.0,0.0,0.0,46.1357,10.9053,47.6961,0.0,9.88,0.0,0,2413.49,0.0,0.0,0.0,0.0,0.001526,37.2144,0.0,65.4961,24.9676,0.0,0.0,23.0,0.0,0.0,,0.0,0.0,0.0,0.0,1.375,0.0,0.0,560.116,17.3299999237,0.0,0.0,0.00153,0.0,104.642,0.0,0.0,0.1639,0.0,354.977,34.0,0.0,101.51,0.0,0.0,0,2.70268,0.0,1050.42,0.0,2.75051,0.0,2.75541,0.0,36.9946,1.19448,0.0,0.0,0.0,0.21085,0.0,0.0,0.0,0.0,13.204,-0.8,0.0,70.7072,0.0,0.0,0.0
2023-12-04 00:45:00,121.797,1370.26,0.0,0.0,2.23,62.4935,0.0,0.0,0.0,0.0,0.0,45.9052,11.3521,43.3993,0.0,10.74,0.0,0,2414.56,0.0,0.0,0.0,0.0,0.001526,36.4344,0.0,65.4834,25.9507,0.0,0.0,23.0,0.0,0.0,,0.0,0.0,0.0,0.0,1.375,0.0,0.0,565.267,0.0,0.0,0.0,0.00153,0.0,97.3907,0.0,0.0,0.14381,0.0,352.942,34.0,0.0,103.553,0.0,0.0,0,3.41497,0.0,1066.07,0.0,3.00555,0.0,2.72905,0.0,35.5883,1.76647,0.0,0.0,0.0,0.3245,0.0972,0.0,0.0,0.0,13.204,-0.81,0.0,66.3384,0.0,0.0,0.0
2023-12-04 00:50:00,119.595,1368.55,0.0,0.0,2.65,61.631,0.0,0.0,0.0,0.0,0.0,47.982,9.85428,35.9961,0.0,10.8,0.0,0,2413.29,0.0,0.0,0.0,0.0,0.001526,35.2745,0.0,63.5664,28.9508,0.0,0.0,23.0,0.0,0.0,,0.0,0.0,0.0,0.0,1.375,0.0,0.0,562.606,0.0,0.0,0.0,0.00153,0.0,85.2415,0.0,0.0,0.1639,0.0,354.547,33.9,0.0,102.916,0.0,0.0,0,2.72648,0.0,1113.22,0.0,1.45112,0.0,3.29155,0.0,36.7187,1.58448,0.0,0.0,0.0,0.0,0.0,0.0,0.0,0.0,13.204,-0.81,0.0,64.8157,0.0,0.0,0.0
2023-12-04 00:55:00,116.397,1367.53,0.0,0.0,2.59,60.6996,0.0,0.0,0.0,0.0,0.0,49.6696,11.3741,36.7971,0.0,10.08,0.0,0,2413.95,0.0,0.0,0.0,0.0,0.001526,36.7044,0.0,58.12,28.904,0.0,0.0,23.0,0.0,0.0,,0.0,0.0,0.0,0.0,1.375,0.0,0.0,560.897,0.0,0.0,0.0,0.00153,0.0,75.2804,0.0,0.0,0.15386,0.0,354.04,34.2,0.0,103.41,0.0,0.0,0,3.51385,0.0,1160.53,0.0,2.11943,0.0,2.91362,0.0,34.6178,1.54048,0.0,0.0,0.0,0.0,0.0,0.0,0.0,0.0,13.204,-0.81,0.0,62.3503,0.0,0.0,0.0
2023-12-04 01:00:00,113.497,1364.43,0.0,0.0,2.25,59.7199,0.0,0.0,0.0,0.0,0.0,48.2277,11.5145,35.797,0.0,10.3,0.0,0,2402.97,0.0,0.0,0.0,0.0,0.001526,36.5844,0.0,60.8115,24.7875,0.0,0.0,23.0,0.0,0.0,,0.0,0.0,0.0,0.0,1.375,0.0,0.0,553.085,0.0,0.0,0.0,0.00153,0.0,77.6699,0.0,0.0,0.12371,0.0,347.193,33.9,0.0,100.049,0.0,0.0,0,4.1474,0.0,1111.36,0.0,0.0,0.0,2.53568,0.0,31.3756,0.56649,0.0,0.0,0.0,0.0,0.18692,0.0,0.0,0.0,13.0896,-0.81,0.0,57.8727,0.0,0.0,0.0
2023-12-04 01:05:00,113.598,1368.53,0.0,0.0,2.64,64.3334,0.0,0.0,0.0,0.0,0.0,46.5003,13.6642,31.3984,0.0,10.48,0.0,0,2415.93,0.0,0.0,0.0,0.0,0.001526,38.6144,0.0,56.184,23.3894,0.0,0.0,23.0,0.0,0.0,,0.0,0.0,0.0,0.0,1.375,0.0,0.0,572.201,0.0,0.0,0.0,0.00153,0.0,81.0391,0.0,0.0,0.15386,0.0,354.178,34.2,0.0,93.8521,0.0,0.0,0,4.03021,0.0,1168.52,0.0,2.58669,0.0,3.19487,0.0,29.0684,1.88247,0.0,0.0,0.0,0.35441,0.0,0.0,0.0,0.0,12.6895,-0.82,0.0,54.4647,0.0,0.0,0.0
2023-12-04 01:10:00,111.698,1367.77,0.0,0.0,2.67,62.9121,0.0,0.0,0.0,0.0,0.0,47.6066,12.1944,34.0977,0.0,9.69,0.0,0,2412.98,0.0,0.0,0.0,0.0,0.001526,37.6744,0.0,56.1395,22.3968,0.0,0.0,23.0,0.0,0.0,,0.0,0.0,0.0,0.0,1.375,0.0,0.0,602.158,0.0,0.0,0.0,0.00153,0.0,80.3342,0.0,0.0,0.14381,0.0,348.343,34.2,0.0,92.0064,0.0,0.0,0,4.14374,0.0,1225.87,0.0,3.00183,0.0,3.17729,0.0,26.8223,1.48648,0.0,0.0,0.0,0.0,0.03439,0.0,0.0,0.0,12.6895,-0.83,0.0,51.9268,0.0,0.0,0.0
2023-12-04 01:15:00,104.499,1357.3,0.0,0.0,3.74,60.7896,0.0,0.0,0.0,0.0,0.0,44.7959,13.514,32.9959,0.0,9.15,0.0,0,2393.86,0.0,0.0,0.0,0.0,0.001526,38.1344,0.0,57.06,21.9683,0.0,0.0,23.0,0.0,0.0,,0.0,0.0,0.0,0.0,1.375,0.0,0.0,620.615,0.0,0.0,0.0,0.00153,0.0,83.6942,0.0,0.0,0.14381,0.0,343.047,33.6,0.0,92.4898,0.0,0.0,0,4.12543,0.0,1261.78,0.0,0.0,0.0,3.10698,0.0,24.9412,0.0,0.0,0.0,0.0,0.0,0.04935,0.0,0.0,0.0,12.6895,-0.84,0.0,48.8089,0.0,0.0,0.0
2023-12-04 01:20:00,103.297,1367.26,0.0,0.0,4.8,72.34,0.0,0.0,0.0,0.0,0.0,50.3029,15.483,36.1997,0.0,10.19,0.0,0,2417.0,0.0,0.0,0.0,0.0,0.001526,37.7544,0.0,56.0887,22.8165,0.0,0.0,23.0,0.0,0.0,,0.0,0.0,0.0,0.0,1.375,0.0,0.0,594.784,0.0,0.0,0.0,0.00153,0.0,82.5315,0.0,0.0,0.1639,0.0,356.887,33.9,0.0,86.2495,0.0,0.0,0,3.02678,0.0,1207.46,0.0,1.96864,0.0,2.22806,0.0,26.7332,1.46048,0.0,0.0,0.0,0.7133,0.0,0.0,0.0,0.0,12.6895,-0.82,0.0,49.9328,0.0,0.0,0.0
2023-12-04 01:25:00,96.597,1369.19,0.0,0.0,4.27,66.8599,0.0,0.0,0.0,0.0,0.0,50.4326,14.1537,34.1995,0.0,10.86,0.0,0,2406.16,0.0,0.0,0.0,0.0,0.001526,39.0344,0.0,58.9579,23.2545,0.0,0.0,23.0,0.0,0.0,,0.0,0.0,0.0,0.0,1.375,0.0,0.0,561.776,0.0,0.0,0.0,0.00153,0.0,82.266,0.0,0.0,0.1639,0.0,347.869,33.8,0.0,85.6562,0.0,0.0,0,1.9263,0.0,1225.04,0.0,1.65403,0.0,3.5816,0.0,28.3433,0.58149,0.0,0.0,0.0,0.21085,0.0015,0.0,0.0,0.0,12.6895,-0.83,0.0,50.1503,0.0,0.0,0.0
2023-12-04 01:30:00,92.2975,1372.87,0.0,0.0,8.06,70.094,0.0,0.0,0.0,0.0,0.0,46.9215,10.8833,40.9965,0.0,10.35,0.0,0,2399.4,0.0,0.0,0.0,0.0,0.001526,38.7244,0.0,54.0511,26.8743,0.0,0.0,23.0,0.0,0.0,,0.0,0.0,0.0,0.0,1.375,0.0,0.0,560.14,0.0,0.0,0.0,0.00153,0.0,83.9872,0.0,0.0,0.15386,0.0,350.07,33.8,0.0,81.1408,0.0,0.0,0,1.28542,0.0,1167.98,0.0,0.06609,0.0,4.18805,0.0,31.2511,0.2405,0.0,0.0,0.0,0.07626,0.14804,0.0,0.0,0.0,12.6895,-0.83,0.0,49.1352,0.0,0.0,0.0
2023-12-04 01:35:00,93.6958,1368.7,0.0,0.0,8.78,69.0327,0.0,0.0,0.0,0.0,0.0,48.9433,9.88357,40.3991,0.0,10.81,0.0,0,2328.23,0.0,0.0,0.0,0.0,0.001526,38.9144,0.0,58.3803,27.3822,0.0,0.0,23.0,0.0,0.0,,0.0,0.0,0.0,0.0,1.375,0.0,0.0,554.598,0.0,0.0,0.0,0.00153,0.0,86.7613,0.0,0.0,0.13376,0.0,346.316,33.4,0.0,77.8338,0.0,0.0,0,1.0547,0.0,1219.45,0.0,0.47005,0.0,2.83452,0.0,29.4139,0.0635,0.0,0.0,0.0,0.0,0.0,0.0,0.0,0.0,12.6895,-0.83,0.0,49.9328,0.0,0.0,0.0
2023-12-04 01:40:00,94.6962,1370.9,0.0,0.0,8.13,71.5006,0.0,0.0,0.0,0.0,0.0,53.3303,11.1031,46.196,0.0,12.44,0.0,0,2250.91,0.0,0.0,0.0,0.0,0.001526,35.0245,0.0,62.3921,26.868,0.0,0.0,23.0,0.0,0.0,,0.0,0.0,0.0,0.0,1.375,0.0,0.0,555.77,0.0,0.0,0.0,0.00153,0.0,84.3809,0.0,0.0,0.1639,0.0,347.066,34.0,0.0,76.6363,0.0,0.0,0,0.54383,0.0,1251.23,0.0,0.0,0.0,3.52886,0.0,31.4855,0.0,0.0,0.0,0.0,0.0,0.0,0.0,0.0,0.0,12.6895,-0.81,0.0,51.7818,0.0,0.0,0.0
2023-12-04 01:45:00,96.2962,1365.3,0.0,0.0,11.54,71.7623,0.0,0.0,0.0,0.0,0.0,56.0784,11.855,41.7974,0.0,14.11,0.0,0,2240.81,0.0,0.0,0.0,0.0,0.001526,34.9445,0.0,65.2613,26.0372,0.0,0.0,23.0,0.0,0.0,,0.0,0.0,0.0,0.0,1.375,0.0,0.0,553.207,0.0,0.0,0.0,0.00153,0.0,83.1907,0.0,0.0,0.15386,0.0,346.227,33.7,0.0,74.9663,0.0,0.0,0,0.0,0.0,1194.89,0.0,0.0,0.0,3.85406,0.0,34.2394,0.0,0.0,0.0,0.0,0.0,0.0,0.0,0.0,0.0,12.8038,-0.82,0.0,51.0023,0.0,0.0,0.0
2023-12-04 01:50:00,97.1958,1370.99,0.0,0.0,8.71,74.741,0.0,0.0,0.0,0.0,0.0,53.5897,10.5745,41.2974,0.0,14.31,0.0,0,2256.53,0.0,0.0,0.0,0.0,0.001526,40.7744,0.0,55.5682,25.9603,0.0,0.0,23.0,0.0,0.0,,0.0,0.0,0.0,0.0,1.375,0.0,0.0,571.395,0.0,0.0,0.0,0.00153,0.0,84.1154,0.0,0.0,0.12371,0.0,354.772,34.2,0.0,73.648,0.0,0.0,0,0.0,0.0,1193.79,0.0,0.01769,0.0,3.67828,0.0,32.495,0.2965,0.0,0.0,0.0,1.70324,0.01944,0.0,0.0,0.0,12.8038,-0.85,0.0,53.0326,0.0,0.0,0.0
2023-12-04 01:55:00,106.495,1371.43,0.0,0.0,8.98,75.7918,0.0,0.0,0.0,0.0,0.0,61.4313,9.53445,47.1961,0.0,14.48,0.0,0,2247.25,0.0,0.0,0.0,0.0,0.001526,37.4244,0.0,50.8518,26.8974,0.0,0.0,23.0,0.0,0.0,,0.0,0.0,0.0,0.0,1.375,0.0,0.0,562.557,0.0,0.0,0.0,0.00153,0.0,88.2261,0.0,0.0,0.13376,0.0,351.699,34.1,0.0,69.1435,0.0,0.0,0,0.0,0.0,1167.15,0.0,0.00093,0.0,4.065,0.0,32.1593,0.0115,0.0,0.0,0.0,0.62657,0.26169,0.0,0.0,0.0,12.8038,-0.82,0.0,55.5343,0.0,0.0,0.0
2023-12-04 02:00:00,106.893,1373.46,0.0,0.0,6.55,72.61,0.0,0.0,0.0,0.0,0.0,64.5869,10.6734,47.497,0.0,13.97,0.0,0,2262.31,0.0,0.0,0.0,0.0,0.001526,32.3045,0.0,47.9573,26.0547,0.0,0.0,23.0,0.0,0.0,,0.0,0.0,0.0,0.0,1.375,0.0,0.0,573.3,0.0,0.0,0.0,0.00153,0.0,93.9391,0.0,0.0,0.17395,0.0,357.141,34.2,0.0,69.7697,0.0,0.0,0,0.33875,0.0,1119.79,0.0,3.07257,0.0,3.37066,0.0,31.6845,1.44448,0.0,0.0,0.0,1.95447,0.01944,0.0,0.0,0.0,12.8038,-0.82,0.0,57.6552,0.0,0.0,0.0
2023-12-04 02:05:00,108.895,1364.74,0.0,0.0,8.63,69.9726,0.0,0.0,0.0,0.0,0.0,67.7852,11.2142,46.7978,0.0,13.14,0.0,0,2242.25,0.0,0.0,0.0,0.0,0.001526,32.4945,0.0,44.3454,23.3791,0.0,0.0,23.0,0.0,0.0,,0.0,0.0,0.0,0.0,1.375,0.0,0.0,551.302,0.0,0.0,0.0,0.00153,0.0,99.2126,0.0,0.0,0.14381,0.0,342.932,33.6,0.0,68.715,0.0,0.0,0,0.33143,0.0,1165.37,0.0,0.56127,0.0,1.73587,0.0,32.3729,0.0965,0.0,0.0,0.0,0.0,0.0,0.0,0.0,0.0,12.8038,-0.83,0.0,60.5013,0.0,0.0,0.0
2023-12-04 02:10:00,108.996,1367.26,0.0,0.0,8.47,75.842,0.0,0.0,0.0,0.0,0.0,62.7237,13.8546,46.0987,0.0,14.83,0.0,0,2246.49,0.0,0.0,0.0,0.0,0.001526,31.3145,0.0,47.0622,21.1272,0.0,0.0,23.0,0.0,0.0,,0.0,0.0,0.0,0.0,1.375,0.0,0.0,563.168,0.0,0.0,0.0,0.00153,0.0,99.4781,0.0,0.0,0.1639,0.0,350.356,33.9,0.0,66.6935,0.0,0.0,0,0.0,0.0,1109.56,0.0,0.04561,0.0,1.83255,0.0,32.5426,0.0,0.0,0.0,0.0,0.0,0.0,0.0,0.0,0.0,12.8038,-0.81,0.0,63.2204,0.0,0.0,0.0
2023-12-04 02:15:00,105.998,1349.0,0.0,0.0,7.81,74.404,0.0,0.0,0.0,0.0,0.0,60.3418,12.9439,47.2979,0.0,15.12,0.0,0,2313.71,0.0,0.0,0.0,0.0,0.001526,31.1745,0.0,48.7888,20.0219,0.0,0.0,23.0,0.0,0.0,,0.0,0.0,0.0,0.0,1.375,0.0,0.0,557.26,0.0,0.0,0.0,0.00153,0.0,101.419,0.0,0.0,0.17395,0.0,349.098,33.9,0.0,63.892,0.0,0.0,0,0.27649,0.0,1063.88,0.0,0.0,0.0,1.90286,0.0,31.118,0.0315,0.0,0.0,0.0,0.0972,0.21085,0.0,0.0,0.0,12.8038,-0.82,0.0,64.725,0.0,0.0,0.0
2023-12-04 02:20:00,99.9947,1328.27,0.0,0.0,9.76,72.9094,0.0,0.0,0.0,0.0,0.0,53.5439,13.5128,45.4968,0.0,12.99,0.0,0,2329.26,0.0,0.0,0.0,0.0,0.001526,30.3345,0.0,47.843,20.6607,0.0,0.0,23.0,0.0,0.0,,0.0,0.0,0.0,0.0,1.375,0.0,0.0,556.014,0.0,0.0,0.0,0.00153,0.0,102.234,0.0,0.0,0.15386,0.0,347.679,33.8,0.0,61.5958,0.0,0.0,0,0.39002,0.0,998.785,0.0,0.0,0.0,1.7886,0.0,31.2499,0.0055,0.0,0.0,0.0,0.0,0.0,0.0,0.0,0.0,12.8038,-0.83,0.0,64.3443,0.0,0.0,0.0
2023-12-04 02:25:00,96.2943,1331.34,0.0,0.0,10.91,75.2412,0.0,0.0,0.0,0.0,0.0,43.3768,10.7637,43.2976,0.0,11.93,0.0,0,2338.41,0.0,0.0,0.0,0.0,0.001526,31.2645,0.0,48.592,21.935,0.0,0.0,23.0,0.0,0.0,,0.0,0.0,0.0,0.0,1.375,0.0,0.0,558.383,0.0,0.0,0.0,0.00153,0.0,103.799,0.0,0.0,0.12371,0.0,348.857,33.8,0.0,59.9588,0.0,0.0,0,1.83841,0.0,956.645,0.0,0.0,0.0,2.06107,0.0,28.8927,0.0,0.0,0.0,0.0,0.0,0.0,0.0,0.0,0.0,12.8038,-0.85,0.0,64.5256,0.0,0.0,0.0
2023-12-04 02:30:00,92.3959,1329.29,0.0,0.0,9.55,73.4934,0.0,0.0,0.0,0.0,0.0,42.8107,7.8938,37.8989,0.0,11.92,0.0,0,2332.29,0.0,0.0,0.0,0.0,0.001526,31.6045,0.0,45.177,22.8649,0.0,0.0,23.0,0.0,0.0,,0.0,0.0,0.0,0.0,1.375,0.0,0.0,555.404,0.0,0.0,0.0,0.00153,0.0,104.688,0.0,0.0,0.1639,0.0,344.734,33.8,0.0,59.5743,0.0,0.0,0,3.59075,0.0,894.754,0.0,0.0,0.0,1.92923,0.0,27.9783,0.0,0.0,0.0,0.0,0.0,0.1301,0.0,0.0,0.0,12.5752,-0.83,0.0,61.0632,0.0,0.0,0.0
2023-12-04 02:35:00,92.2978,1310.35,0.0,0.0,10.05,74.5421,0.0,0.0,0.0,0.0,0.0,38.9654,8.17334,38.7972,0.0,11.36,0.0,0,2341.78,0.0,0.0,0.0,0.0,0.001526,29.9645,0.0,46.948,20.6654,0.0,0.0,23.0,0.0,0.0,,0.0,0.0,0.0,0.0,1.375,0.0,0.0,562.582,0.0,0.0,0.0,0.00153,0.0,106.015,0.0,0.0,0.17395,0.0,354.204,34.1,0.0,56.9595,0.0,0.0,0,3.49187,0.0,839.991,0.0,0.45144,0.0,1.19094,0.0,25.9153,0.1015,0.0,0.0,0.0,0.0972,0.22281,0.0,0.0,0.0,12.5752,-0.8,0.0,62.2597,0.0,0.0,0.0
2023-12-04 02:40:00,94.6988,1329.17,0.0,0.0,12.06,71.4023,0.0,0.0,0.0,0.0,0.0,36.8643,6.31418,36.1997,0.0,11.56,0.0,0,2385.53,0.0,0.0,0.0,0.0,0.001526,32.4645,0.0,45.6086,20.6861,0.0,0.0,23.0,0.0,0.0,,0.0,0.0,0.0,0.0,1.375,0.0,0.0,573.69,0.0,0.0,0.0,0.00153,0.0,105.887,0.0,0.0,0.12371,0.0,356.688,34.2,0.0,55.0149,0.0,0.0,0,2.88762,0.0,801.489,0.0,1.58888,0.0,1.08547,0.0,28.408,0.2515,0.0,0.0,0.0,1.26659,0.1959,0.0,0.0,0.0,12.5752,-0.83,0.0,58.0903,0.0,0.0,0.0
2023-12-04 02:45:00,91.5969,1349.04,0.0,0.0,11.79,69.6293,0.0,0.0,0.0,0.0,0.0,35.967,6.6743,36.9962,0.0,11.92,0.0,0,2368.86,0.0,0.0,0.0,0.0,0.001526,32.1245,0.0,46.053,22.7983,0.0,0.0,23.0,0.0,0.0,,0.0,0.0,0.0,0.0,1.375,0.0,0.0,562.753,0.0,0.0,0.0,0.00153,0.0,112.076,0.0,0.0,0.1639,0.0,352.471,33.9,0.0,52.1254,0.0,0.0,0,1.4136,0.0,860.012,0.0,0.18337,0.0,0.60206,0.0,27.993,0.1135,0.0,0.0,0.0,0.20188,0.29459,0.0,0.0,0.0,12.5752,-0.82,0.0,57.7458,0.0,0.0,0.0
2023-12-04 02:50:00,86.3936,1356.73,0.0,0.0,11.74,71.0024,0.0,0.0,0.0,0.0,0.0,37.0932,6.0737,38.899,0.0,12.49,0.0,0,2370.98,0.0,0.0,0.0,0.0,0.001526,31.5545,0.0,48.5793,23.4077,0.0,0.0,23.0,0.0,0.0,,0.0,0.0,0.0,0.0,1.375,0.0,0.0,564.096,0.0,0.0,0.0,0.00153,0.0,120.087,0.0,0.0,0.19405,0.0,354.431,34.0,0.0,51.642,0.0,0.0,0,0.60792,0.0,864.357,0.0,0.0,0.0,0.0,0.0,27.5169,0.0165,0.0,0.0,0.0,0.0,0.0,0.0,0.0,0.0,12.5752,-0.83,0.0,58.9785,0.0,0.0,0.0
2023-12-04 02:55:00,80.5956,1361.42,0.0,0.0,12.96,62.3511,0.0,0.0,0.0,0.0,0.0,34.2794,7.55444,36.8988,0.0,11.46,0.0,0,2360.34,0.0,0.0,0.0,0.0,0.001526,27.1646,0.0,50.179,23.4569,0.0,0.0,23.0,0.0,0.0,,0.0,0.0,0.0,0.0,1.375,0.0,0.0,549.618,0.0,0.0,0.0,0.00153,0.0,121.964,0.0,0.0,0.13376,0.0,344.491,33.7,0.0,50.862,0.0,0.0,0,0.0,0.0,818.677,0.0,0.0,0.0,0.0,0.0,27.3472,0.0,0.0,0.0,0.0,0.0,0.0,0.0,0.0,0.0,12.5752,-0.83,0.0,56.8395,0.0,0.0,0.0
2023-12-04 03:00:00,86.1974,1338.99,0.0,0.0,14.36,68.9427,0.0,0.0,0.0,0.0,0.0,40.0915,7.31395,41.2974,0.0,11.92,0.0,0,2369.3,0.0,0.0,0.0,0.0,0.001526,25.4746,0.0,53.6258,25.0271,0.0,0.0,23.0,0.0,0.0,,0.0,0.0,0.0,0.0,1.375,0.0,0.0,559.457,42.4599990845,0.0,0.0,0.00153,0.0,120.609,0.0,0.0,0.15386,0.0,350.752,34.0,0.0,50.807,0.0,0.0,0,0.0,0.0,776.977,0.0,0.0,0.0,0.0,0.0,27.0762,0.0395,0.0,0.0,0.0,0.03439,0.01346,0.0,0.0,0.0,12.5752,-0.81,0.0,55.9331,0.0,0.0,0.0
2023-12-04 03:05:00,85.1981,1333.47,0.0,0.0,14.61,70.8622,0.0,0.0,0.0,0.0,0.0,42.2583,7.26391,41.7974,0.0,10.99,0.0,0,2385.51,0.0,0.0,0.0,0.0,0.001526,26.5246,0.0,55.035,24.5963,0.0,0.0,23.0,0.0,0.0,,0.0,0.0,0.0,0.0,1.375,0.0,0.0,571.64,44.9599990845,0.0,0.0,0.00153,0.0,123.932,0.0,0.0,0.15386,0.0,354.447,34.1,0.0,47.6429,0.0,0.0,0,0.0,0.0,811.89,0.0,0.6134,0.0,0.0,0.0,26.5403,0.0525,0.0,0.0,0.0,1.56866,0.15402,0.0,0.0,0.0,12.5752,-0.83,0.0,56.912,0.0,0.0,0.0
2023-12-04 03:10:00,76.9945,1349.53,0.0,0.0,14.65,68.1012,0.0,0.0,0.0,0.0,0.0,41.5305,6.75364,36.8988,0.0,11.59,0.0,0,2365.17,0.0,0.0,0.0,0.0,0.001526,28.7546,0.0,42.9489,22.5888,0.0,0.0,23.0,0.0,0.0,,0.0,0.0,0.0,0.0,1.375,0.0,0.0,563.656,0.10000000149,0.0,0.0,0.00153,0.0,125.553,0.0,0.0,0.1639,0.0,349.709,33.8,0.0,46.4674,0.0,0.0,0,1.54543,0.0,853.273,0.0,0.06981,0.0,0.0,0.0,28.5972,0.0,0.0,0.0,0.0,0.0,0.0,0.0,0.0,0.0,12.5752,-0.83,0.0,59.7399,0.0,0.0,0.0
2023-12-04 03:15:00,71.1974,1346.43,0.0,0.0,14.19,67.3812,0.0,0.0,0.0,0.0,0.0,37.0916,6.22385,33.7968,0.0,10.1,0.0,0,2357.58,0.0,0.0,0.0,0.0,0.001526,28.2546,0.0,40.1749,22.0112,0.0,0.0,23.0,0.0,0.0,,0.0,0.0,0.0,0.0,1.375,0.0,0.0,552.67,46.3699989319,0.0,0.0,0.00153,0.0,124.143,0.0,0.0,0.14381,0.0,345.896,34.1,0.0,44.7535,0.0,0.0,0,1.2781,0.0,862.624,0.0,0.0,0.0,0.0,0.0,28.6412,0.0035,0.0,0.0,0.0,0.0,0.19889,0.0,0.0,0.0,12.7467,-0.84,0.0,59.323,0.0,0.0,0.0
2023-12-04 03:20:00,63.5995,1354.42,0.0,0.0,13.89,56.7036,0.0,0.0,0.0,0.0,0.0,36.7346,7.40307,31.6993,0.0,9.84,0.0,0,2356.48,0.0,0.0,0.0,0.0,0.001526,28.0946,0.0,44.0407,24.3781,0.0,0.0,23.0,0.0,0.0,,0.0,0.0,0.0,0.0,1.375,0.0,0.0,542.513,109.690002441,0.0,0.0,0.00153,0.0,112.341,0.0,0.0,0.15386,0.0,340.879,33.5,0.0,42.9737,0.0,0.0,0,1.57473,0.0,809.302,0.0,0.0,0.0,0.0,0.0,30.7335,0.0,0.0,0.0,0.0,0.0,0.10916,0.0,0.0,0.0,12.7467,-0.83,0.0,58.2353,0.0,0.0,0.0
2023-12-04 03:25:00,71.3951,1340.04,0.0,0.0,12.01,67.4502,0.0,0.0,0.0,0.0,0.0,41.6022,10.9334,31.9958,0.0,12.87,0.0,0,2367.1,0.0,0.0,0.0,0.0,0.001526,26.9646,0.0,43.882,25.7381,0.0,0.0,23.0,0.0,0.0,,0.0,0.0,0.0,0.0,1.375,0.0,0.0,559.432,156.759994507,0.0,0.0,0.00153,0.0,102.976,0.0,0.0,0.14381,0.0,350.66,34.1,0.0,40.3259,0.0,0.0,0,3.05608,0.0,768.896,0.0,0.02885,0.0,0.0,0.0,28.5508,0.0035,0.0,0.0,0.0,0.0,0.0,0.0,0.0,0.0,12.7467,-0.82,0.0,50.7304,0.0,0.0,0.0
2023-12-04 03:30:00,65.7973,1309.35,0.0,0.0,13.73,68.4215,0.0,0.0,0.0,0.0,0.0,52.1569,11.8624,30.1992,0.0,14.66,0.0,0,2362.12,0.0,0.0,0.0,0.0,0.001526,28.6546,0.0,42.5744,24.6709,0.0,0.0,23.0,0.0,0.0,,0.0,0.0,0.0,0.0,1.375,0.0,0.0,557.04,108.790000916,0.0,0.0,0.00153,0.0,101.328,0.0,0.0,0.13376,0.0,348.91,33.9,0.0,39.6338,0.0,0.0,0,4.62348,0.0,792.09,0.0,0.01024,0.0,0.0,0.0,28.192,0.0,0.0,0.0,0.0,0.0,0.0,0.0,0.0,0.0,12.7467,-0.82,0.0,52.652,0.0,0.0,0.0
2023-12-04 03:35:00,63.7967,1288.06,0.0,0.0,13.77,65.7128,0.0,0.0,0.0,0.0,0.0,61.413,11.3033,30.8984,0.0,15.19,0.0,0,2364.68,0.0,0.0,0.0,0.0,0.001526,32.7445,0.0,43.8439,22.1588,0.0,0.0,23.0,0.0,0.0,,0.0,0.0,0.0,0.0,1.375,0.0,0.0,559.335,158.100006104,0.0,0.0,0.00153,0.0,97.0153,0.0,0.0,0.14381,0.0,350.26,33.9,0.0,40.4028,0.0,0.0,0,5.28267,0.0,801.611,0.0,0.0,0.0,0.0,0.0,28.8267,0.0,0.0,0.0,0.0,0.0,0.0,0.0,0.0,0.0,12.7467,-0.81,0.0,48.0475,0.0,0.0,0.0
2023-12-04 03:40:00,63.0963,1279.9,0.0,0.0,15.88,67.0839,0.0,0.0,0.0,0.0,0.0,67.657,12.5545,31.2966,0.0,14.12,0.0,0,2366.05,0.0,0.0,0.0,0.0,0.001526,32.4345,0.0,44.5358,19.4982,0.0,0.0,23.0,0.0,0.0,,0.0,0.0,0.0,0.0,1.375,0.0,0.0,560.824,192.600006104,0.0,0.0,0.00153,0.0,91.7235,0.0,0.0,0.1639,0.0,349.882,33.9,0.0,40.5676,0.0,0.0,0,4.36713,0.0,799.438,0.0,0.0,0.0,0.0,0.0,29.1026,0.0,0.0,0.0,0.0,0.0,0.0,0.0,0.0,0.0,12.8038,-0.84,0.0,45.2377,0.0,0.0,0.0
2023-12-04 03:45:00,64.4968,1284.13,0.0,0.0,16.62,64.6725,0.0,0.0,0.0,0.0,0.0,56.0143,13.5653,32.2967,0.0,11.89,0.0,0,2368.1,0.0,0.0,0.0,0.0,0.001526,32.1645,0.0,34.1446,18.8857,0.0,0.0,23.0,0.0,0.0,,0.0,0.0,0.0,0.0,1.375,0.0,0.0,562.826,178.759994507,0.0,0.0,0.00153,0.0,87.274,0.0,0.0,0.13376,0.0,352.539,34.1,0.0,40.3699,0.0,0.0,0,4.16571,0.0,796.924,0.0,0.0121,0.0,0.0,0.0,28.7047,0.0305,0.0,0.0,0.0,0.0,0.0,0.0,0.0,0.0,12.8038,-0.85,0.0,43.6062,0.0,0.0,0.0
2023-12-04 03:50:00,66.1984,1289.89,0.0,0.0,17.6,60.754,0.0,0.0,0.0,0.0,0.0,49.6727,11.8953,30.4957,0.0,10.69,0.0,0,2368.32,0.0,0.0,0.0,0.0,0.001526,26.3646,0.0,34.5508,20.9892,0.0,0.0,23.0,0.0,0.0,,0.0,0.0,0.0,0.0,1.375,0.0,0.0,564.34,194.970001221,0.0,0.0,0.00153,0.0,84.6006,0.0,0.0,0.14381,0.0,352.039,34.2,0.0,39.0625,0.0,0.0,0,4.53193,0.0,799.365,0.0,0.20198,0.0,0.0,0.0,27.9857,0.1535,0.0,0.0,0.0,1.30846,0.11814,0.0,0.0,0.0,12.8038,-0.76,0.0,41.9929,0.0,0.0,0.0
2023-12-04 03:55:00,64.6942,1301.7,0.0,0.0,21.28,50.0931,0.0,0.0,0.0,0.0,0.0,47.2206,13.3944,31.8985,0.0,12.6,0.0,0,2361.9,0.0,0.0,0.0,0.0,0.001526,25.5746,0.0,38.0548,22.1238,0.0,0.0,23.0,0.0,0.0,,0.0,0.0,0.0,0.0,1.375,0.0,0.0,557.259,209.429992676,0.0,0.0,0.00153,0.0,86.7979,0.0,0.0,0.15386,0.0,346.694,34.0,0.0,40.5017,0.0,0.0,0,5.14717,0.0,793.774,0.0,0.00093,0.0,0.0,0.0,28.4642,0.0,0.0,0.0,0.0,0.0972,0.13907,0.0,0.0,0.0,12.8038,-0.82,0.0,43.7694,0.0,0.0,0.0
2023-12-04 04:00:00,63.2965,1332.27,0.0,0.0,20.62,58.7633,0.0,0.0,0.0,0.0,0.0,48.2567,9.29274,31.2966,0.0,14.21,0.0,0,2358.43,0.0,0.0,0.0,0.0,0.001526,29.4646,0.0,40.3273,20.967,0.0,0.0,23.0,0.0,0.0,,0.0,0.0,0.0,0.0,1.375,0.0,0.0,551.888,212.580001831,0.0,0.0,0.00153,0.0,87.1,0.0,0.0,0.15386,0.0,345.408,34.1,0.0,41.8421,0.0,0.0,0,6.3447,0.0,816.553,0.0,0.05678,0.0,0.0,0.0,28.1358,0.0,0.0,0.0,0.0,0.0,0.0,0.0,0.0,0.0,12.4609,-0.89,0.0,42.2104,0.0,0.0,0.0
2023-12-04 04:05:00,64.4974,1316.21,0.0,0.0,21.13,61.4217,0.0,0.0,0.0,0.0,0.0,49.0181,6.74388,31.3984,0.0,14.08,0.0,0,2297.11,0.0,0.0,0.0,0.0,0.001526,27.1246,0.0,46.1291,21.1011,0.0,0.0,23.0,0.0,0.0,,0.0,0.0,0.0,0.0,1.375,0.0,0.0,564.877,318.049987793,0.0,0.0,0.00153,0.0,82.5223,0.0,0.0,0.1639,0.0,353.249,34.2,0.0,39.1174,0.0,0.0,0,5.81735,0.0,871.56,0.0,0.13497,0.0,0.0,0.0,26.8467,2.89646,0.0,0.0,0.0,0.0,0.0,0.0,0.0,0.0,12.4609,-1.12,0.0,37.8597,0.0,0.0,0.0
2023-12-04 04:10:00,63.6969,1302.8,0.0,0.0,21.12,61.8508,0.0,0.0,0.0,0.0,0.0,45.7816,8.20386,30.9957,0.0,13.55,0.0,0,2260.73,0.0,0.0,0.0,0.0,0.001526,28.2446,0.0,46.9162,22.0239,0.0,0.0,23.0,0.0,0.0,,0.0,0.0,0.0,0.0,1.375,0.0,0.0,595.517,369.859985352,0.0,0.0,0.00153,0.0,83.3829,0.0,0.0,0.1639,0.0,357.238,34.2,0.0,36.5026,0.0,0.0,0,6.49119,0.0,922.782,0.0,2.86593,0.0,0.0,0.0,25.6895,0.0255,0.0,0.0,0.0,0.0972,0.0643,0.0,0.0,0.0,12.4609,-1.15,0.0,35.6844,0.0,0.0,0.0
2023-12-04 04:15:00,63.9978,1283.12,0.0,0.0,21.18,63.9231,0.0,0.0,0.0,0.0,0.0,44.4129,8.54322,30.2966,0.0,12.98,0.0,0,2327.67,0.0,0.0,0.0,0.0,0.001526,26.5546,0.0,54.8192,23.9512,0.0,0.0,23.0,0.0,0.0,,0.0,0.0,0.0,0.0,1.375,0.0,0.0,587.558,241.779998779,0.0,0.0,0.00153,0.0,83.9689,0.0,0.0,0.14381,0.0,353.046,34.2,0.0,32.965,0.0,0.0,0,7.05516,0.0,979.449,0.0,1.67451,0.0,1.04152,0.0,24.9839,1.88247,0.0,0.0,0.0,0.0,0.0015,0.0,0.0,0.0,12.4609,-1.53,0.0,36.3008,0.0,0.0,0.0
2023-12-04 04:20:00,60.7957,1270.11,0.0,0.0,21.66,58.8596,0.0,0.0,0.0,0.0,0.0,37.8607,10.6148,28.1991,0.0,10.11,0.0,0,2392.57,0.0,0.0,0.0,0.0,0.001526,28.0846,0.0,56.9965,23.2982,0.0,0.0,23.0,0.0,0.0,,0.0,0.0,0.0,0.0,1.375,0.0,0.0,563.754,228.63999939,0.0,0.0,0.00153,0.0,77.0474,0.0,0.0,0.12371,0.0,345.257,33.9,0.0,31.1632,0.0,0.0,0,5.93088,0.0,1029.67,0.0,0.0,0.0,1.3843,0.0,24.4346,0.79949,0.0,0.0,0.0,0.0,0.0,0.0,0.0,0.0,12.8038,-1.53,0.0,38.4761,0.0,0.0,0.0
2023-12-04 04:25:00,63.695,1279.12,0.0,0.0,23.65,67.5821,0.0,0.0,0.0,0.0,0.0,39.5483,10.6038,28.5973,0.0,11.79,0.0,0,2410.93,0.0,0.0,0.0,0.0,0.001526,27.3446,0.0,54.7621,23.737,0.0,0.0,23.0,0.0,0.0,,0.0,0.0,0.0,0.0,1.375,0.0,0.0,557.504,193.38999939,0.0,0.0,0.00153,0.0,74.2641,0.0,0.0,0.1639,0.0,350.404,34.2,0.0,30.8995,0.0,0.0,0,4.63447,0.0,1068.29,0.0,0.05492,0.0,0.0,0.0,24.1929,1.11648,0.0,0.0,0.0,0.30655,0.0,0.0,0.0,0.0,12.8038,-1.6,0.0,37.6785,0.0,0.0,0.0
2023-12-04 04:30:00,64.2975,1266.43,0.0,0.0,26.22,55.4309,0.0,0.0,0.0,0.0,0.0,36.3226,9.92508,27.9999,0.0,10.81,0.0,0,2395.59,0.0,0.0,0.0,0.0,0.001526,26.7246,0.0,52.4959,22.6245,0.0,0.0,23.0,0.0,0.0,,0.0,0.0,0.0,0.0,1.375,0.0,0.0,550.912,190.009994507,0.0,0.0,0.00153,0.0,69.073,0.0,0.0,0.13376,0.0,345.659,33.6,0.0,31.6356,0.0,0.0,0,5.7258,0.0,1119.39,0.0,0.0,0.0,0.0,0.0,22.8977,0.0395,0.0,0.0,0.0,0.0,0.25272,0.0,0.0,0.0,12.8038,-1.71,0.0,38.186,0.0,0.0,0.0
2023-12-04 04:35:00,66.8964,1304.63,0.0,0.0,27.57,70.6926,0.0,0.0,0.0,0.0,0.0,38.41,8.85451,34.1995,0.0,12.0,0.0,0,2463.81,0.0,0.0,0.0,0.0,0.001526,24.9146,0.0,53.41,24.9811,0.0,0.0,23.0,0.0,0.0,,0.0,0.0,0.0,0.0,1.375,0.0,0.0,562.387,218.75,0.0,0.0,0.00153,0.0,63.6072,0.0,0.0,0.14381,0.0,351.052,33.9,0.0,31.5257,0.0,0.0,0,6.11032,0.0,1099.98,0.0,2.79333,0.0,0.0,0.0,20.4977,0.59549,0.0,0.0,0.0,0.0,0.0,0.0,0.0,0.0,12.8038,-1.71,0.0,39.1105,0.0,0.0,0.0
2023-12-04 04:40:00,61.7959,1320.11,0.0,0.0,24.55,66.3241,0.0,0.0,0.0,0.0,0.0,38.3063,8.9839,31.9958,0.0,11.24,0.0,0,2456.48,0.0,0.0,0.0,0.0,0.001526,28.8046,0.0,48.1985,22.0699,0.0,0.0,23.0,0.0,0.0,,0.0,0.0,0.0,0.0,1.375,0.0,0.0,552.718,152.440002441,0.0,0.0,0.00153,0.0,57.2442,0.0,0.0,0.1639,0.0,340.46,33.6,0.0,31.5807,0.0,0.0,0,6.3447,0.0,1153.23,0.0,0.0,0.0,0.0,0.0,18.0807,0.0,0.0,0.0,0.0,0.0,0.04636,0.0,0.0,0.0,12.3466,-1.7,0.0,39.9444,0.0,0.0,0.0
2023-12-04 04:45:00,63.6993,1316.57,0.0,0.0,22.12,72.3421,0.0,0.0,0.0,0.0,0.0,40.1724,8.50416,35.2969,0.0,10.57,0.0,0,2469.03,0.0,0.0,0.0,0.0,0.001526,28.0146,0.0,49.9568,21.5065,0.0,0.0,23.0,0.0,0.0,,0.0,0.0,0.0,0.0,1.375,0.0,0.0,553.255,166.289993286,0.0,0.0,0.00153,0.0,56.878,0.0,0.0,0.12371,0.0,346.463,33.9,0.0,32.3717,0.0,0.0,0,6.53147,0.0,1104.01,0.0,0.0,0.0,0.0,0.0,15.0533,0.0,0.0,0.0,0.0,0.0,0.15402,0.0,0.0,0.0,13.0896,-1.68,0.0,37.334,0.0,0.0,0.0
2023-12-04 04:50:00,62.8975,1343.53,0.0,0.0,20.16,73.5708,0.0,0.0,0.0,0.0,0.0,35.6329,9.12306,38.4963,0.0,10.15,0.0,0,2472.47,0.0,0.0,0.36507,0.0,0.001526,28.5046,0.0,43.5646,18.8064,0.0,0.0,23.0,0.0,0.0,,0.0,0.0,0.0,0.30797,1.375,0.0,0.0,557.968,218.25,0.0,0.0,0.00153,0.0,53.7926,0.21401,0.0,0.15386,0.0,347.587,33.9,0.0,33.8219,0.0,0.0,0,6.59373,0.0,1099.81,0.0,0.0,0.0,0.0,0.08057,15.1229,1.94647,0.0,0.0,0.0,0.0,0.163,0.0,0.0,0.0,13.0896,-1.69,0.0,35.8476,0.0,0.0,0.0
2023-12-04 04:55:00,62.8991,1357.76,0.39162,0.0,17.43,72.9617,0.46326,0.0,0.0,0.0,0.0,30.8354,11.2642,38.5981,0.0,9.61,0.0,0,2479.11,0.0,0.0,0.70245,0.0,0.001526,25.8046,0.0,44.0471,19.311,0.0,0.0,23.0,0.0,0.0,,0.0,0.0,0.0,0.88705,1.375,0.0,0.0,555.135,244.419998169,0.08,0.0,0.09918,0.0,50.2129,0.31902,0.0,0.14381,0.0,348.907,34.0,0.0,33.1627,0.0,0.0,0,6.43626,0.0,1098.79,0.0,0.00093,0.64393,0.0,0.11963,14.3075,4.89943,0.0,1.11696,0.0,0.0,0.0,0.0,0.0,0.0,6.91636,-1.69,0.0,35.8294,0.0,0.0,0.0
2023-12-04 05:00:00,61.9949,1359.44,0.74209,0.0,20.0,73.261,1.28359,0.0,0.0,0.0,0.0,29.9977,10.5843,38.6999,0.0,9.27,0.0,0,2472.86,0.0,0.0,1.10025,0.26001,0.001526,26.2546,0.0,45.6721,19.9013,0.0,0.0,23.0,0.0,0.0,,0.0,0.0,0.0,1.49771,1.375,0.2649,0.0,558.358,209.729995728,0.28,0.0,0.3006,0.095,49.6178,0.78482,0.0,0.15386,0.0,346.601,34.0,0.0,32.6793,0.0,0.0,0,8.7361,0.0,1148.94,0.0,0.0,1.08949,0.0,0.2002,12.3812,0.1625,0.46886,2.90226,0.0,0.0,0.07028,0.0,0.0,0.0,6.5734,-1.69,0.0,35.4669,0.0,0.0,0.0
2023-12-04 05:05:00,63.2989,1367.94,1.05008,0.0,20.48,71.6409,2.46281,0.0,0.0,0.0,0.0,31.7342,10.6538,39.6999,0.24054,8.03,0.0,0,2559.44,0.0,0.78431,2.10231,0.62623,0.099184,23.7246,0.0,45.1452,20.5544,0.0,0.16658,23.0,0.0,0.31152,,0.0,0.0,0.203,2.61376,1.43,0.58717,0.464,581.088,225.649993896,0.74,0.0,0.70039,0.223,46.8986,1.98435,0.0,0.14381,0.0,360.119,34.0,0.0,32.3497,0.0,0.92714,0,8.45411,0.0,1098.2,0.4065,0.21315,1.90127,0.0,0.26002,11.1116,3.79744,0.97091,4.78828,0.0,2.10999,2.22663,0.0,0.0,0.0,6.51624,-1.79,0.0,34.4336,0.0,0.0,0.0
2023-12-04 05:10:00,61.1959,1365.91,1.62092,0.0,21.83,69.4618,4.0705,0.0,0.0,0.0,0.0,24.3641,13.243,42.2975,0.54173,8.28,0.98238,0,2602.33,0.0,1.56558,3.10437,1.38064,0.300603,22.9447,0.0,44.2375,22.7562,0.0,0.58954,23.0,0.0,0.64259,,1.35454,0.0,0.898,3.37709,1.43,0.95583,1.2,606.21,147.869995117,1.33,0.0,1.60067,0.275,42.9709,3.52049,0.0,0.08352,0.0,346.118,33.9,0.0,32.4706,0.0,1.7731,0,6.93065,0.0,1157.53,0.98024,0.03258,3.45769,0.0,0.34059,9.47341,0.33649,1.79795,7.69055,0.9263,0.0,0.0,0.0,1.189,0.0,6.34476,-1.78,0.0,32.784,0.0,0.0,0.0
2023-12-04 05:15:00,61.1959,1362.01,2.54223,0.0,21.85,71.8816,6.28244,0.0,0.0,0.0,0.0,21.6449,13.4835,40.8991,1.05139,6.21,2.48643,0,2660.34,0.0,3.09758,7.12772,3.10674,0.59968,19.5747,0.0,41.9586,21.1614,0.0,0.98573,23.0,0.0,0.78486,,1.91852,0.18851,2.082,3.55608,1.48,1.92752,2.402,566.903,97.6999969482,2.3,0.0,3.09911,0.458,38.7594,5.84287,0.0,0.12371,0.0,342.873,33.6,0.0,31.8883,0.0,1.56802,0,4.72236,0.0,1207.65,1.45144,0.0,5.34371,0.0,0.4004,8.49744,0.0,3.54803,11.3619,3.77913,0.0,0.76414,0.0,2.489,0.0,6.05896,-1.75,0.0,31.1162,0.0,0.0,0.0
2023-12-04 05:20:00,59.7941,1369.89,3.95207,0.0,21.97,75.5615,8.91188,0.0,0.0,2.0016,0.0,16.6628,12.7437,39.2972,1.78618,6.01,5.33193,0,2700.55,0.0,5.67941,12.279,5.86801,1.20089,18.7647,0.0,37.5977,19.292,0.0,2.11482,23.0,0.0,1.95853,,3.42916,0.40977,3.375,5.41966,1.53,2.97002,3.98,556.722,89.0100021362,3.66,0.0,5.19875,0.605,38.6404,8.67018,0.0,0.08352,0.0,347.909,34.0,0.0,32.5914,2.49485,7.69482,0,4.3122,0.0,1160.36,2.91875,0.09773,8.09033,0.0,0.46022,8.01038,2.93745,5.69037,14.4747,6.98856,0.31254,0.15702,0.0,4.389,0.0,6.05896,-1.79,0.0,29.5572,0.0,0.0,0.0
2023-12-04 05:25:00,56.3948,1348.41,5.96992,0.0,20.29,77.2319,11.9002,0.0,0.0,8.09911,0.0,15.9289,11.9637,38.1998,2.72064,6.11,12.7709,0,2691.52,0.0,9.28054,15.8089,9.0663,2.10117,20.3847,0.0,33.6177,18.6524,0.0,3.456,23.0,4.7,2.98906,,5.34264,0.88768,4.838,9.2837,1.581,4.27619,6.916,563.998,108.61000061,5.35,0.0,7.79889,0.584,37.1756,11.9809,0.0,0.14381,0.0,355.308,34.2,0.0,33.7999,3.73083,11.8734,0,2.51225,0.0,1098.57,4.40803,0.00093,11.8257,0.0,0.52004,7.83032,3.07345,9.19603,15.3353,19.2087,0.36637,1.53576,0.0,7.489,0.0,5.716,-1.77,0.0,27.7445,0.0,0.0,0.0
2023-12-04 05:30:00,51.6986,1358.25,8.35152,0.0,18.93,74.6426,15.0533,0.0,0.0,14.8009,0.0,15.0897,9.19387,36.8988,3.87046,7.04,23.5431,0,2697.38,0.0,13.7545,19.2078,13.102,3.09911,26.4146,0.36499,33.5034,20.164,0.0,5.54726,23.0,7.73,4.12058,,9.67315,1.66473,6.456,14.0901,1.681,5.66537,9.618,550.301,165.470001221,7.58,0.5,10.6004,0.662,33.7697,15.7188,0.0,0.14381,0.0,346.113,33.9,0.0,33.1188,5.60769,15.2743,0,2.89128,0.0,1047.49,6.16831,0.0,16.5683,0.0,0.57985,7.68811,0.0575,13.3181,20.0046,24.1838,0.0,0.0,0.0,10.189,0.0,5.37304,-1.71,0.0,25.6598,0.0,0.0,0.0
2023-12-04 05:35:00,49.6963,1367.48,11.4818,0.0,19.21,77.4601,18.1808,0.0,0.0,20.1019,0.0,16.0647,9.99466,36.6997,5.23085,6.36,33.3534,0,2702.87,0.0,18.8022,27.461,17.6773,4.29847,25.9146,0.47499,35.065,17.7193,0.0,8.46899,23.0,9.74,5.21139,,17.1659,2.89491,8.156,15.3956,1.832,7.61608,12.528,555.672,176.080001831,10.88,1.0,13.7011,0.795,30.7485,20.0491,0.0,0.08352,0.0,347.973,33.9,0.0,33.0639,20.4761,21.0251,0,3.40215,0.0,987.628,8.17762,0.0,22.2263,0.0,0.69948,7.54894,0.63249,17.9169,25.2781,32.6118,0.0972,0.0,0.0,13.389,0.0,5.37304,-1.67,0.0,24.409,0.0,0.0,0.0
2023-12-04 05:40:00,44.8987,1359.71,14.7821,0.0,20.65,73.9811,21.6525,0.0,0.0,26.1994,0.0,15.4406,9.27443,34.996,6.79142,4.84,44.1663,0,2696.38,0.0,24.4846,32.6777,20.8536,5.59854,23.5746,0.52499,31.6753,15.4571,0.0,12.0105,23.0,12.75,6.68237,,27.0758,4.28971,9.99,16.8907,1.932,8.8246,15.85,547.884,182.820007324,14.05,1.25,17.0001,0.881,27.9194,24.3303,0.0,0.14381,0.0,342.679,33.6,0.0,31.9542,30.4006,24.8447,0,3.51019,0.0,984.21,9.75235,0.0,28.6961,0.0,0.83987,7.50927,0.0,22.4635,32.163,40.9616,0.0,0.0,0.0,16.489,0.0,5.37304,-1.67,0.0,24.7715,0.0,0.0,0.0
2023-12-04 05:45:00,44.7989,1357.78,18.2921,0.0,19.27,76.5935,25.3916,0.0,0.0,34.3019,0.0,12.9412,12.3336,30.5975,8.2647,5.48,55.3586,0,2623.72,0.0,29.9168,39.0577,25.59,7.10002,21.1247,0.57499,30.0122,15.5785,0.0,14.9146,23.0,14.77,8.02355,,36.2001,6.03143,11.876,18.1384,2.132,10.4213,19.038,545.907,115.569999695,17.95,1.5,19.7009,1.08,26.6743,29.7254,0.0,0.13376,0.0,343.211,33.6,0.0,32.0861,35.4452,30.4076,0,3.14946,0.0,931.547,11.371,0.0,35.7031,0.0,1.04007,7.05272,0.0,27.049,47.7729,52.2598,0.0,0.0,0.0,21.289,0.0,5.37304,-1.67,0.0,25.6417,0.0,0.0,0.0
2023-12-04 05:50:00,47.4981,1366.31,22.142,0.0,20.52,73.822,28.4129,0.0,0.0,39.3008,0.0,10.219,11.4839,32.4958,9.82733,5.2,67.4316,0,2555.31,0.0,35.7214,46.1124,31.4714,8.40009,17.0547,0.57499,26.9272,14.7303,0.0,19.1775,23.0,17.79,9.97786,,44.4482,7.24038,13.865,32.3785,2.232,13.019,22.746,555.16,211.850006104,21.85,1.5,23.7995,1.419,26.2989,34.546,0.0,0.14381,0.0,253.474,33.8,0.0,33.2287,49.1325,36.5002,0,2.93339,0.0,864.968,14.5522,0.0,43.2288,0.0,1.24027,6.99107,0.0,32.2314,56.553,60.1485,0.0,0.0,0.0,24.889,0.0,5.37304,-2.18,0.0,24.7534,0.0,0.0,0.0
2023-12-04 05:55:00,41.2936,1359.47,25.782,0.0,20.02,68.1619,31.9799,1.09998,0.0,47.8016,0.0,11.0536,10.8052,29.1991,11.4176,4.58,79.0846,0,2482.97,0.0,42.2095,52.2053,34.0984,9.80087,16.4947,0.67499,24.8578,14.2066,0.0,24.0456,23.0,20.82,10.9471,,65.1238,10.3273,15.654,32.1152,2.282,14.1006,25.668,543.587,270.029998779,26.71,1.75,27.1015,1.65,26.1982,40.311,0.0,0.08352,0.0,264.46,33.5,0.0,33.2506,60.5127,39.9182,0,1.81277,0.0,818.116,15.3799,0.0,50.9987,0.0,1.54057,6.84031,0.0,37.3576,56.9192,68.7505,0.0,0.0,0.0,27.989,0.0,5.03008,-2.13,0.0,25.4785,0.0,0.0,0.0
2023-12-04 06:00:00,41.3943,1364.57,29.7408,0.0,20.71,69.8805,35.6896,1.29998,0.0,55.499,0.0,11.8074,10.0728,24.2961,13.1123,6.29,87.2011,0,2407.17,0.0,48.5084,58.7011,41.0541,11.5984,17.3847,0.95499,23.766,12.822,0.0,28.6392,23.0,23.84,13.0801,,79.9281,12.5912,17.464,44.2127,2.433,16.603,28.958,552.694,301.269989014,30.35,2.25,30.6996,1.925,24.1291,45.527,0.0,0.14381,0.0,159.109,33.5,0.0,33.1957,71.8471,46.0536,0,1.91714,0.0,762.181,18.1875,0.0,58.9883,0.0,1.87017,7.20043,0.0,42.0331,56.3607,74.9258,0.0,0.0,0.0,31.689,0.0,5.03008,-2.13,0.0,21.4541,0.0,0.0,0.0
2023-12-04 06:05:00,39.1976,1338.28,33.7897,0.0,20.73,74.0921,39.3994,1.49998,0.0,63.4024,0.0,12.0974,7.94507,22.1986,14.9253,7.63,102.431,0,2338.49,0.0,53.8247,66.8485,46.0322,13.3989,17.5247,1.02498,20.8841,12.849,0.0,31.7563,23.0,25.85,15.1926,,94.0476,14.8055,19.096,43.7232,2.684,18.7393,31.924,555.038,387.630004883,35.41,2.75,34.0017,2.203,24.5411,51.4501,0.0,0.17395,0.0,92.7668,33.8,0.0,34.6349,87.7409,54.0859,0,1.2781,0.0,706.394,20.7413,0.0,66.7826,0.0,2.24982,7.58068,0.0,47.0692,61.9913,97.5484,0.0,0.0,0.0,35.589,0.0,5.03008,-2.13,0.0,17.8105,0.0,0.0,0.0
2023-12-04 06:10:00,38.1957,1328.39,37.621,0.0,20.03,74.3014,43.6695,1.59998,0.0,71.2989,0.0,11.5663,7.10399,23.4996,16.5135,7.45,114.41,0,2273.59,0.0,60.8866,73.2234,50.6343,14.7997,16.0048,1.43498,21.9378,11.3604,0.0,33.0598,23.0,28.91,16.9237,,105.508,16.611,20.875,43.7074,2.885,20.5191,34.984,579.843,452.149993896,39.99,3.5,37.3007,3.011,23.8453,56.7368,0.0,0.12371,0.0,2.91772,34.1,0.0,35.2612,96.6033,59.8111,0,0.45228,0.0,647.798,23.505,0.0,74.8638,0.0,2.66976,6.79027,0.0265,50.1781,62.1195,106.194,1.8139,0.0,0.0,39.489,0.0,4.68712,-2.13,0.0,15.4358,0.0,0.0,0.0
2023-12-04 06:15:00,33.9982,1344.92,41.97,0.0,19.78,72.4112,42.6111,1.79997,0.0,78.5981,0.0,14.1955,7.42382,23.0969,18.219,7.32,126.496,0,2214.27,0.0,68.2353,78.5711,54.1158,16.6003,15.9348,1.93497,21.5443,10.9788,0.0,43.3971,23.0,32.12,18.4637,,125.771,19.5245,12.722,51.0196,3.035,22.4576,38.514,573.471,463.320007324,44.05,4.5,39.6017,3.407,24.4862,61.9731,0.0,0.13376,0.0,2.51518,34.2,0.0,36.7333,104.175,66.6044,0,0.69764,0.0,596.478,24.1178,0.0996,82.8229,0.0,3.09946,5.74899,0.0215,52.3919,75.404,111.987,0.83293,1.1021,0.0,36.189,0.0,4.34416,-2.2,0.0,18.4993,0.0,0.0,0.0
2023-12-04 06:20:00,29.7982,1341.4,45.6606,0.0,21.34,70.7492,51.6823,1.99997,0.0,85.6981,0.0,13.9132,7.04295,23.0969,19.6874,6.88,138.366,0,2188.71,0.0,74.6685,84.9913,53.9352,18.1994,13.0548,1.89497,20.8651,10.5725,0.0,49.1786,23.0,34.99,16.5555,,134.039,21.36,24.661,51.2986,2.984,0.70192,41.05,548.91,523.140014648,48.39,5.75,40.502,3.685,21.4557,50.2812,0.0,0.13376,0.0,0.0,33.6,0.0,34.1076,115.354,69.2192,0,1.72122,0.0,558.367,25.6022,0.0,82.2003,0.0,3.58043,4.34028,0.0,55.124,84.8615,124.868,0.0,0.0,0.0,32.189,0.0,4.34416,-2.28,0.0,18.6806,0.0,0.0,0.0
2023-12-04 06:25:00,32.6956,1318.72,50.3414,0.0,22.2,73.4411,54.0517,2.19997,0.0,92.9011,0.0,17.1191,5.55489,28.1991,21.5695,7.62,150.629,0,2163.83,0.0,81.0651,90.485,57.0797,19.7986,14.4348,1.84497,16.0281,10.9042,0.0,54.5464,23.0,37.0,16.4613,,153.225,23.8381,18.732,52.5778,3.085,0.0,43.774,563.656,385.709991455,53.09,7.0,41.3993,4.384,19.7528,48.6305,0.0,0.14381,0.0,0.0,33.9,0.0,34.2174,132.85,76.6277,0,2.22293,0.0,535.319,25.9123,0.15358,95.201,0.0,4.03943,4.41901,0.0,54.8229,114.241,134.444,0.0015,0.0,0.0,30.689,0.0,4.34416,-2.2,0.0,17.0129,0.0,0.0,0.0
2023-12-04 06:30:00,27.8968,1308.25,54.2417,0.0,22.53,75.6515,53.6599,2.69996,0.0,101.498,0.0,16.8887,4.46357,25.5971,23.0472,7.18,161.984,0,2180.53,0.0,87.0954,88.8233,58.3493,21.1994,16.1647,2.11497,13.7746,10.7193,0.0,57.5959,23.0,39.06,16.6103,,167.203,26.1232,15.841,64.907,3.486,0.40894,46.588,582.626,296.309997559,57.85,8.5,42.2995,3.755,17.9767,48.2711,0.0,0.08352,0.0,0.0,33.9,0.0,34.7997,141.337,84.1218,0,3.34356,0.0,529.557,26.3444,0.07353,102.617,0.0,4.55947,2.24002,0.1805,56.6845,124.157,161.085,1.49688,0.0,0.0,30.389,0.0,4.34416,-2.21,0.0,17.5023,0.0,0.0,0.0
2023-12-04 06:35:00,26.4954,1313.2,58.2403,0.0,22.8,67.4712,54.4399,3.29995,0.0,107.602,0.0,15.9106,4.11444,26.5972,24.6231,5.74,173.108,0,2237.05,0.0,93.4127,84.951,59.5554,22.4994,15.0348,1.96497,12.8161,10.5281,0.0,53.9484,23.0,42.07,16.319,,178.261,27.3375,15.63,82.4057,3.687,0.0,48.338,556.966,223.75,62.17,10.0,43.1022,2.9,16.3378,49.0114,0.0,0.12371,0.0,0.0,34.2,0.0,35.2172,160.233,91.8636,0,2.83452,0.0,500.845,26.1051,0.0,111.76,0.0,5.05997,2.48112,0.0,57.8007,154.946,167.573,0.0,0.0,0.0,30.189,0.0,4.34416,-2.19,0.0,17.4479,0.0,0.0,0.0
2023-12-04 06:40:00,21.3961,1323.31,61.8698,0.0,21.24,72.631,54.612,4.09994,0.0,113.803,0.0,13.4096,3.41253,25.7962,25.8847,5.67,183.677,0,2191.12,0.0,97.8744,83.6015,59.5773,23.7995,15.3348,2.49496,11.7433,9.11809,0.0,55.0707,23.0,45.09,16.3702,,179.339,27.3145,12.73,98.4041,4.291,0.0,49.138,556.796,346.100006104,67.06,11.5,43.4012,2.729,15.6878,49.1592,0.0,0.1639,0.0,0.0,33.6,0.0,34.602,165.406,101.537,0,5.96017,0.0,495.328,26.1686,0.0,120.293,0.0,5.58,3.70123,0.0,59.1053,163.745,171.417,0.0,0.0,0.0,29.989,0.0,4.34416,-2.26,0.0,17.7561,0.0,0.0,0.0
2023-12-04 06:45:00,19.7936,1275.56,66.2905,0.0,20.82,70.8015,54.3008,4.89993,0.0,117.298,0.0,17.0047,3.45403,20.2958,26.7274,5.45,191.116,0,2141.56,0.0,101.823,82.826,57.7536,24.6998,14.9148,3.09495,11.6481,8.19687,0.0,52.8937,23.0,45.09,15.6948,,179.993,28.619,8.53,100.915,5.152,0.0,49.824,538.485,250.86000061,71.85,13.25,43.0014,2.191,13.8293,48.8493,0.0,0.12371,0.0,0.0,33.6,0.0,34.1186,169.718,102.289,0,6.9929,0.0,499.698,25.6828,0.0,127.935,0.0,6.08051,2.18631,0.0,59.052,185.278,175.097,0.0,0.0,0.0,29.689,0.0,4.34416,-2.41,0.0,17.8286,0.0,0.0,0.0
2023-12-04 06:50:00,19.7968,1260.91,58.5111,0.0,23.48,72.2123,54.5827,5.89991,0.0,119.2,0.0,19.1363,3.29412,22.1986,27.2476,6.21,199.151,0,2083.16,0.0,110.478,83.0073,59.5261,25.0996,13.0748,2.44496,7.80774,7.66128,0.0,77.7134,23.0,46.1,15.7348,,182.148,29.0527,8.529,101.484,5.663,0.0,50.444,564.877,283.760009766,75.9,15.0,43.1022,2.316,12.3735,49.0348,0.0,0.12371,0.0,0.0,33.9,0.0,33.5473,172.804,105.476,0,5.81369,0.0,498.477,26.2077,0.04933,134.911,0.0,6.62984,2.33768,0.0,72.6057,232.245,176.949,0.0,0.0,0.0,29.389,0.0,4.34416,-2.52,0.0,17.7742,0.0,0.0,0.0
2023-12-04 06:55:00,16.6976,1223.21,60.0192,0.0,24.41,59.4708,53.7624,6.89989,0.0,122.002,0.0,17.5479,3.25566,21.8977,27.6582,4.34,207.254,0,2121.13,0.0,112.511,82.8966,58.4811,25.6001,12.7948,3.18495,7.41418,7.6105,0.0,77.3857,23.0,47.1,15.8315,,180.426,29.0261,7.212,107.122,5.311,0.0,51.074,550.887,234.75,80.28,16.75,42.9007,2.57,12.2911,48.4314,0.0,0.14381,0.0,0.0,33.6,0.0,35.8984,176.567,105.134,0,5.33761,0.0,501.798,25.2946,0.0,141.753,0.0,7.12058,0.65126,0.0,71.8684,254.53,177.314,0.0,0.0,0.0,29.189,0.0,4.34416,-2.24,0.0,17.0672,0.0,0.0,0.0
2023-12-04 07:00:00,17.0949,1200.65,60.5104,0.0,21.37,61.6101,53.1325,7.99988,0.0,124.0,0.0,14.8455,2.35416,20.9994,28.1774,4.19,214.653,0,2163.34,0.0,114.391,82.4081,59.4089,25.9998,13.2248,2.74496,5.02107,6.97969,0.0,76.5174,23.0,47.6,16.1224,,175.562,29.0367,7.717,109.538,5.867,0.0,51.708,565.39,77.5199966431,84.44,18.75,42.9007,3.377,10.0847,47.8147,0.0,0.08352,0.0,0.0,34.2,0.0,37.5683,179.707,107.176,0,4.64546,0.0,504.898,25.8463,0.0,148.583,0.0,7.63939,1.91043,0.0,47.188,316.622,177.254,0.0,0.0,0.0,28.989,0.0,4.34416,-2.24,0.0,14.8557,0.0,0.0,0.0
2023-12-04 07:05:00,16.0976,1169.74,62.0901,0.0,20.04,64.3229,53.1911,9.29986,0.0,125.998,0.0,15.9487,1.30617,22.9995,28.587,3.97,221.983,0,2159.65,0.0,116.234,81.5219,58.6178,26.2989,11.6348,3.24495,4.60847,5.91803,0.0,81.5759,23.0,48.12,15.9585,,180.748,29.0367,5.732,110.507,5.816,0.0,52.13,558.212,115.319999695,88.15,20.5,42.6017,4.043,9.10506,47.9361,0.0,0.09357,0.0,0.0,33.9,0.0,37.9529,182.774,107.45,0,3.21355,0.0,473.33,25.5168,0.0,154.815,0.0,8.18018,2.52628,0.0,62.9514,354.974,177.297,0.0,0.0,0.0,28.789,0.0,4.34416,-2.33,0.0,14.5294,0.0,0.0,0.0
2023-12-04 07:10:00,14.3962,1216.94,63.9301,0.0,20.99,66.0792,54.7512,10.4998,0.0,128.003,0.0,13.6156,2.27543,19.6984,28.9976,3.35,229.259,0,2244.27,0.0,118.047,81.8643,60.5124,26.6987,8.90487,3.14495,1.46633,5.42608,0.0,85.0125,23.0,48.12,16.7091,,175.542,29.0367,1.27,113.239,5.816,0.46265,52.662,576.059,0.0,91.95,22.5,42.9007,4.309,7.50286,49.2802,0.0,0.14381,0.0,0.0,34.1,0.0,37.5903,184.633,110.381,0,4.38178,0.0,459.755,26.6593,0.5017,159.661,0.0,8.70022,3.24468,0.0,54.014,362.893,177.41,0.0,1.53277,0.0,28.589,0.84,4.34416,-2.32,0.0,12.9522,0.0,0.0,0.0
2023-12-04 07:15:00,12.6966,1232.59,66.4498,0.0,19.96,66.3618,53.8723,11.5998,0.0,131.203,0.0,12.0935,1.77432,20.2958,26.9138,3.36,234.408,0,2236.04,0.0,119.567,81.5319,58.4567,27.0008,7.52489,4.08494,0.42213,4.92222,0.0,85.0698,23.0,48.12,16.2155,,189.45,29.042,0.0,114.56,5.917,0.0,52.984,556.454,0.0,94.98,23.75,42.9007,4.546,7.33806,48.4302,0.0,0.17395,0.0,0.0,34.1,0.0,37.8979,182.93,109.159,0,2.77958,0.0,443.08,25.8317,0.0,163.061,0.0,9.1995,2.64958,0.0,65.4377,383.172,177.488,0.0,0.0,0.0,28.089,1.85,4.34416,-2.31,0.0,12.1365,0.0,0.0,0.0
2023-12-04 07:20:00,12.6957,1240.45,68.6694,0.0,20.07,64.662,53.7295,12.9998,0.0,131.299,0.0,8.97231,1.57534,18.0965,24.96,3.35,237.782,0,2182.92,0.0,122.21,80.1723,56.1935,27.0985,6.4949,5.76491,0.81569,4.24381,0.0,85.0207,23.0,49.13,16.2299,,185.059,29.042,0.0,114.966,5.648,0.0,53.294,564.071,0.0,99.04,26.25,40.8011,4.853,6.67887,48.3066,0.0,0.08352,0.0,0.0,34.0,0.0,34.6789,187.672,111.568,0,2.24125,0.0,422.718,25.9611,0.06609,164.935,0.0,9.68047,2.07523,0.0,68.4933,382.055,177.454,0.0,0.0,0.0,27.989,1.84,4.34416,-2.4,0.0,9.48986,0.0,0.0,0.0
2023-12-04 07:25:00,12.2953,1217.74,66.4391,0.0,21.31,63.4626,53.3925,14.2998,0.0,132.899,0.0,10.4311,0.66712,21.1985,22.7963,2.42,240.777,0,2140.49,0.0,123.552,80.3133,53.5616,27.0985,5.85491,4.81493,0.0,4.41044,0.0,84.9961,23.0,49.13,15.382,,203.428,29.042,0.0,113.555,5.988,0.0,53.602,541.146,0.0,102.1,28.25,39.501,5.569,5.30556,48.011,0.0,0.08352,0.0,0.0,33.4,0.0,31.7015,188.945,108.996,0,2.28702,0.0,409.436,25.07,0.0,167.51,0.0,10.1297,0.15747,0.0,68.5425,382.998,177.367,0.0,0.0,0.0,27.889,2.84,4.34416,-2.35,0.0,9.85242,0.0,0.0,0.0
2023-12-04 07:30:00,11.8963,1203.68,62.5707,0.0,21.18,62.9916,53.03,15.6998,0.0,135.501,0.0,10.2106,0.1886,17.6982,21.7518,2.32,243.243,0,2117.17,0.0,123.375,80.122,54.6725,27.0985,4.68993,5.99491,0.0,4.0748,0.0,85.0493,23.0,50.14,15.8679,,201.233,29.042,0.0,114.992,7.783,0.0,53.714,557.943,0.0,104.49,30.0,39.6017,5.847,5.32387,47.6927,0.0,0.17395,0.0,0.0,34.0,0.0,29.2186,190.108,111.825,0,1.44656,0.0,402.991,25.4508,0.0,169.262,0.0,10.6204,1.22316,0.0,71.254,383.081,177.462,0.0,0.13309,0.0,27.689,2.84,4.34416,-2.36,0.0,9.07292,0.0,0.0,0.0
2023-12-04 07:35:00,10.3954,1194.77,48.6794,0.0,21.57,59.7116,53.052,16.9997,0.0,136.6,0.0,9.49722,0.0885,18.5965,21.2296,2.46,245.343,0,2064.58,0.0,122.606,79.4573,52.2799,27.0985,3.94494,6.3549,0.0,3.97324,0.0,85.0207,23.0,50.3,15.9073,,193.74,29.042,0.0,115.008,8.731,0.38453,53.92,567.391,0.0,105.05,32.0,37.4014,5.835,5.60769,47.7505,0.0,0.12371,0.0,0.0,1.0,0.0,27.7244,190.547,116.516,0,1.4136,0.0,401.917,25.6583,0.13869,170.086,0.0,11.0904,0.51942,0.0,72.2125,383.273,177.401,0.0,1.22173,0.0,27.689,2.84,4.34416,-2.38,0.0,9.83429,0.0,0.0,0.0
2023-12-04 07:40:00,7.09339,1171.21,64.3098,0.0,22.38,48.2804,52.2719,18.3997,0.0,139.601,0.0,9.00282,0.33692,15.999,21.3309,1.9,247.389,0,1966.07,0.0,121.178,78.8833,53.2564,27.0985,3.34995,6.4149,0.0,2.50135,0.0,85.0412,23.0,50.3,15.3574,,206.792,29.0314,0.0,113.265,7.692,0.0,54.024,544.1,0.0,104.97,33.75,39.501,6.142,4.64637,47.0748,0.0,0.08352,0.0,0.0,0.0,0.0,25.7359,191.032,111.474,0,0.5951,0.0,395.691,24.5304,0.0,170.074,0.0,11.5702,0.63905,0.0,72.7532,383.484,177.314,0.0,0.0,0.0,27.589,2.83,4.34416,-2.43,0.0,8.38407,0.0,0.0,0.0
2023-12-04 07:45:00,4.0985,1191.18,70.3713,0.0,20.87,47.351,52.7004,19.6997,0.0,140.603,0.0,9.80087,1.41299,18.0965,21.7508,2.71,249.666,0,1940.26,0.0,119.988,78.8229,55.5758,27.0985,2.60996,6.6249,0.0,2.18555,0.0,85.0043,23.0,50.26,15.5771,,203.076,29.0261,0.0,114.987,5.863,0.0,54.252,560.897,0.0,105.01,35.5,40.3006,5.869,3.52026,47.4363,0.0,0.12371,0.0,0.0,0.0,0.0,23.7143,192.314,110.62,0,0.53834,0.0,400.842,25.2873,0.0,169.934,0.0,11.9706,0.0,0.0,74.9691,383.529,177.515,0.0,0.0,0.0,27.589,2.84,4.34416,-2.44,0.0,8.89165,0.0,0.0,0.0
2023-12-04 07:50:00,1.89692,1173.28,86.2513,0.0,18.78,47.0119,52.0119,21.0997,0.0,141.297,0.0,8.09491,0.42847,19.0966,21.6453,2.05,251.603,0,1866.75,0.0,118.877,77.3777,56.567,27.0985,4.14994,6.90489,0.0,1.72296,0.0,85.1026,23.0,50.26,15.6989,,195.412,28.9677,0.0,115.003,4.424,0.0,54.38,563.558,0.0,105.1,37.25,40.9018,6.257,1.98215,46.8217,0.0,0.14381,0.0,0.0,0.0,0.0,21.0336,192.927,113.611,0,1.8439,0.0,399.988,25.0431,0.08843,169.934,0.0,12.3405,0.0,0.0,76.0136,383.96,177.48,0.0,0.10019,0.0,27.289,2.83,4.34416,-2.47,0.0,5.84619,0.0,0.0,0.0
2023-12-04 07:55:00,0.59792,1206.93,83.1714,0.0,19.05,42.4905,52.2316,22.3997,0.0,141.901,0.0,5.7641,0.49683,17.5965,21.6453,1.75,253.433,0,1802.2,0.0,119.268,76.7432,57.1823,27.0985,2.66996,7.13489,0.0,0.93742,0.0,84.9797,23.0,50.26,15.7307,,192.461,29.0119,0.0,115.013,4.323,0.3357,54.792,573.349,41.2799987793,104.99,39.0,40.5997,7.692,1.2314,47.2054,0.0,0.12371,0.0,0.0,0.0,0.0,21.3742,193.092,112.004,0,0.8716,0.0,401.209,25.3898,0.10332,170.025,0.0,12.7702,0.0,0.0,78.5859,383.932,177.349,0.0,4.60728,0.0,27.389,2.84,4.34416,-2.43,0.0,4.37784,0.0,0.0,0.0
2023-12-04 08:00:00,0.0,1229.22,81.0102,0.0,17.32,39.7002,52.2609,23.6996,0.0,142.203,0.0,5.38643,0.35828,16.4991,21.4426,1.47,255.343,0,1866.29,0.0,119.036,76.854,58.2223,27.0985,2.39496,7.39489,0.0,0.44627,0.0,84.9879,23.0,50.26,15.5208,,192.461,29.0208,0.0,115.008,4.222,0.0,54.836,561.825,0.0,104.97,40.75,42.1012,7.473,0.0,47.1278,0.0,0.08352,0.0,0.0,0.0,0.0,20.2756,193.568,110.218,0,1.45754,0.0,405.115,25.1041,0.05492,170.043,0.0,13.1205,0.0,0.0,80.6093,385.351,177.349,0.0,0.08225,0.0,27.289,0.0,4.34416,-2.38,0.0,2.74635,0.0,0.0,0.0
2023-12-04 08:05:00,0.0,1217.06,80.7101,0.0,17.51,32.78,51.9423,24.9996,0.0,142.402,0.0,5.65194,0.45838,14.2998,21.7457,1.42,257.606,0,1871.59,0.0,117.595,75.716,55.7174,27.0985,1.79997,7.22489,0.0,1.02708,0.0,85.0125,23.0,50.26,15.5837,,188.423,29.0208,0.0,114.697,4.423,0.0,54.86,526.839,0.0,105.01,42.5,40.4013,6.389,0.0,46.6643,0.0,0.19405,0.0,0.0,0.0,0.0,20.3964,193.944,109.56,0,2.0325,0.0,406.36,24.9161,0.03258,169.995,0.0,13.5099,0.0,0.0,81.2032,382.641,177.471,0.0,0.0,0.0,27.089,0.0,4.34416,-2.48,0.0,1.56805,0.0,0.0,0.0
2023-12-04 08:10:00,0.0,1163.91,85.3008,0.0,19.18,34.1699,51.5724,26.2996,0.0,142.601,0.0,5.73281,0.48829,11.096,22.2638,1.6,258.5,0,1814.07,0.0,116.619,75.2577,55.6783,27.0985,0.39499,7.77488,0.0,1.20323,0.0,85.0452,23.0,50.26,15.0001,,199.188,29.042,0.0,113.476,5.182,0.0,54.886,492.854,0.0,105.05,44.25,41.1002,8.125,0.0,46.3145,0.0,0.08352,0.0,0.0,0.0,0.0,18.4189,194.255,108.518,0,2.10025,0.0,403.699,24.2985,0.0,169.97,0.0,13.8603,0.0,0.0,81.4613,382.751,177.384,0.0,0.0,0.0,26.989,0.0,4.34416,-2.41,0.0,2.31128,0.0,0.0,0.0
2023-12-04 08:15:00,0.0,1142.08,86.8314,0.0,17.8,30.3016,51.5102,27.4996,0.0,142.8,0.0,4.72419,0.0,13.698,21.8337,1.72,257.2,0,1784.84,0.0,115.709,75.721,51.9087,27.0985,0.93999,7.88488,0.0,0.18839,0.0,84.9879,23.0,50.26,15.4337,,199.219,29.042,0.0,114.997,6.044,0.0,54.816,456.257,74.3000030518,105.03,46.0,37.5998,8.019,0.0,46.3445,0.0,0.13376,0.0,0.0,0.0,0.0,19.5724,194.42,113.226,0,1.53262,0.0,403.235,24.6793,0.0,169.94,0.0,14.1996,0.0,0.0,82.0224,382.705,177.488,0.0,0.0,0.0,26.889,0.0,4.34416,-2.49,0.0,0.0,0.0,0.0,0.0
2023-12-04 08:20:00,0.0,1108.17,86.8251,0.0,18.0,23.013,52.1511,28.8996,0.0,143.0,0.0,3.27535,0.22889,10.3968,21.1159,1.28,258.216,0,1776.88,0.0,114.464,71.9242,54.2965,27.0985,0.82499,8.09488,0.0,0.0,0.0,85.0289,23.0,50.26,15.04,,203.096,29.042,0.0,114.987,6.346,0.0,54.734,441.852,125.449996948,104.95,47.5,39.501,10.719,0.0,46.8993,0.0,0.12371,0.0,0.0,0.0,0.0,20.8689,194.658,114.944,0,0.90089,0.0,401.892,24.965,0.0605,169.976,0.0,14.5402,0.0,0.0,85.4344,382.898,177.584,0.0,0.0,0.0,27.089,0.0,4.34416,-2.57,0.0,2.00311,0.0,0.0,0.0
2023-12-04 08:25:00,0.0,1086.42,86.9389,0.0,16.91,21.9015,51.382,29.9995,0.0,143.0,0.0,0.85222,0.24781,11.096,21.3217,0.59,259.164,0,1740.11,0.0,114.037,71.2445,55.2633,27.0985,0.77499,8.27487,0.0,0.0,0.0,84.9592,23.0,49.53,14.9412,,209.682,29.042,0.0,114.324,5.993,0.0,54.936,441.877,75.7699966431,104.99,49.0,40.0992,7.419,0.0,46.2493,0.0,0.15386,0.0,0.0,0.0,0.0,25.0217,194.786,112.893,0,0.93385,0.0,397.009,24.6867,0.01024,169.946,0.0,14.8405,0.0,0.0,83.6034,383.081,177.436,0.0,0.0,0.0,26.889,0.0,4.34416,-2.34,0.0,1.58618,0.0,0.0,0.0
2023-12-04 08:30:00,0.59792,1074.5,86.9894,0.0,14.5,22.1234,51.5615,31.1995,0.0,143.103,0.0,0.0,0.0,9.69764,21.0125,0.59,260.031,0,1691.97,0.0,112.908,71.4006,51.5767,27.0985,0.91999,8.18488,0.0,0.0,0.0,85.0289,23.0,49.69,14.5592,,219.391,29.042,0.0,114.155,5.433,0.0,54.944,439.997,146.580001831,105.05,50.5,38.3017,10.965,0.0,46.4595,0.0,0.08352,0.0,0.0,0.0,0.0,27.274,194.722,113.859,0,0.0,0.0,396.472,24.445,0.0,169.94,0.0,15.1701,0.0,0.0,82.174,382.861,177.575,0.0,0.0,0.0,26.889,0.0,4.34416,-2.5,0.0,0.0,0.0,0.0,0.0
2023-12-04 08:35:00,0.0,1037.81,86.9602,0.0,13.38,23.1218,51.36,32.3995,0.0,143.0,0.0,0.0,0.0,7.79927,21.9699,0.38,260.411,0,1650.86,0.0,110.954,71.2142,52.3702,27.0985,0.16,8.66487,0.0,0.0,0.0,84.9961,23.0,49.69,14.7553,,220.086,29.042,0.0,112.902,6.249,0.0,54.758,444.367,98.6100006104,105.0,52.0,37.9019,9.912,0.0,46.1844,0.0,0.08352,0.0,0.0,0.0,0.0,25.9116,194.914,114.619,0,0.0,0.0,418.03,24.5963,0.0,169.97,0.0,15.4497,0.0,0.0,83.8124,383.282,177.558,0.46806,0.0,0.0,26.789,0.0,4.34416,-2.49,0.0,0.0,0.0,0.0,0.0
2023-12-04 08:40:00,0.59792,992.911,86.4292,0.0,12.77,19.5194,51.122,33.5995,0.0,143.103,0.0,0.0,0.0,8.39666,20.6756,0.07,260.966,0,1690.9,0.0,110.295,71.1991,56.7257,27.0985,0.0,7.00489,0.0,0.0,0.0,84.9838,23.0,49.69,14.9857,,220.458,29.0066,0.0,112.871,6.289,0.0,55.028,447.248,13.2700004578,104.96,53.5,40.9995,10.469,0.0,46.0409,0.0,0.12371,0.0,0.0,0.0,0.0,27.5816,195.116,113.577,0,0.0,0.0,437.513,24.6256,0.23922,169.964,0.0,15.7598,0.0,0.0825,83.5666,383.218,177.071,0.05832,0.0,0.0,26.689,0.0,4.34416,-2.53,0.0,0.0,0.0,0.0,0.0
2023-12-04 08:45:00,0.0,971.06,86.9602,0.0,11.11,19.0296,50.9023,34.6995,0.0,143.103,0.0,0.0,0.0,6.29915,20.2445,0.0,258.758,0,1712.18,0.0,109.892,71.0984,54.377,27.0985,0.0,8.92486,0.0,0.0,0.0,85.0084,23.0,49.69,15.5791,,216.702,29.0066,0.0,115.008,8.124,0.0,54.99,449.421,9.0,105.17,55.0,39.4003,11.906,0.0,45.8425,0.0,0.184,0.0,0.0,0.0,0.0,30.2184,193.532,111.543,0,0.0,0.0,458.168,25.0529,0.0,170.001,0.0,16.0295,0.0,0.0145,83.5011,383.218,177.636,0.0,0.0,0.0,26.489,0.0,4.34416,0.84,0.0,0.0,0.0,0.0,0.0
2023-12-04 08:50:00,0.0,927.187,86.9203,0.0,8.77,17.2315,51.1,35.7994,0.0,143.103,0.0,0.0,0.0,5.09995,20.1431,0.0,258.88,0,1672.56,0.0,109.081,69.9,55.8981,27.0985,0.0,9.13486,0.0,0.0,0.0,85.0166,23.0,49.69,15.0124,,220.599,29.0491,0.0,114.271,7.669,0.0,55.304,440.607,92.7099990845,104.93,56.25,40.8011,11.482,0.0,46.0027,0.0,0.13376,0.0,0.0,0.0,0.0,32.7233,192.763,109.996,0,0.0,0.0,460.439,24.1398,0.0,169.934,0.0,16.27,0.0,0.0,84.3285,384.656,177.523,0.0,0.0,0.0,26.689,0.0,4.0012,0.86,0.0,0.0,0.0,0.0,0.0
2023-12-04 08:55:00,0.0,919.399,86.9602,0.0,7.13,15.7306,50.8217,36.7994,0.0,143.0,0.0,0.0,0.0,4.69726,20.9992,0.16,259.069,0,1607.93,0.0,109.001,69.9453,55.4733,27.0985,0.0,5.84491,0.0,0.0,0.0,84.9879,23.0,49.69,15.4199,,220.599,29.0491,0.0,115.008,7.559,0.30152,55.358,450.251,129.059997559,104.98,57.75,39.6994,9.847,0.0,45.791,0.0,0.12371,0.0,0.0,0.0,0.0,30.5809,192.259,114.098,0,0.0,0.0,459.828,24.7648,0.16289,169.964,0.0,16.5203,0.0,0.0085,84.4268,383.465,177.61,1.31145,1.458,0.0,26.489,0.0,4.0012,0.7,0.0,0.0,0.0,0.0,0.0
2023-12-04 09:00:00,0.0,920.571,86.8862,0.0,5.67,12.2517,50.9719,37.7994,0.0,143.0,0.0,0.0,0.0,3.89631,20.2598,0.0,259.002,0,1666.53,0.0,109.276,70.2424,55.1974,27.0985,0.0,7.97488,0.0,0.0,0.0,84.9797,23.0,49.69,15.6221,,220.599,29.0491,0.0,115.024,7.26,0.0,55.374,452.253,112.069999695,105.02,58.75,39.8001,8.617,0.0,45.8662,0.0,0.12371,0.0,0.0,0.0,0.0,30.4381,192.195,112.004,0,0.0,0.0,461.171,24.8136,0.0,169.866,0.0,16.7705,0.0,0.63449,83.1365,383.374,177.671,0.0,2.26551,0.0,26.589,0.0,4.0012,0.8,0.0,0.0,0.0,0.0,0.0
2023-12-04 09:05:00,0.0,886.244,82.42,0.0,4.69,11.563,40.8496,38.7994,0.0,143.0,0.0,0.0,0.0,3.39628,17.0189,0.0,258.975,0,1630.47,0.0,113.75,69.5727,53.547,27.0985,0.0,9.63485,0.0,0.0,0.0,84.951,23.0,49.69,12.6592,,220.599,29.0491,0.0,115.008,10.352,0.30884,55.368,449.03,222.13999939,105.01,60.25,38.201,10.694,2.24765,45.8865,0.0,0.17395,0.0,0.0,0.0,0.0,29.1637,191.71,113.269,0,0.2948,0.0,462.514,20.1773,0.13869,170.031,0.0,17.0306,0.0,0.0335,76.3412,383.355,177.671,0.0,1.29351,0.0,52.389,0.0,4.0012,0.75,0.0,0.0,0.0,0.0,0.0
2023-12-04 09:10:00,0.0,855.726,82.7811,0.0,3.25,10.372,40.3625,39.7994,0.0,142.903,0.0,0.0,0.0,2.3962,19.1437,0.0,258.893,0,1604.93,0.0,115.557,68.9029,54.9874,27.0985,0.0,9.63485,0.0,0.0,0.0,85.0207,23.0,49.69,12.1242,,220.599,29.0491,0.0,114.376,8.788,0.0,55.342,441.242,279.010009766,105.09,61.5,40.1999,12.288,3.21813,45.8527,0.0,0.04333,0.0,0.0,0.0,0.0,29.2735,192.085,108.475,0,0.28382,0.0,461.708,19.3619,0.0,169.866,0.0,17.2503,0.0,0.0,75.6941,383.529,177.567,0.0,0.0,0.0,52.289,0.0,4.0012,0.8,0.0,0.0,0.0,0.0,0.0
2023-12-04 09:15:00,0.0,843.006,85.1202,0.0,2.77,8.02964,41.1096,40.7994,0.0,142.8,0.0,0.0,0.0,2.99802,22.3416,0.0,258.947,0,1595.87,0.0,112.895,67.5635,53.984,27.0985,0.0,9.68485,0.0,0.0,0.0,85.0452,23.0,50.06,12.2322,,220.599,29.0491,0.0,113.913,6.975,0.0,55.274,436.677,218.580001831,104.98,62.75,37.7005,11.329,3.92309,38.1851,0.0,0.12371,0.0,0.0,0.0,0.0,35.5688,192.369,106.869,0,0.26551,0.0,465.322,19.5523,0.0,169.866,0.0,17.4505,1.92081,0.0,75.6982,383.529,177.584,0.0,0.0,0.0,52.389,0.0,4.0012,2.3,0.0,0.0,0.0,0.0,0.0
2023-12-04 09:20:00,0.0,852.772,86.9708,0.0,1.65,6.49111,42.0398,41.6994,0.0,142.498,0.0,0.0,0.0,0.89609,20.7258,-0.09,258.934,0,1610.38,0.0,111.449,66.2291,55.1144,27.0985,0.0,9.79485,0.0,0.0,0.0,85.0166,23.0,50.06,12.6459,,220.599,29.0031,0.0,115.003,6.55,0.0,55.034,445.588,229.619995117,104.98,63.5,39.501,10.896,7.76837,37.7916,0.0,0.12371,0.0,0.0,0.0,0.0,33.2067,192.598,108.244,0,0.0,0.0,463.906,20.2164,0.18709,169.909,0.0,17.8106,7.6997,0.33349,79.5279,382.138,177.567,0.0,0.0,0.09421,49.389,0.0,4.0012,4.4,0.0,0.0,0.0,0.0,0.0
2023-12-04 09:25:00,0.0,819.739,84.4989,0.0,0.52,5.28123,41.4795,42.6993,0.0,141.997,0.0,0.0,0.0,1.19699,20.1574,0.0,258.744,0,1591.5,0.0,110.832,64.5322,54.7164,27.0985,0.0,9.87485,0.0,0.0,0.0,85.0084,23.0,50.06,12.009,,220.599,29.0208,0.0,113.902,7.943,0.0,55.272,439.509,284.589996338,105.04,64.75,40.3006,17.23,7.30144,37.3733,0.0,0.17395,0.0,0.0,0.0,0.0,33.5802,192.827,108.432,0,0.0,0.0,476.186,19.2984,0.0,169.989,0.0,18.1903,19.1806,0.0,76.7877,382.211,177.445,0.0,0.0,0.0,22.289,0.0,4.34416,6.52,0.0,0.0,0.0,0.0,0.0
2023-12-04 09:30:00,0.0,815.076,84.6609,0.0,0.0,6.60206,58.4317,43.4993,0.0,142.299,0.0,0.0,0.0,1.69703,20.2639,0.0,259.124,0,1586.4,0.0,109.722,63.1675,56.0055,27.0985,0.0,8.75487,0.0,0.0,0.0,84.9838,23.0,50.06,17.3896,,213.983,29.042,0.0,112.823,7.624,0.0,55.178,439.728,249.240005493,105.03,66.0,40.5997,12.811,7.69512,52.7014,0.0,0.08352,0.0,0.0,0.0,0.0,29.7679,193.001,114.012,0,0.0,0.0,465.127,27.6921,0.00093,169.885,0.0,18.5406,15.5428,0.0005,82.8211,382.0,177.775,0.0,0.0,0.24375,4.789,0.0,4.34416,8.11,0.0,0.0,0.0,0.0,0.0
2023-12-04 09:35:00,0.0,799.036,86.6495,0.0,0.0,5.66219,42.4207,44.3993,0.0,141.997,0.0,0.0,0.0,0.5996,20.1636,-0.04,259.137,0,1592.8,0.0,109.844,63.3236,51.606,27.0985,0.0,9.88485,0.0,0.0,0.0,85.0412,23.0,50.06,12.3233,,220.438,29.042,0.0,113.755,7.686,0.0,55.318,437.336,228.13999939,105.06,67.0,38.1003,12.791,12.0623,38.1716,0.0,0.12371,0.0,0.0,0.0,0.0,33.8109,193.312,111.116,0,0.0,0.0,467.129,20.3799,0.0,169.732,0.0,18.8397,22.4015,0.0,78.889,382.211,177.688,0.0,0.0,0.0314,47.689,0.0,4.34416,10.24,0.0,0.0,0.0,0.0,0.0
2023-12-04 09:40:00,0.0,789.831,78.4294,0.0,0.0,5.90187,42.3914,45.1993,0.0,142.1,0.0,0.0,0.0,0.89609,20.8978,-0.06,259.571,0,1592.92,0.0,110.478,62.9762,53.2296,27.0985,0.0,9.85485,0.0,0.0,0.0,85.0207,23.0,50.06,12.1661,,220.438,29.0119,0.0,111.518,9.721,0.0,55.048,441.071,222.949996948,105.02,68.25,39.6994,12.384,16.1822,38.1184,0.0,0.13376,0.0,0.0,0.0,0.0,34.9755,193.358,108.655,0,0.0,0.0,462.709,20.0577,0.0,169.934,0.0,19.0802,37.5476,0.0,79.7368,382.651,174.94,0.0,0.0,0.0,49.389,0.0,4.34416,12.37,0.0,0.0,0.0,0.0,0.0
2023-12-04 09:45:00,0.0,791.54,78.2701,0.0,0.0,5.00387,41.8604,45.8993,0.0,141.503,0.0,0.0,0.0,0.5996,20.479,-0.03,259.584,0,1562.33,0.0,109.874,61.1181,55.2193,27.0985,0.0,9.56485,0.0,0.0,0.0,85.0207,23.0,50.06,12.7498,,220.438,29.0119,0.0,113.729,11.179,0.0,55.236,450.642,221.169998169,105.27,69.25,40.9018,12.023,22.8931,37.7404,0.0,0.13376,0.0,0.0,0.0,0.0,29.713,192.873,110.364,0,0.0,0.0,463.344,20.4996,0.0,161.627,0.0,19.2596,36.0583,0.2195,79.8966,383.438,174.966,0.0,2.11298,0.03439,49.389,0.0,4.34416,12.54,0.0,0.0,0.0,0.0,0.0
2023-12-04 09:50:00,0.0,797.424,86.9602,0.0,0.0,4.07343,59.219,46.6993,0.0,142.498,0.0,0.0,0.0,0.0,19.9598,-0.04,259.815,0,1615.55,0.0,110.344,61.1936,54.7188,27.0985,0.0,9.19486,0.0,0.0,0.0,84.9346,23.0,50.06,13.6581,,220.438,29.0084,0.0,114.876,10.984,0.19165,55.048,444.44,209.720001221,105.0,69.75,41.2009,16.132,32.1584,53.2884,0.0,0.08352,0.0,0.0,0.0,0.0,30.2953,193.019,108.056,0,0.0,0.0,464.418,27.1598,0.0,165.612,0.0,15.3301,41.8177,0.0425,83.0464,383.941,164.138,0.0,0.71031,0.0015,5.889,0.0,4.22984,12.69,0.0,0.0,0.0,0.0,0.0
2023-12-04 09:55:00,0.0,786.389,87.0,0.0,0.0,2.27325,42.0508,47.3993,0.0,142.299,0.0,0.0,0.0,1.09964,19.7458,-0.06,257.85,0,1609.62,0.0,111.406,60.7556,53.9596,27.0985,0.0,6.7349,0.0,0.0,0.0,85.0043,23.0,50.06,12.3709,,220.438,29.0066,0.0,114.655,10.729,0.25025,55.01,445.026,192.449996948,105.05,70.75,39.0005,14.974,45.4795,37.7201,0.0,0.12371,0.0,0.0,0.0,0.0,28.087,193.623,111.517,0,0.0,0.0,463.32,20.9366,0.0,169.952,0.0,19.5502,43.7061,0.0955,78.9299,384.518,164.19,0.0,0.0,0.04038,47.789,0.0,4.22984,13.66,0.0,0.0,0.0,0.0,0.0
2023-12-04 10:00:00,0.0,766.589,86.8546,0.0,0.0,0.78078,40.8203,48.1993,0.0,141.997,0.0,0.0,0.0,0.39605,19.5369,-0.03,255.885,0,1596.83,0.0,111.888,60.675,56.7599,27.0985,0.0,9.83485,0.0,0.0,0.0,85.0207,23.0,50.11,11.9347,,220.438,29.0066,0.0,113.471,10.727,0.0,55.224,441.559,189.86000061,105.01,71.75,39.501,16.527,38.7594,36.7219,0.0,0.17395,0.0,0.0,0.0,0.0,26.3181,194.2,111.509,0,0.0,0.0,456.093,19.5303,0.0,164.904,0.0,19.6698,39.0979,0.0,79.0364,384.82,164.198,0.0,0.0,0.04935,49.489,0.0,4.22984,15.42,0.0,0.0,0.0,0.0,0.0
2023-12-04 10:05:00,0.0,756.115,86.8936,0.0,0.0,0.0,40.4505,48.8993,0.0,142.697,0.0,0.0,0.0,0.0,19.9588,-0.07,255.899,0,1562.5,0.0,110.552,61.4857,56.4865,27.0985,0.0,9.47486,0.0,0.0,0.0,85.0166,23.0,50.11,11.7417,,220.438,29.0031,0.0,113.544,10.845,0.0,55.236,437.14,215.86000061,104.98,72.5,34.9996,16.55,37.1572,36.3617,0.0,0.13376,0.0,0.0,0.0,0.0,20.2206,194.31,106.98,0,0.0,0.0,466.982,19.025,0.0,142.913,0.0,19.6796,41.8628,0.0,75.1165,384.628,164.164,0.0,0.0,0.02841,51.689,0.0,4.22984,15.35,0.0,0.0,0.0,0.0,0.0
2023-12-04 10:10:00,0.0,762.609,86.9894,0.0,0.0,0.0,40.26,49.3993,0.0,142.601,0.0,0.0,0.0,0.89609,19.9588,-0.02,256.21,0,1524.0,0.0,110.118,60.821,56.2594,27.0985,0.0,9.85485,0.0,0.0,0.0,84.9674,23.0,50.11,12.0515,,220.438,29.0119,6.715,112.07,10.548,0.0,55.162,440.266,179.490005493,105.0,73.0,41.1002,16.685,50.5242,36.2182,0.0,0.04333,0.0,0.0,0.0,0.0,20.2866,194.383,106.518,0,0.0,0.0,460.585,19.3301,0.00093,145.11,0.0,19.7894,44.723,0.0,75.7391,384.656,164.329,0.0,0.0,0.02542,51.889,0.0,4.22984,15.29,0.0,0.0,0.0,0.0,0.0
2023-12-04 10:15:00,0.0,764.807,87.0,0.0,0.0,0.0,40.802,49.8992,0.0,142.1,0.0,0.0,0.0,0.0,19.6424,-0.05,256.441,0,1464.21,0.0,109.844,61.4907,56.5036,27.0985,0.0,9.86485,0.0,0.0,0.0,84.9961,23.0,50.11,12.2317,,220.438,29.0119,0.0,114.987,11.222,0.28931,54.9,442.853,205.559997559,105.01,73.25,40.9995,16.693,54.9371,36.7502,0.0,0.08352,0.0,0.0,0.0,0.0,16.5731,194.466,104.237,0,0.0,0.0,456.191,19.5328,0.06423,169.671,0.0,19.7797,48.1434,0.0495,76.7427,384.802,164.242,0.0,1.21874,0.07926,51.889,0.0,4.22984,17.33,0.0,0.0,0.0,0.0,0.0
2023-12-04 10:20:00,0.0,757.531,86.9894,0.0,0.0,0.0,40.0806,50.4992,0.0,141.997,0.0,0.0,0.0,0.2987,28.1375,-0.08,256.563,0,1377.56,0.0,97.8073,61.1534,56.0885,27.0985,0.0,2.78496,0.0,0.0,0.0,85.0002,23.0,50.11,12.0904,,220.438,29.0031,1.96,115.05,11.225,0.0,55.194,440.412,223.309997559,105.04,73.5,40.9018,16.761,75.6008,36.0851,0.0,0.17395,0.0,0.0,0.0,0.0,18.7485,194.42,107.228,0,0.0,0.0,452.919,19.2349,0.0,169.464,0.0,19.7797,46.4271,0.0,60.6884,384.509,163.477,0.0,0.0,0.0,51.789,0.0,4.22984,18.07,0.0,0.0,0.0,0.0,0.0
2023-12-04 10:25:00,0.0,757.653,85.5503,0.0,0.0,0.0,39.9414,50.4992,0.0,141.901,0.0,0.0,0.0,0.0,28.6915,-0.03,256.712,0,1291.21,0.0,98.9548,60.7858,54.8653,27.0985,0.0,2.42496,0.0,0.0,0.0,84.9428,23.0,50.11,12.0023,,220.438,29.0049,0.0,114.997,11.326,0.0,55.204,440.021,267.119995117,105.01,74.0,39.8001,16.869,80.6729,35.9723,0.0,0.04333,0.0,0.0,0.0,0.0,18.6386,194.411,107.851,0,0.0,0.0,452.113,19.1836,0.0,169.213,0.0,19.8199,42.2571,0.0,40.4849,357.272,164.285,0.0,0.0,0.02243,51.689,0.0,4.22984,20.46,0.0,0.0,0.0,0.0,0.0
2023-12-04 10:30:00,0.0,767.541,85.2211,0.0,0.0,0.0,26.1204,51.0992,0.0,141.702,0.0,0.0,0.0,0.0,28.5911,-0.06,256.685,0,1223.33,0.0,97.5021,61.8684,54.8043,27.0985,0.0,5.86491,0.0,0.0,0.0,85.033,23.0,50.11,8.21811,,219.391,29.058,0.0,114.987,11.326,0.0,55.34,443.781,367.950012207,105.0,74.0,39.202,16.937,63.0121,23.5232,0.0,0.08352,0.0,0.0,0.0,0.0,17.0675,194.447,108.911,0,0.0,0.0,454.262,13.1923,0.0,163.482,0.0,19.8004,36.2121,0.0,23.8879,355.724,164.329,0.0,0.32151,0.0015,51.589,0.0,4.22984,22.25,0.0,0.0,0.0,0.0,0.0
2023-12-04 10:35:00,0.0,765.661,84.1192,0.0,0.0,0.0,38.3813,0.0,0.0,141.201,0.0,0.0,0.0,0.0,28.5931,-0.05,256.807,0,1180.98,0.0,97.5448,62.3266,49.3111,27.0985,0.0,9.76485,0.0,0.0,0.0,85.0412,23.0,50.11,11.1447,,184.958,24.1337,0.0,115.013,11.376,0.0,55.282,444.758,460.619995117,104.98,74.75,35.7992,16.999,46.5415,34.6515,0.0,0.13376,0.0,0.0,0.0,0.0,1.1371,168.006,109.842,0,0.0,0.0,451.283,17.9019,0.0,168.078,0.0,19.7797,35.7519,0.0005,34.3245,384.262,168.208,0.0,0.0015,0.0,51.489,0.0,4.22984,22.35,0.0,0.0,0.0,0.0,0.0
2023-12-04 10:40:00,0.0,734.777,84.5202,0.0,0.0,0.0,39.491,0.0,0.0,140.699,0.0,0.0,0.0,0.0,28.6935,-0.04,261.129,0,1178.17,0.0,97.7157,61.9439,52.0699,27.0985,0.0,8.76487,0.0,0.2471,0.0,84.9756,23.0,50.11,11.755,,169.409,22.222,0.0,115.182,11.426,0.0,55.384,437.238,458.920013428,105.01,75.0,37.5998,17.088,40.5081,35.5858,0.0,0.184,0.0,0.0,0.0,0.0,0.0,153.843,110.073,0,0.0,0.0,451.796,18.5245,0.0,169.616,0.0,19.8102,46.6773,0.0,35.3546,382.623,171.252,0.0,0.04038,0.0,51.589,0.0,4.22984,22.43,0.0,0.0,0.0,0.0,0.0
2023-12-04 10:45:00,0.0,764.611,86.9788,0.0,0.0,0.0,33.9428,0.0,0.0,140.603,0.0,0.0,0.0,0.0,29.0007,-0.03,262.132,0,1137.98,0.0,98.9486,62.6086,48.7764,27.0985,0.34499,9.53485,0.42213,0.0,0.0,84.9961,23.0,50.29,10.5544,,173.054,22.7885,0.0,114.945,11.426,0.34791,55.354,445.49,424.369995117,105.01,75.0,29.9,17.114,22.948,30.3925,0.0,0.12371,0.0,0.0,0.0,0.0,0.0,156.406,113.577,0,0.0,0.0,453.774,16.791,0.0,164.044,0.0,18.7298,41.1865,0.0,31.5116,384.216,171.261,0.0,0.41422,0.04636,51.489,0.0,4.22984,22.55,0.0,0.0,0.0,0.0,0.0
2023-12-04 10:50:00,0.0,764.099,85.5689,0.0,0.07,0.0,39.751,0.0,0.0,140.603,0.0,0.0,0.0,0.0,29.9028,-0.05,262.403,0,1133.93,0.0,97.8134,63.097,49.1279,27.0985,0.95999,6.7849,0.0,0.0,0.0,85.0821,23.0,50.29,11.4207,,185.482,25.6046,0.0,115.071,11.527,0.0,55.354,446.638,476.420013428,105.03,75.0,35.6008,17.196,31.7464,35.7976,0.0,0.04333,0.0,0.0,0.0,0.0,0.0,175.074,112.97,0,0.0,0.0,449.306,18.4756,0.26342,145.251,0.0,19.8199,47.7687,0.0,34.687,383.209,171.235,0.0,0.0,0.0,51.389,0.0,3.88688,22.34,0.0,0.0,0.0,0.0,0.0
2023-12-04 10:55:00,0.0,764.709,84.1007,0.0,0.0,0.0,42.6111,0.0,0.0,140.898,0.0,0.0,0.0,0.0,30.2203,-0.04,262.931,0,1173.82,0.0,96.9955,62.7849,49.5625,27.0985,0.74999,3.56495,0.0,0.15109,0.0,85.0493,23.0,50.29,12.756,,165.823,21.691,0.0,114.987,11.577,0.0,55.582,443.757,393.390014648,105.0,75.0,35.7992,17.298,31.3253,38.3934,0.0,0.13376,0.0,0.0,0.0,0.0,0.0,151.325,111.68,0,0.0,0.0,456.362,20.275,0.0,166.125,0.0,19.8297,30.3648,0.0,60.5163,381.891,171.374,0.0,0.0,0.0,51.189,0.0,4.22984,22.24,0.0,0.0,0.0,0.0,0.0
2023-12-04 11:00:00,0.0,758.947,84.1007,0.0,0.0,0.0,41.7212,0.0,0.0,140.898,0.0,0.0,0.0,0.0,30.27,-0.02,262.796,0,1136.66,0.0,98.912,64.4415,50.2119,27.0985,2.66496,3.50495,0.0,0.96202,0.0,84.9961,23.0,50.29,12.5486,,169.741,22.2999,0.0,114.997,11.627,0.0,55.574,438.874,480.450012207,104.99,75.0,36.5011,17.359,32.845,37.3933,0.0,0.17395,0.0,0.0,0.0,0.0,0.0,153.55,110.441,0,0.0,0.0,449.306,19.9869,0.0,168.45,0.0,19.8199,21.0593,0.0,57.9871,372.158,171.644,0.0,0.0,0.02243,51.089,0.0,4.22984,22.11,0.0,0.0,0.0,0.0,0.0
2023-12-04 11:05:00,0.0,762.048,84.0502,0.0,0.0,0.0,41.1719,0.0,0.0,140.603,0.0,0.0,0.56764,0.0,30.27,-0.03,262.782,0,1178.46,0.0,99.7055,64.7436,48.4639,27.0985,1.25498,3.46495,0.0,0.73985,0.0,85.0125,23.0,50.29,12.4984,,175.008,23.0203,0.0,115.008,11.627,0.0,55.278,443.903,382.709991455,104.97,75.0,34.902,17.346,46.3493,37.0637,0.0,0.14381,0.0,0.0,0.0,0.0,0.0,158.558,111.15,0,0.0,0.0,451.21,19.7085,0.0,168.743,0.0,19.8102,30.7677,0.0,64.0635,365.722,173.731,0.0,0.0,0.06729,51.089,0.0,4.22984,22.11,0.0,0.0,0.0,0.0,0.0
2023-12-04 11:10:00,0.0,766.638,85.5291,0.0,0.0,0.0,41.8201,0.0,0.0,140.5,0.0,0.0,1.21462,0.0,30.1199,-0.08,262.85,0,1215.11,0.0,99.9069,65.0206,51.2325,27.0985,0.92999,7.59488,0.03809,0.17252,0.0,84.9961,23.0,50.29,12.5691,,168.855,22.1955,0.0,115.018,11.634,0.0,55.56,441.633,479.869995117,104.89,75.0,37.0993,17.391,45.8366,37.6426,0.0,0.08352,0.0,0.0,0.0,0.0,0.0,153.486,109.577,0,0.0,0.0,451.088,20.2799,0.0,156.982,0.0,19.8102,28.7181,0.0195,76.6607,375.967,173.888,0.0,0.0,0.02841,51.089,0.0,4.22984,22.32,0.0,0.0,0.0,0.0,0.0
2023-12-04 11:15:00,0.0,753.259,84.0396,0.0,0.0,0.0,36.7297,0.0,0.0,140.5,0.0,0.0,0.99855,0.0,29.8076,0.16,263.148,0,1245.5,0.0,102.312,64.7588,49.9849,27.0985,1.71497,9.88485,0.0,0.89378,0.0,85.0412,23.0,50.29,10.944,,166.649,21.8893,0.0,113.571,11.684,0.0,55.668,442.194,467.679992676,105.01,75.0,37.8012,17.441,44.4724,32.9187,0.0,0.04333,0.0,0.0,0.0,0.0,0.0,151.664,106.493,0,0.0,0.0,448.671,17.3281,0.0,156.506,0.0,19.8297,25.283,0.0,33.6589,374.685,174.001,0.0,0.0,0.0,51.389,0.0,4.22984,22.23,0.0,0.0,0.0,0.0,0.0
2023-12-04 11:20:00,0.0,765.002,84.09,0.0,0.0,0.0,33.3495,0.0,0.0,140.5,0.0,0.0,0.6183,0.0,29.8076,0.0,263.107,0,1229.8,0.0,101.872,65.8363,53.9767,27.0985,0.0,2.78496,0.0,0.61765,0.0,85.0084,23.0,50.29,10.006,,165.159,21.7689,0.0,115.003,11.684,0.0,55.668,440.51,277.929992676,105.07,75.0,39.1012,17.405,51.3298,30.0082,0.0,0.14381,0.0,0.0,0.0,0.0,0.0,150.419,108.518,0,0.0,0.0,448.573,16.8032,0.0,144.518,0.0,19.8004,28.6424,0.0,30.8285,383.896,174.079,0.0,0.01944,0.0,51.289,0.0,4.22984,22.28,0.0,0.0,0.0,0.0,0.0
2023-12-04 11:25:00,0.0,767.541,84.6104,0.0,0.0,0.0,41.8714,0.0,0.0,140.898,0.0,0.0,0.64881,0.0,30.121,-0.12,263.189,0,1232.88,0.0,98.0697,65.504,56.4816,27.0985,0.68999,3.50495,0.0,0.0,0.0,84.9961,23.0,50.29,12.3935,,153.577,20.1015,3.07,115.008,11.684,0.0,55.422,442.268,280.260009766,104.96,75.0,40.9995,17.361,47.3564,37.5685,0.0,0.14381,0.0,0.0,0.0,0.0,0.0,139.579,104.254,0,0.0,0.0,452.919,19.7354,0.0,141.527,0.0,19.8199,33.153,0.0015,46.9176,384.839,174.296,0.0,0.0,0.0,51.189,0.0,4.22984,22.23,0.0,0.0,0.0,0.0,0.0
2023-12-04 11:30:00,0.0,769.25,84.0396,0.0,0.0,0.0,40.9595,0.0,0.0,140.802,0.0,0.0,1.45754,0.0,30.2234,-0.03,263.148,0,1237.42,0.0,98.9486,65.217,56.6207,27.0985,0.265,9.02486,0.00635,1.14372,0.0,84.992,23.0,49.77,12.2378,,162.873,21.4733,6.109,114.982,11.734,0.0,55.098,439.802,252.380004883,104.87,75.0,41.2009,17.461,48.7938,36.8612,0.0,0.13376,0.0,0.0,0.0,0.0,0.0,147.434,104.638,0,0.0,0.0,452.944,19.6719,0.13683,141.418,0.0,19.4696,41.3013,0.0,54.016,389.343,174.47,0.0,0.04038,0.0,51.289,0.0,4.22984,22.1,0.0,0.0,0.0,0.0,0.0
2023-12-04 11:35:00,0.0,767.224,86.8209,0.0,0.0,0.0,40.9009,0.0,0.0,140.603,0.0,0.0,0.34852,0.0,20.054,0.0,263.04,0,1297.21,0.0,115.538,65.2069,54.919,27.0985,1.80497,5.19492,0.0,0.17014,0.0,85.0371,23.0,49.77,12.2977,,199.148,28.9996,0.0,114.571,11.734,0.0,55.214,440.778,7.90999984741,105.03,75.0,40.502,17.436,55.5139,36.7048,0.0,0.08352,0.0,0.0,0.0,0.0,0.0,193.596,103.374,0,0.0,0.0,450.307,19.5718,0.0,153.948,0.0,19.0399,32.3925,0.0,74.8831,385.754,177.549,0.0,0.0,0.0,51.489,0.0,4.22984,22.12,0.0,0.0,0.0,0.0,0.0
2023-12-04 11:40:00,0.0,764.538,86.8199,0.0,0.0,0.0,40.9412,0.0,0.0,141.098,0.0,0.0,0.32776,0.0,18.5436,0.0,263.243,0,1314.23,0.0,113.719,65.8515,55.3316,27.0985,2.02997,5.52492,0.0,0.45182,0.0,84.9838,23.0,49.77,12.0545,,197.456,29.0155,0.617,104.595,11.734,0.0,55.386,437.897,0.0,104.98,75.0,40.502,17.465,41.2772,36.9046,0.0,0.12371,0.0,0.0,0.0,0.0,5.92721,194.475,105.45,0,0.0,0.0,450.795,19.2691,0.0,168.731,0.0,19.7406,34.2943,0.0,77.3939,386.194,180.002,0.0,0.0,0.0,51.389,0.0,4.22984,22.29,0.0,0.0,0.0,0.0,0.0
2023-12-04 11:45:00,0.0,764.318,86.9788,0.0,0.0,0.0,40.3113,0.0,0.0,141.001,0.0,0.0,0.96559,0.0,18.645,-0.06,263.134,0,1342.55,0.0,112.358,66.1939,54.0938,27.0985,3.79994,2.31496,0.0,0.79619,0.0,84.9388,23.0,49.77,11.6219,,205.019,29.0243,0.0,113.755,11.734,0.0,55.43,439.606,0.0,104.99,75.0,39.9008,17.411,45.8915,36.317,0.0,0.12371,0.0,0.0,0.0,0.0,5.88327,194.749,104.04,0,0.0,0.0,443.153,19.2569,0.00093,168.634,0.0,19.8297,41.2244,0.0,75.01,389.892,179.993,0.0,0.0,0.0,51.289,0.0,4.22984,22.28,0.0,0.0,0.0,0.0,0.0
2023-12-04 11:50:00,0.0,772.863,86.2592,0.0,0.0,0.0,39.8498,0.0,0.0,141.001,0.0,0.04425,0.68727,0.0,19.371,0.12,263.107,0,1310.23,0.0,111.846,64.8494,56.318,27.0985,3.41995,6.91489,1.24416,0.30265,0.0,85.0002,30.2869,49.77,11.9419,,209.33,29.0527,1.864,114.987,11.734,0.0,55.33,443.439,58.4700012207,104.88,75.0,40.8011,17.335,40.8102,35.8765,0.0,0.08352,0.0,0.0,0.0,0.0,5.90524,194.759,107.304,0,0.0,0.0,450.331,19.1006,0.08656,168.554,0.0,19.7894,47.4842,0.0,75.7883,388.766,180.063,0.0,0.0,0.04337,51.389,0.0,4.22984,22.22,0.0,1.20549,0.0,0.0,0.0
2023-12-04 11:55:00,0.0,766.906,83.5298,0.0,0.0,0.0,40.1611,0.0,0.0,141.997,0.0,0.44556,2.4445,0.0,15.3733,-0.05,263.175,0,1267.6,0.0,118.523,64.94,56.5328,27.0985,3.82494,6.8149,3.28496,0.53196,0.0,85.0207,31.0,49.77,12.2409,,220.388,29.0473,0.0,115.003,11.728,0.0,55.64,443.464,172.990005493,105.0,75.0,40.9018,17.397,38.2101,36.166,0.0,0.08352,0.0,0.0,0.0,0.0,7.26757,194.795,99.5114,0,0.0,0.0,454.115,19.357,0.0121,168.615,0.0,19.8102,67.2453,0.0,77.3816,320.778,180.28,0.0,0.0,0.0,51.289,0.0,4.22984,22.06,0.0,0.0,0.0,0.0,0.0
2023-12-04 12:00:00,0.89601,769.372,86.3601,0.0,0.0,0.0,41.051,0.0,0.0,142.601,0.0,0.88197,2.95415,0.0,20.8589,0.0,263.189,0,1292.11,0.0,111.852,64.7436,56.2326,27.0985,4.48493,2.82496,4.05304,1.3651,0.0,85.0412,30.3454,49.77,12.0689,,219.522,29.0226,0.904,115.039,11.74,0.0,55.378,438.117,1.57000005245,105.09,75.0,40.9018,17.298,38.9426,36.8869,0.0,0.14381,0.0,0.0,0.0,0.0,6.71824,194.557,93.7777,0,0.0,0.0,450.307,19.4083,0.02141,168.536,0.0,19.8004,54.7134,0.0,77.5701,313.893,180.472,0.0,0.0,0.0,51.089,0.0,4.22984,21.87,0.0,2.65571,0.0,0.0,0.0
2023-12-04 12:05:00,0.0,759.802,86.9894,0.0,1.6,0.0,40.3918,0.0,0.0,142.498,0.0,1.47021,1.28542,0.0,19.7212,0.19,262.985,0,1300.61,0.0,111.162,64.8393,55.2804,27.0985,3.93494,5.65491,0.0,0.31534,0.0,85.0002,30.3761,49.77,12.1093,,219.008,29.0279,0.0,114.334,11.74,0.0,55.404,438.849,31.6200008392,104.96,74.75,40.5997,17.26,47.8416,36.3385,0.0,0.12371,0.0,0.0,0.0,0.0,3.2575,192.836,103.81,0,0.0,0.0,454.628,19.064,0.0,168.469,0.0,19.7894,61.5091,0.0,76.6239,370.309,180.524,0.0,0.0,0.0,50.889,0.0,4.22984,21.94,0.0,2.52882,0.0,0.0,0.0
2023-12-04 12:10:00,0.0,767.321,87.0,0.0,1.75,0.0,40.8203,0.0,0.0,142.402,0.0,1.09712,1.57778,0.0,19.2983,1.09,263.175,0,1260.91,0.0,111.266,65.8414,56.3644,27.0985,4.28994,5.98491,0.0,1.45635,0.0,85.0084,30.9914,49.77,12.2071,,220.307,29.0279,2.442,114.929,11.74,0.0,55.404,440.803,57.0999984741,104.95,75.0,40.9018,17.156,52.5841,36.7036,0.0,0.04333,0.0,0.0,0.0,0.0,2.48844,193.065,106.621,0,0.0,0.0,448.769,19.4839,0.0,168.45,0.0,19.8199,53.3156,0.0,77.9346,376.406,180.62,0.0,0.0,0.0,50.689,0.0,4.22984,22.11,0.09,0.0,0.0,0.0,0.0
2023-12-04 12:15:00,1.6968,776.477,64.5912,0.0,1.61,0.0,41.5198,0.0,0.0,142.203,0.0,2.44602,1.08705,0.89609,19.4028,1.1,263.121,0,1310.05,0.0,111.498,66.209,56.8576,27.0985,7.08489,8.96486,0.0,1.50396,0.0,85.0002,31.0,48.81,12.4544,,218.081,29.0279,0.633,114.908,11.74,0.0,55.454,438.923,0.0,105.05,75.0,41.2009,17.188,65.301,37.3675,0.0,0.08352,0.0,0.0,0.0,0.0,0.55482,192.937,106.142,0,0.0,0.0,415.662,19.8502,0.02141,168.481,0.0,19.8297,47.5209,0.0,77.5086,359.295,180.594,0.0,0.0,0.0015,50.889,0.0,4.22984,22.02,0.0,3.72525,0.0,0.0,0.0
2023-12-04 12:20:00,0.29541,776.648,74.869,0.0,2.62,0.0,40.8496,0.0,0.0,141.997,0.0,2.13321,2.04471,0.0,20.0294,0.0,263.202,0,1356.0,0.0,111.943,65.9572,56.611,27.0985,7.64988,2.89496,0.0,3.3464,0.0,85.0575,30.6099,48.81,12.3203,,220.519,29.0279,3.151,114.934,11.379,0.0,55.386,443.464,0.0,104.97,75.0,40.9018,16.958,59.176,36.6531,0.0,0.14381,0.0,0.0,0.0,0.0,0.87343,192.799,104.203,0,0.0,0.0,434.901,19.628,0.0,168.475,0.0,19.8395,56.0378,0.0905,77.8609,333.193,180.219,0.0,0.0,0.08225,50.789,0.0,4.22984,22.37,0.0,1.62243,0.0,0.0,0.0
2023-12-04 12:25:00,0.69581,758.239,85.5795,0.0,2.99,0.0,41.6004,0.0,0.0,141.997,0.0,1.45037,1.5729,0.0,20.1308,-0.14,263.121,0,1360.35,0.0,110.936,65.4738,55.0436,27.0985,6.24491,3.12495,3.30718,1.78485,0.0,85.0616,30.6684,48.81,11.99,,220.045,29.0279,2.958,113.613,11.753,0.0,55.42,441.144,0.0,104.98,75.0,40.5997,17.059,72.1218,37.3456,0.0,0.17395,0.0,0.0,0.0,0.0,1.76333,192.607,100.255,0,0.0,0.0,435.292,19.4156,0.0,168.377,0.0,19.8102,54.0969,0.0,77.7953,369.595,180.637,0.0,0.0,0.0,50.689,0.0,4.22984,22.04,0.0,7.47768,0.0,0.0,0.0
2023-12-04 12:30:00,1.4966,764.514,85.4308,0.0,1.08,0.0,40.8496,0.0,0.0,141.798,0.0,6.18753,2.96574,0.0,21.7457,0.58,263.256,0,1312.79,0.0,111.29,65.8061,55.9591,27.0985,7.19489,8.72487,0.0,0.69541,0.0,84.9674,31.0,48.81,12.0796,,220.66,29.0279,5.028,114.56,11.702,0.0,55.42,440.607,0.0,105.02,75.0,40.7004,17.126,61.3825,36.8185,0.0,0.04333,0.0,0.0,0.0,0.0,0.96132,192.332,104.818,0,0.0,0.0,450.307,19.5889,0.05492,168.292,0.0,19.7894,29.8509,0.0,77.2465,340.325,180.55,0.0,0.0,0.0,50.989,0.0,4.22984,22.19,0.0,8.09403,0.0,0.0,0.0
2023-12-04 12:35:00,0.49935,786.487,85.5902,0.0,0.0,0.0,40.791,0.0,0.0,141.599,0.0,7.61807,1.78653,0.0,18.3245,0.89,263.107,0,1353.59,0.0,114.366,67.1456,56.9528,27.0985,7.29989,9.08486,0.0,0.551,0.0,85.0166,31.0484,48.81,12.4339,,220.418,29.0279,0.0,115.008,9.678,0.26001,55.612,453.547,0.0,104.99,75.0,40.5997,16.801,50.4784,36.7469,0.0,0.08352,0.0,0.0,0.0,0.0,1.57656,192.451,105.399,0,0.0,0.0,450.404,20.1065,0.28762,168.255,0.0,19.7894,42.1802,0.1295,77.9919,364.871,180.472,0.0,0.0,0.21982,50.989,0.0,4.22984,22.14,0.0,5.73742,0.0,0.0,0.0
2023-12-04 12:40:00,0.89601,765.734,86.9495,0.0,0.0,0.0,40.5603,0.0,0.0,141.599,0.0,5.68704,2.7863,0.0,18.9327,0.31,263.026,0,1358.47,0.0,113.915,65.7961,55.1315,27.0985,6.8149,9.27486,0.0,0.80809,0.0,85.0371,31.0973,48.81,11.7821,,220.418,29.0279,2.672,113.823,12.028,0.0,55.386,436.677,0.0,105.08,75.0,40.7004,17.041,43.5386,36.5571,0.0,0.12371,0.0,0.0,0.0,0.0,0.70863,192.644,104.015,0,0.0,0.0,450.185,19.3082,0.0,168.273,0.0,19.8395,59.6036,0.0,77.1605,387.906,180.628,0.0,0.0,0.0,50.789,0.65,4.22984,21.98,0.19,2.87324,0.0,0.0,0.0
2023-12-04 12:45:00,2.49615,760.558,82.5501,0.0,0.0,0.0,41.3001,0.0,0.0,141.503,0.0,7.82788,7.31395,0.0,21.3821,0.0,263.162,0,1357.44,0.0,113.463,65.4738,54.9313,27.0985,8.59487,3.21495,0.7649,0.77794,0.0,85.0084,30.9292,48.81,12.0719,,220.418,29.0137,0.0,113.839,8.036,0.0,55.146,439.435,0.0,105.01,75.0,40.3006,16.867,43.74,37.2519,0.0,0.13376,0.0,0.0,0.0,0.0,1.08217,192.607,102.938,0,0.0,0.0,457.802,19.4595,0.0,168.066,1.00636,19.8199,53.1923,0.0,76.6648,390.039,180.654,0.0,0.0,0.0,50.589,0.65,4.22984,22.13,0.0,4.19657,0.0,0.0,0.0
2023-12-04 12:50:00,2.29732,761.047,78.8914,0.0,0.0,0.0,40.8606,0.0,0.0,139.697,0.0,6.97719,5.36202,0.0,20.8701,1.43,263.107,0,1352.93,0.0,112.731,65.4436,55.3805,27.0985,10.4948,9.28486,1.48855,1.0009,0.0,84.992,30.9818,49.54,11.9987,,220.418,29.0173,2.081,114.045,11.93,0.0,55.36,440.241,0.0,105.07,75.0,40.9018,16.904,60.7141,36.7065,0.0,0.17395,0.0,0.0,0.0,0.0,0.0,192.305,105.519,0,0.0,0.0,455.068,19.4815,0.0,168.078,1.12062,19.8004,51.7421,0.0,76.4355,391.852,180.689,0.0,0.0,0.0,50.489,0.65,4.22984,22.18,0.0,9.79803,0.0,0.0,0.0
2023-12-04 12:55:00,3.29617,762.927,82.6191,0.0,0.44,0.0,41.3513,0.0,0.0,139.601,0.0,6.38132,2.54643,0.0,19.5031,0.33,263.175,0,1293.23,0.0,112.511,65.0005,55.859,27.0985,8.62487,4.81493,2.70732,1.81024,0.0,84.9715,31.0702,49.54,12.4006,,220.418,29.0403,1.967,99.0569,11.925,0.0,55.37,441.901,0.0,104.98,75.0,40.5997,16.505,57.3999,37.2763,0.0,0.1639,0.0,0.0,0.0,0.0,0.0,192.103,104.203,0,0.0,0.0,455.238,19.501,0.0,167.956,1.43703,19.7894,46.2245,0.0,77.7626,391.843,180.585,0.0,0.0,0.0,50.289,0.65,4.22984,22.19,0.0,8.32969,0.0,0.0,0.0
2023-12-04 13:00:00,0.79835,773.523,82.651,0.0,0.09,0.0,41.8494,0.0,0.0,139.003,0.0,6.33173,3.075,0.0,19.7079,0.84,263.08,0,1353.34,0.0,112.92,65.6651,56.1276,27.0985,5.40992,4.08494,1.25686,2.53944,0.0,85.0412,15.717,49.61,12.63,,220.418,29.0403,0.0,115.024,11.063,0.17456,55.0,443.806,0.0,105.05,75.0,40.3006,16.689,50.0389,37.7032,0.0,0.00565,0.0,0.0,0.0,0.0,0.85145,192.25,105.245,0,0.0,0.0,450.6,20.0821,0.0,168.176,0.0,19.7296,37.7685,0.0,78.0616,392.071,182.916,0.13309,1.43108,0.0,50.189,0.65,4.22984,22.28,0.0,6.62568,0.0,0.0,0.0
2023-12-04 13:05:00,2.99565,767.37,81.2199,0.0,0.0,0.0,41.5528,1.09998,0.0,138.001,0.0,11.0216,2.31571,0.0,19.7069,0.85,263.324,0,1411.62,0.0,112.895,67.3873,55.3341,27.0985,7.30489,5.97491,2.4058,1.94275,0.0,84.9797,31.0363,49.61,12.3474,,220.418,29.0491,0.0,114.992,8.123,0.0,55.234,438.679,0.0,105.03,75.0,40.0992,16.586,70.3731,37.4963,0.0,0.12371,0.0,0.0,0.0,0.0,1.52163,192.268,105.433,0,0.0,0.0,446.254,19.8038,0.1331,167.993,4.32868,19.7296,24.1331,0.0,77.7011,391.952,182.803,0.1929,0.15402,0.0015,50.189,1.66,4.22984,22.13,0.0,2.27503,0.0,0.0,0.0
2023-12-04 13:10:00,1.4966,755.944,82.6696,0.0,0.0,0.0,41.6297,1.09998,0.0,138.097,0.0,7.52422,6.15488,0.0,20.7032,0.74,263.378,0,1443.06,0.0,111.424,68.7468,55.8541,27.0985,7.12489,7.68488,0.99977,1.83008,0.0,84.992,31.0151,49.61,12.1636,,220.388,29.058,3.362,107.006,11.286,0.0,55.484,437.653,0.0,105.04,75.0,41.2009,16.595,85.3605,37.4189,0.0,0.14381,0.0,0.0,0.0,0.0,2.30167,192.241,103.553,0,0.0,0.0,446.889,19.5718,0.0,168.292,1.88528,19.5904,31.6869,0.0,77.9837,390.698,183.003,0.0,0.0,0.0,50.089,1.66,4.22984,22.19,0.0,2.60133,0.0,0.0,0.0
2023-12-04 13:15:00,0.29541,758.434,84.029,0.0,0.0,0.0,41.6516,1.09998,0.0,138.001,0.0,6.46677,6.02548,0.0,20.7135,0.14,263.04,0,1488.13,0.0,112.645,69.3763,53.0562,27.0985,10.1848,9.87485,1.10134,0.16379,0.0,85.0043,31.0107,49.61,12.3136,,220.388,29.0084,0.0,82.69,11.571,0.0,55.276,437.653,0.0,104.97,75.0,38.6007,16.732,63.5157,37.5406,0.0,0.1639,0.0,0.0,0.0,0.0,1.53262,192.049,104.228,0,0.0,0.0,450.941,19.6231,0.0,168.219,2.88725,19.3902,43.3851,0.0,77.7175,390.533,182.846,0.0,0.0,0.0,50.089,1.65,4.22984,22.02,0.0,3.2358,0.0,0.0,0.0
2023-12-04 13:20:00,0.39818,769.665,85.5105,0.0,0.0,0.0,41.9995,1.09998,0.0,138.001,0.0,8.25742,5.93515,0.0,20.609,0.57,263.175,0,1533.84,0.0,111.833,72.4681,56.7746,27.0985,10.9148,8.96486,0.0,0.53831,0.0,84.9879,30.9547,49.61,12.6223,,220.388,29.0279,0.0,85.1853,11.42,0.0,54.982,441.462,0.0,104.98,74.75,41.2009,16.275,51.4946,37.8501,0.0,0.08352,0.0,0.0,0.0,0.0,1.03822,191.801,99.8532,0,0.0,0.0,455.385,20.1529,0.0,168.078,3.21245,19.4098,39.425,0.0,77.9346,391.623,183.133,0.0,0.0,0.05234,50.189,1.65,4.22984,22.09,0.0,5.48363,0.0,0.0,0.0
2023-12-04 13:25:00,0.0,763.683,86.9894,0.0,0.32,0.0,41.0401,1.09998,0.0,138.001,0.0,5.81979,7.86328,0.0,20.3069,0.29,263.202,0,1566.72,0.0,112.2,71.471,56.2326,27.0985,8.77487,9.41486,0.0,1.58331,0.0,85.0125,31.0275,49.61,12.1743,,220.388,29.019,2.071,113.102,11.409,0.0,54.676,437.092,0.0,104.99,74.5,40.9018,16.366,30.8034,36.9907,0.0,0.13376,0.0,0.0,0.0,0.0,2.54337,191.994,103.357,0,0.0,0.0,450.502,19.4937,0.0,167.761,2.61479,19.2706,39.1858,0.0,78.2705,389.856,183.029,0.05533,0.08823,0.03738,50.089,1.65,4.22984,22.2,0.0,1.78558,0.0,0.0,0.0
2023-12-04 13:30:00,0.39796,768.737,86.9894,0.0,1.47,0.0,41.4209,1.09998,0.0,138.001,0.0,4.18708,4.23285,0.99786,18.5969,0.69,263.08,0,1614.28,0.0,114.519,71.8437,56.7721,27.0985,7.57488,9.87485,0.0,3.08058,0.0,85.0657,30.9324,49.61,12.4324,,220.388,29.019,1.479,115.024,11.057,0.0,55.296,441.242,0.0,104.99,74.25,41.3016,16.04,32.0394,37.3352,0.0,0.13376,0.0,0.0,0.0,0.0,1.3019,191.875,103.117,0,0.0,0.0,447.914,19.855,0.0,167.907,4.14411,19.0997,29.5641,0.0,78.0779,391.458,182.942,0.0,0.0,0.0,50.789,1.65,4.22984,22.14,0.0,4.48661,0.0,0.0,0.0
2023-12-04 13:35:00,1.09621,749.67,77.9303,0.0,1.22,0.0,41.1316,52.4992,0.0,138.001,0.0,5.50851,3.91302,0.0,16.9769,0.22,262.931,0,1527.93,0.0,119.091,72.5335,53.525,27.0985,5.26992,9.87485,1.24416,2.25061,0.0,85.0412,31.087,49.61,12.0038,,220.388,29.042,0.0,113.002,10.572,0.0,55.4,440.607,0.0,105.0,73.75,39.6017,13.382,25.3925,37.1204,0.0,0.14381,0.0,0.0,0.0,0.0,0.0,191.664,103.297,0,0.0,0.0,450.649,19.2081,0.0,168.029,2.21927,18.7005,26.9566,0.0,76.7467,391.696,182.968,0.0,0.0,0.0,50.589,1.66,4.22984,22.27,0.0,3.39895,0.0,0.0,0.0
2023-12-04 13:40:00,0.69581,764.147,69.9093,0.0,1.75,0.0,41.8604,52.4992,0.0,137.3,0.0,4.38926,1.13771,0.0,23.7568,0.3,262.931,0,1606.84,0.0,114.092,72.1861,53.4884,27.0985,5.70991,9.87485,0.0,1.81262,0.0,85.0452,31.0811,49.61,12.5215,,220.388,29.042,0.0,115.013,11.243,0.0,55.022,439.435,0.0,104.98,73.25,38.7991,15.625,34.7494,37.7854,0.0,0.08352,0.0,0.0,0.0,0.0,0.0,193.349,103.604,0,0.0,0.0,455.58,19.5694,0.0,168.066,2.12259,18.8897,30.4271,0.0,77.5905,391.632,181.811,8.67771,0.0,0.05832,50.589,1.65,4.22984,22.38,0.0,1.56805,0.0,0.0,0.0
2023-12-04 13:45:00,4.29938,756.603,50.6309,0.0,0.34,0.0,41.6919,52.3992,0.0,116.701,0.0,2.8687,4.00641,0.0,22.5915,-0.19,262.891,0,1567.09,0.0,115.264,71.5113,56.0104,27.0985,6.6249,9.74485,0.0,1.55792,0.0,84.9961,31.1012,49.81,12.3213,,220.529,29.042,6.709,107.922,7.387,0.0,54.852,442.805,0.0,104.98,73.0,40.9018,15.733,32.7718,37.5296,0.0,0.12371,0.0,0.0,0.0,0.0,0.0,193.532,100.605,0,0.0,0.0,453.432,19.5401,0.0,167.962,1.34035,18.4905,32.2374,0.0,77.3366,391.247,181.881,1.06322,0.21683,0.0,50.689,1.65,4.22984,22.43,0.0,6.02747,0.0,0.0,0.0
2023-12-04 13:50:00,5.69589,762.487,78.6392,0.0,0.0,0.0,41.9629,52.2992,0.0,87.7993,0.0,4.6006,1.05531,0.0,20.4493,-0.06,263.107,0,1571.8,0.0,117.028,71.5315,56.9039,27.0985,6.98489,9.57485,0.0,1.00804,0.0,84.9674,30.8524,49.81,12.5435,,220.499,29.035,11.194,115.082,11.523,0.0,55.19,439.85,0.0,104.94,72.5,41.3993,15.448,38.1094,37.8756,0.0,0.14381,0.0,0.0,0.0,0.0,0.0,193.577,76.38,0,0.0,0.0,448.744,19.8941,0.0,167.968,2.53568,18.1903,27.0787,0.0,77.8035,392.795,181.985,4.64616,0.0,0.0,50.189,1.65,4.22984,22.36,0.0,5.97308,0.0,0.0,0.0
2023-12-04 13:55:00,7.29747,760.168,85.3406,0.0,0.0,0.0,40.78,52.1992,0.0,90.9029,0.0,6.31113,3.12505,0.0,19.1785,1.51,237.647,0,1506.27,0.0,121.422,72.2012,56.2521,27.0985,3.53495,9.46486,1.43459,0.54783,0.0,84.9346,30.9885,49.81,12.073,,220.559,29.0438,7.602,114.708,10.713,0.0,55.03,440.925,0.0,105.01,72.0,40.9018,15.563,35.3811,36.5599,0.0,0.14381,0.0,0.0,0.0,0.0,0.0,193.376,74.8418,0,0.41932,0.0,454.457,19.2764,0.0,167.999,1.00636,17.9302,21.8521,0.0,76.8983,392.676,181.376,0.0,0.0,0.0,50.289,1.65,4.22984,22.26,0.0,4.68602,0.0,0.0,0.0
2023-12-04 14:00:00,7.19982,734.972,79.9906,0.0,2.91,0.0,41.2195,51.7992,0.0,133.002,0.0,1.83413,1.58633,0.0,20.6674,0.56,224.205,0,1536.18,0.0,118.73,72.9666,55.1534,27.0985,5.17492,7.87488,0.73317,1.33971,0.0,84.9838,30.8612,49.81,11.8001,,220.529,29.035,8.005,112.155,10.563,0.0,55.258,438.068,0.0,105.05,71.75,41.2009,15.218,36.7178,37.2388,0.0,0.14381,0.0,0.0,0.0,0.0,0.0,193.312,72.0647,0,0.3534,0.0,450.233,18.854,0.0,167.926,2.65873,17.6995,24.8032,0.0,76.587,389.773,181.907,0.0,0.0,0.0,50.089,1.65,4.22984,22.26,0.0,6.73445,0.0,0.0,0.28267
2023-12-04 14:05:00,9.99771,775.329,85.4601,0.0,1.08,0.0,41.6516,51.4992,0.0,138.001,0.0,0.0,2.83268,0.0,21.1845,0.0,244.476,0,1641.38,0.0,119.182,74.2456,57.9806,27.0985,8.29987,8.86487,0.0,0.55497,0.0,85.0412,30.8499,49.81,12.5266,,220.529,29.0438,6.328,115.008,10.463,0.48707,55.258,451.447,0.0,105.0,71.25,40.8011,14.916,24.4953,37.422,0.0,0.08352,0.0,0.0,0.0,0.0,0.0,193.413,75.8843,0,0.0,0.0,453.212,19.9918,0.0,167.797,1.14699,17.4798,8.55299,0.0,78.6432,389.718,181.707,5.37591,0.0,0.0,50.189,2.32,4.22984,22.14,0.0,4.16031,0.0,0.0,0.0
2023-12-04 14:10:00,9.495,762.927,85.5397,0.0,1.26,0.0,41.8897,51.2992,0.0,138.797,0.0,2.96864,4.01312,0.0,18.8426,0.0,237.931,0,1713.01,0.0,120.269,76.6374,56.4791,27.0985,4.77993,9.30486,0.0,0.89616,0.0,85.0084,31.0278,49.81,12.5614,,220.529,29.0385,6.714,113.487,10.312,0.0,55.258,435.456,0.0,105.03,70.5,41.5,14.707,24.5777,37.7043,0.0,0.12371,0.0,0.72489,0.0,0.0,0.0,193.165,74.6282,0,0.0,0.0,450.258,19.9649,0.0,167.98,0.0,17.1905,9.38613,0.0,77.6847,390.918,181.776,0.0,0.0,0.0,49.889,2.22,4.22984,22.29,0.0,3.21767,0.0,0.0,0.75875
2023-12-04 14:15:00,6.49828,765.051,80.0411,0.0,3.72,0.0,41.9702,50.9992,0.0,138.9,0.0,1.96994,5.93576,0.0,21.0176,0.0,267.145,0,1803.81,0.0,84.6174,76.29,56.506,27.0985,3.34995,9.14486,0.0,0.97551,0.0,84.9961,31.012,49.81,12.8005,,220.529,29.0385,9.509,114.445,10.162,0.0,55.158,441.657,0.0,104.96,69.0,41.2009,14.338,24.6235,37.7379,0.0,0.08352,0.0,0.72489,0.0,0.0,0.0,192.891,74.3462,0,0.0,0.0,465.371,20.1675,0.0,167.755,0.0,16.6802,17.8964,0.0,77.3284,391.275,181.846,0.0,0.0,0.0,50.089,2.32,4.22984,22.18,0.0,9.38109,0.0,0.0,0.76104
2023-12-04 14:20:00,7.59815,751.72,83.4688,0.0,4.04,0.0,40.8203,50.4992,0.0,138.701,0.0,3.7995,4.53498,0.0,27.6357,-0.1,259.137,0,1770.24,0.0,95.3963,75.2779,55.7198,27.0985,3.18495,9.19486,0.0,0.65415,0.0,85.0002,30.8911,49.81,11.7391,,219.743,29.0385,12.534,114.066,10.062,0.0,54.86,437.556,0.0,105.11,68.0,41.2009,14.472,26.4729,36.8094,0.0,0.14381,0.0,0.15046,0.0,0.0,0.0,192.616,74.6624,0,0.0,0.0,463.32,19.064,0.0,167.547,0.91847,16.6204,19.1842,0.0,77.0417,389.819,181.95,0.0,0.0,0.0,50.389,2.3,4.22984,22.3,0.0,6.82509,0.0,0.0,0.0
2023-12-04 14:25:00,9.79729,759.655,84.1697,0.0,2.86,0.0,42.4317,50.1992,0.0,131.402,0.0,3.5729,2.44511,1.39612,22.4195,1.78,256.454,0,1765.77,0.0,116.57,75.2376,56.235,27.0985,4.35993,8.80487,0.90455,2.77906,0.0,85.0125,31.0571,49.81,12.7288,,220.499,29.0385,10.995,114.434,6.924,0.0,54.816,437.995,0.0,104.98,67.0,41.2009,14.065,28.835,38.1507,0.0,0.12371,0.0,-0.57443,0.0,0.0,0.0,192.177,74.6111,0,0.0,0.0,448.085,20.3653,0.0,167.596,1.57766,16.3298,16.3034,0.0,78.7784,391.366,181.985,5.36394,0.0,0.0,50.289,2.29,4.22984,22.16,0.0,10.8132,0.0,0.0,0.0
2023-12-04 14:30:00,12.4966,758.581,85.4202,0.0,1.48,0.0,42.6917,49.8992,0.0,108.502,0.0,2.37278,3.13603,2.3962,20.9818,1.01,252.349,0,1798.81,0.0,123.143,77.005,56.9894,27.0985,4.29493,8.44487,1.37111,1.85229,0.0,84.9879,30.985,50.36,12.7575,,220.499,29.0403,6.998,114.992,10.295,0.0,54.502,441.559,0.0,105.06,65.75,41.3016,14.945,42.1927,38.4811,0.0,0.08352,0.0,40.9891,0.0,0.0,0.0,192.03,74.7649,0,0.39734,0.0,454.164,20.4263,0.09401,167.486,1.42824,16.1602,23.8682,0.0,78.3565,390.277,181.916,0.0,0.0,0.0,50.089,2.28,4.22984,22.09,0.0,10.8313,0.0,0.0,0.0
2023-12-04 14:35:00,15.795,770.251,86.9203,0.0,0.0,0.0,42.3511,49.2993,0.0,108.097,0.0,2.70771,3.42535,0.69696,21.3002,0.54,257.782,0,1884.89,0.0,122.698,77.4079,57.2653,23.9002,5.47492,8.29487,1.14894,1.28893,0.0,85.0248,15.6477,50.36,12.758,,217.709,29.0084,11.309,115.008,10.094,0.0,54.872,440.558,0.0,105.05,64.5,41.5,12.249,37.8897,38.0867,0.0,0.15386,0.0,39.7691,0.0,0.0,0.0,192.213,74.8162,0,0.48157,0.0,448.549,20.3262,0.0,167.553,0.74269,15.4997,25.4807,0.0,78.3442,391.778,181.898,0.0,0.18991,0.0,49.589,2.24,4.22984,23.71,0.0,6.22687,0.0,0.0,0.0
2023-12-04 14:40:00,14.5943,766.979,71.059,0.0,0.0,0.0,42.3328,48.5993,0.0,120.003,0.0,1.68536,0.44617,1.89616,20.0028,0.07,240.208,0,1893.24,0.0,122.264,76.2799,57.4093,22.2004,6.12991,6.17491,0.39356,0.8303,0.0,84.9879,30.9917,50.36,12.7048,,217.044,29.0473,13.435,114.997,9.986,0.0,55.264,441.926,0.0,105.0,63.25,41.5,7.33,41.3596,38.1192,0.0,0.08352,0.0,30.3019,0.0,0.0,0.0,191.92,74.8418,0,0.0,0.0,451.479,20.2701,0.00093,167.712,1.26125,15.5498,24.4492,0.0,78.8029,391.476,182.011,0.0,0.0,0.0,49.689,2.2,4.22984,24.05,0.0,4.77665,0.0,0.0,0.0
2023-12-04 14:45:00,14.6945,774.206,70.6607,0.0,0.0,0.0,42.3804,0.0,0.0,137.898,0.0,1.97147,1.74502,2.89624,22.1758,0.0,227.146,0,1943.19,0.0,119.292,77.2971,57.1676,21.3001,4.35493,6.6349,0.56178,0.80015,0.0,85.0125,31.0,50.36,12.694,,173.951,22.8079,14.725,114.381,8.207,0.0,55.158,447.785,0.0,104.91,62.0,41.8021,10.641,32.3964,38.1143,0.0,0.14381,0.0,-0.53476,0.0,0.0,0.0,157.935,74.1839,0,0.0,0.0,447.353,20.0894,0.0,167.736,0.72511,15.2898,26.8907,0.0,78.721,390.24,181.898,0.0,0.0,0.0,49.889,2.13,4.22984,24.54,0.0,5.90057,0.0,0.0,0.0
2023-12-04 14:50:00,9.39475,770.495,85.5291,0.0,0.73,0.0,42.1021,0.0,0.0,137.802,0.0,3.23949,1.69436,1.39612,22.5126,0.27,236.495,0,1989.58,0.0,122.832,78.4099,56.4279,27.0985,3.86994,8.37487,0.86329,1.05486,0.0,85.0166,31.0,50.36,12.1784,,150.797,19.7422,14.125,112.734,5.833,0.0,54.834,441.144,0.0,104.9,61.0,42.0005,13.959,29.0822,37.7832,0.0,0.08352,0.0,0.0,0.0,0.0,0.0,137.336,73.6883,0,0.0,0.0,455.239,19.7598,0.0,167.675,2.06986,15.0395,20.4025,0.0,76.628,391.449,181.916,0.0,0.0,0.0,49.989,1.49,4.22984,24.83,0.0,5.08483,0.0,0.0,0.0
2023-12-04 14:55:00,11.0993,788.904,85.2503,0.0,2.51,0.0,32.1007,0.0,0.0,137.403,0.0,5.8854,2.40665,0.2987,26.666,4.47,257.633,0,2005.96,0.0,116.558,78.7574,58.1198,21.1994,5.69491,5.44492,0.46656,1.84515,0.0,84.9879,31.0,50.36,10.1555,,129.93,17.0093,12.229,114.997,8.519,0.0,54.938,450.373,0.0,105.01,60.0,42.0005,11.953,24.7425,28.9502,0.0,0.12371,0.0,0.0,0.0,0.0,0.0,118.567,75.0042,0,0.0,0.0,453.212,16.2417,0.0,167.37,2.57963,14.3596,19.7012,0.0255,30.9535,391.614,181.959,0.0,0.0,0.0,50.189,1.46,4.22984,26.04,0.0,4.6135,0.0,0.0,0.0
2023-12-04 15:00:00,11.0945,799.011,81.4403,0.0,2.64,0.0,39.2895,0.0,0.0,138.001,0.0,3.96353,4.23651,0.0,26.754,2.55,255.181,0,2084.02,0.0,119.945,80.2177,58.2345,27.0985,6.7349,7.38489,0.04443,3.05519,0.0,84.9838,31.0,50.74,11.6772,,115.499,15.0728,14.229,115.018,7.594,0.0,55.042,466.389,0.0,105.04,58.0,42.0005,12.944,17.7935,35.3138,0.0,0.12371,0.0,0.0,0.0,0.0,0.0,105.447,74.8589,0,0.43397,0.0,455.605,18.356,0.02699,167.205,2.07864,13.35,11.3314,0.0,34.6071,390.222,181.933,0.56376,0.80003,0.0,50.089,1.43,4.22984,26.83,0.0,5.95496,0.0,0.0,0.0
2023-12-04 15:05:00,8.29671,839.393,86.2699,0.0,3.54,0.0,45.7826,0.0,0.0,139.601,0.0,7.06188,5.32418,0.0,26.8564,0.0,238.988,0,2179.48,0.0,121.99,81.2298,59.7604,27.0985,6.00991,7.18489,0.0,5.0103,0.0,85.0043,31.0,50.74,12.2849,,91.0767,11.8443,13.927,115.013,9.684,0.38697,54.546,520.247,0.0,104.97,57.5,42.2995,13.352,22.3987,41.0295,0.0,0.13376,0.0,0.0,0.0,0.0,0.0,83.1632,75.4998,0,0.0,0.0,458.412,21.4908,0.0,167.156,3.2564,12.8202,16.1764,0.1415,46.1681,390.332,181.907,1.2965,1.37725,0.0,49.989,0.0,4.22984,26.98,0.0,8.32969,0.0,0.0,0.0
2023-12-04 15:10:00,13.9958,874.012,86.9788,0.0,3.03,0.0,44.2994,0.0,0.0,139.401,0.0,9.11879,5.43465,0.0,27.0623,0.0,256.983,0,2241.44,0.0,121.086,81.5672,59.4406,27.0985,9.75485,6.92489,0.0,3.88357,0.0,85.0125,31.0,50.74,12.3945,,91.1572,12.0301,17.539,115.013,9.7,0.22827,54.354,549.496,0.0,105.02,56.0,42.2019,13.067,28.3406,39.8019,0.0,0.14381,0.0,0.0,0.0,0.0,0.0,82.4582,76.2945,0,0.0,0.0,471.572,21.525,0.0,167.279,1.28762,13.8102,23.8511,1.63547,75.7064,390.79,180.994,0.6804,0.0,0.0,49.889,0.0,4.22984,27.01,0.0,4.83104,0.0,0.0,0.0
2023-12-04 15:15:00,16.4957,908.144,86.8262,0.0,2.79,0.0,44.4422,0.0,0.0,138.9,0.0,4.58076,3.79461,0.0,27.3746,2.14,244.246,0,2256.94,0.0,120.555,82.2218,58.237,27.0985,7.69488,6.8849,0.0,4.23746,0.0,4.33408,31.0,50.32,12.6484,,158.693,20.9565,16.132,115.029,3.549,0.0,54.42,543.465,0.0,105.03,54.5,42.2019,12.244,32.1401,39.95,0.0,0.08352,0.0,0.0,0.4,0.0,0.0,143.461,75.5425,0,0.0,0.0,479.897,21.3126,0.0,167.34,2.13138,12.9301,19.0194,0.0055,78.8521,392.236,180.994,0.07626,1.17089,0.0,49.789,0.0,4.22984,26.98,0.0,8.02151,0.0,0.0,0.0
2023-12-04 15:20:00,7.89708,951.968,86.8593,0.0,4.07,0.0,43.0213,0.0,0.0,139.003,0.0,1.44579,2.16556,0.0,24.064,1.59,255.411,0,2278.38,0.0,122.112,82.5441,59.0402,27.0985,5.30992,6.7749,0.68238,6.76863,0.0,80.8059,31.0,50.32,12.95,,125.046,16.3384,15.638,114.997,9.013,0.24048,54.496,547.86,0.0,104.96,53.0,42.4002,11.439,24.065,38.6873,0.0,0.00565,0.0,0.0,0.4,0.0,0.0,113.66,75.0298,0,0.0,0.0,492.495,20.8365,0.0,167.285,2.75541,12.3502,18.0636,0.0,78.7497,391.724,180.994,0.0,0.75816,0.0,49.789,0.0,4.22984,27.02,0.0,9.32671,0.0,0.0,0.27352
2023-12-04 15:25:00,10.0947,991.91,86.8991,0.0,3.45,0.0,44.2994,0.0,0.0,138.399,0.0,7.9881,2.82353,0.0,25.2621,1.41,242.078,0,2347.77,0.0,118.865,83.244,59.4821,27.0985,7.00489,6.05491,4.9576,8.72929,0.0,85.0412,31.0,50.32,13.0432,,155.772,20.6485,17.438,115.003,8.409,0.38941,54.75,565.219,0.0,105.06,51.0,42.6017,10.936,28.0201,39.9417,0.0,0.08352,0.0,0.0,0.0,0.0,0.0,140.229,75.5169,0,0.0,0.0,501.651,20.8218,0.0,167.303,1.23488,12.2306,22.6304,0.0,77.9633,392.3,180.994,0.0,2.07709,0.0,49.889,0.0,4.22984,26.87,0.0,17.1035,0.0,0.0,0.75189
2023-12-04 15:30:00,7.69367,1013.3,86.8991,0.0,4.25,0.0,44.6729,11.0998,0.0,138.2,0.0,8.46113,4.28595,0.0,25.3645,0.8,254.408,0,2283.82,0.0,118.798,83.5008,58.3615,27.0985,8.45987,6.4349,6.39536,2.81953,0.0,85.0043,31.0,50.32,12.6935,,213.278,28.9907,17.217,113.75,7.869,0.0,54.75,552.01,0.0,105.04,50.25,42.8,10.852,24.1566,40.1645,0.0,0.14381,0.0,0.0,-0.1,0.0,0.0,192.561,73.5259,0,0.0,0.0,498.062,20.7828,0.0,166.18,1.36672,12.2599,22.4924,0.0,78.1476,392.154,180.994,0.0,0.0,0.0,49.889,0.0,4.22984,26.94,0.0,11.9734,0.0,0.0,0.75189
2023-12-04 15:35:00,5.29694,1073.41,86.8805,0.0,8.32,0.0,45.5921,0.0,0.0,135.9,0.0,9.91073,7.8938,0.79873,28.2399,2.2,239.422,0,2378.38,0.0,118.798,83.2994,59.6799,27.0985,5.45992,6.05491,6.58262,1.16039,0.0,84.9183,31.0,50.32,13.0862,,216.067,28.3676,14.533,114.997,8.021,0.39918,54.65,579.135,0.0,105.0,48.75,42.8,10.157,33.9437,41.0637,0.0,0.12371,0.0,0.0,0.8,0.0,0.0,192.763,76.3372,0,0.0,0.0,525.138,22.3697,0.09587,166.204,1.40188,11.6105,18.663,0.1665,80.212,391.083,163.998,1.17089,0.0,0.0,49.789,0.0,4.22984,26.74,0.0,8.02151,0.0,0.0,0.0
2023-12-04 15:40:00,4.79767,1086.98,85.1813,0.0,7.46,0.0,44.7901,0.0,0.0,135.302,0.0,8.90211,4.00336,1.09964,29.6356,0.12,250.696,0,2356.02,0.0,100.768,85.2985,58.8229,27.0985,7.82988,5.56492,3.45635,0.88823,0.0,84.951,31.0,50.32,13.2608,,216.42,29.0173,18.532,115.013,7.72,0.2649,54.356,582.309,0.0,104.91,47.0,42.5009,10.074,24.9897,40.3804,0.0,0.12371,0.0,0.0,25.9,0.0,0.0,192.451,76.0381,0,0.0,0.0,576.189,21.547,0.0,166.131,1.66555,10.7303,9.37881,0.0,79.786,391.028,170.0,0.13907,0.0,0.0,49.989,0.0,4.22984,27.0,0.0,6.87947,0.0,0.0,0.0
2023-12-04 15:45:00,4.99451,1122.04,82.6298,0.0,7.46,0.0,45.3101,0.0,0.0,134.499,0.0,8.77851,2.55497,0.69696,29.6356,0.53,254.53,0,2433.17,0.0,122.905,86.6782,58.569,27.0985,5.62991,5.37492,1.86941,2.16492,0.0,84.9879,31.0,50.32,12.1661,,216.772,29.0173,15.421,115.024,7.368,0.17945,53.962,601.767,0.0,104.94,46.0,42.2019,9.705,18.1323,40.7929,0.0,0.12371,0.0,0.0,34.4,0.0,0.0,192.396,75.7562,0,0.0,0.0,587.347,22.0011,0.0,166.155,0.78663,10.8194,13.5055,0.0,76.8082,391.083,178.993,0.43516,0.45011,0.0,49.989,0.0,4.22984,27.0,0.0,12.9522,0.0,0.0,0.0
2023-12-04 15:50:00,6.09758,1150.55,72.0891,0.0,9.29,0.0,45.9803,0.0,0.0,130.2,0.0,12.4529,5.54269,1.59968,28.457,0.29,251.915,0,2478.99,0.0,122.747,88.0478,58.3664,27.0985,7.36989,5.23492,0.0,3.44002,0.0,84.9961,31.0,50.32,13.5122,,203.539,26.6843,16.415,114.945,7.168,0.0,54.072,601.62,0.0,104.94,44.25,42.2995,9.367,18.5534,41.3684,0.0,0.14381,0.0,146.938,34.0,0.0,0.0,184.285,74.8077,0,0.95033,0.0,605.56,21.9669,0.0,166.229,1.44582,10.2799,21.124,0.70549,76.2429,391.293,177.993,0.0,0.0,0.0,49.789,0.0,4.22984,27.09,0.0,14.62,0.0,0.0,0.0
2023-12-04 15:55:00,7.49576,1178.14,82.5501,0.0,8.21,0.0,46.1121,0.0,0.0,124.597,0.0,11.725,4.06317,2.09972,29.0898,0.0,248.257,0,2491.3,0.0,122.594,89.7649,56.9748,27.0985,8.11488,4.55493,4.40217,3.27657,0.0,85.033,31.0,50.32,13.2198,,162.5,21.3087,15.129,113.102,6.917,0.0,54.072,591.684,0.0,104.9,42.5,42.6017,8.986,19.5972,41.4309,0.0,0.08352,0.0,100.547,33.6,0.0,0.0,148.075,72.8765,0,0.87343,0.0,601.044,21.818,0.0,166.094,1.23488,10.1102,19.1208,0.0,76.1119,392.419,178.993,0.0,0.0,0.0,49.889,0.0,4.22984,26.99,0.0,9.7799,0.0,0.0,0.0
2023-12-04 16:00:00,9.29313,1228.0,84.4697,0.0,9.72,0.0,46.1012,0.0,0.0,122.798,0.0,11.5351,3.76287,0.2987,29.306,2.3,249.53,0,2528.73,0.0,122.588,89.911,60.8933,27.0985,10.9848,5.21492,2.84062,5.63159,0.0,85.0248,31.0,49.59,13.8752,,143.285,18.8147,13.734,115.024,6.666,0.52369,53.858,607.407,0.0,105.01,41.0,43.4012,8.597,22.7283,41.4745,0.0,0.14381,0.0,145.739,33.9,0.0,0.0,130.588,75.6707,0,0.78553,0.0,600.262,22.1988,0.09029,164.819,2.17533,4.86953,23.2517,0.0,77.3202,391.376,178.993,2.08905,2.16382,0.0,50.189,0.0,4.22984,27.12,0.0,11.3389,0.0,0.0,0.0
2023-12-04 16:05:00,7.89891,1243.18,83.0811,0.0,6.02,0.0,45.9107,0.0,0.0,121.198,0.0,12.1675,3.75616,0.0,29.306,2.0,231.888,0,2531.65,0.0,122.423,91.1799,58.9938,27.0985,12.1198,4.74493,1.96146,4.40171,0.0,84.9961,31.0,49.59,13.6596,,136.084,17.8412,16.634,114.113,6.465,0.0,53.692,624.326,0.0,104.96,39.0,43.1022,8.146,25.008,41.3857,0.0,0.08352,0.0,101.169,33.5,0.0,0.0,123.465,73.2439,0,1.34401,0.0,598.285,21.6202,0.0,163.384,2.36869,5.58,17.5448,0.0,76.5952,391.376,178.993,0.0,0.0,0.0,49.989,0.0,4.22984,27.05,0.0,12.4265,0.0,0.0,0.0
2023-12-04 16:10:00,7.19982,1269.65,83.0493,0.0,3.34,0.0,45.8997,0.0,0.0,120.003,0.0,10.3594,8.14404,0.0,28.7652,1.5,245.967,0,2556.85,0.0,122.38,89.8254,58.7985,27.0985,10.9698,4.23494,0.61256,3.15834,0.0,85.0412,31.0,48.72,13.9295,,128.057,16.8429,16.233,115.024,0.0,0.0,52.994,656.333,0.0,104.64,37.75,42.6017,7.741,22.9847,41.2823,0.0,0.14381,0.0,18.3997,34.1,0.0,0.0,116.461,74.7137,0,1.44289,0.0,605.536,21.962,0.0,161.328,2.54447,8.55983,11.0726,0.0625,78.4712,392.502,178.993,0.11215,0.1959,0.0015,49.989,0.0,4.22984,26.75,0.0,10.0518,0.0,0.0,0.0
2023-12-04 16:15:00,8.39956,1276.7,79.7092,0.0,5.64,0.0,46.4198,0.0,0.0,120.003,0.0,13.5271,5.5848,0.0,28.0699,2.31,244.381,0,2552.04,0.0,122.045,90.8526,58.5495,26.6987,9.12986,3.86494,2.76127,5.47924,0.0,85.0125,31.0,47.72,13.5009,,154.342,20.4024,18.725,113.755,0.0,0.0,52.572,677.623,0.0,104.58,35.75,43.0014,7.382,21.0346,41.7608,0.0,0.15386,0.0,139.909,33.8,0.0,0.0,139.524,73.8506,0,1.15358,0.0,601.703,21.8546,0.0,159.625,1.04152,8.25953,15.8468,0.0,77.5496,392.621,178.993,0.0,0.0,0.0,49.789,0.0,4.22984,27.12,0.0,8.25718,0.0,0.0,0.0
2023-12-04 16:20:00,8.29442,1293.79,81.8014,0.0,6.26,0.0,45.2699,0.0,0.0,130.001,0.0,12.3217,2.16312,0.39605,27.4596,0.8,240.655,0,2542.84,0.0,122.344,91.9,58.2101,26.2989,7.06489,3.45495,0.0,3.42971,0.0,84.9879,31.0,47.72,13.4845,,171.161,22.6132,17.134,113.508,5.814,0.0,52.428,695.543,0.0,104.02,34.0,43.1998,6.963,20.3021,40.7251,0.0,0.14381,0.0,178.351,33.7,0.0,0.0,155.207,73.3123,0,2.4152,0.0,601.654,21.5592,0.0,157.739,3.52886,7.56005,13.5372,0.0,76.8574,392.813,178.993,0.0,0.0,0.0,49.689,0.0,4.22984,27.06,0.0,6.49879,0.0,0.0,0.0
2023-12-04 16:25:00,9.09552,1316.94,79.8313,0.0,5.53,0.0,46.4601,4.09994,0.0,130.097,0.0,12.4086,4.17548,0.0,27.8702,4.94,233.365,0,2556.0,0.0,122.429,92.5697,59.697,26.1006,6.4349,3.20495,1.25686,3.48367,0.0,2.79411,31.0,47.72,13.9295,,212.049,27.9163,18.943,114.566,5.613,0.0,52.394,726.061,0.0,102.61,32.0,43.5019,6.532,18.6542,41.8368,0.0,0.13376,0.0,153.603,34.0,0.0,0.0,188.35,74.7393,0,2.41337,0.0,599.188,22.2818,0.0,155.798,3.21245,6.99973,18.6313,0.0035,76.8696,392.987,178.993,0.0,0.0,0.0,49.889,0.0,4.22984,26.79,0.0,12.1365,0.0,0.0,0.0
2023-12-04 16:30:00,8.59578,1336.32,78.8011,0.0,5.6,0.0,46.4124,5.09992,0.0,128.799,0.0,11.429,7.05394,0.0,28.2849,3.49,229.747,0,2559.44,0.0,115.819,92.7862,59.7897,25.8991,9.35486,2.91496,3.95782,2.64021,0.0,21.7098,31.0,46.71,13.9551,,211.324,27.9853,20.339,115.008,5.362,0.16724,52.17,758.752,0.0,99.88,30.5,43.4012,5.737,15.5413,41.7472,0.0,0.14381,0.0,264.044,34.0,0.0,0.0,187.736,75.91,0,2.96635,0.0,598.602,22.2794,0.00093,153.588,1.68313,5.75945,20.3903,0.0965,77.4677,391.65,178.993,0.21683,0.32749,0.0,49.889,0.0,4.22984,27.0,0.0,11.4114,0.0,0.0,0.0
2023-12-04 16:35:00,8.59487,1328.34,77.4311,0.0,4.77,0.0,47.2511,10.0998,0.0,127.598,0.0,7.61044,5.64401,1.09964,28.074,2.42,227.39,0,2572.79,0.0,114.714,93.5717,58.027,25.7008,9.39986,2.14497,2.40262,5.53399,0.0,1.02717,31.0,46.71,13.291,,206.097,27.8419,20.962,111.928,5.11,0.0,51.852,758.752,0.0,96.24,28.5,43.801,5.556,13.9208,42.4699,0.0,0.13376,0.0,330.029,33.4,0.0,0.0,187.114,71.1418,0,2.63676,0.0,640.01,21.7325,0.0,151.244,1.6304,5.11979,16.9809,0.0,74.9855,394.534,177.993,0.0,0.0,0.0,49.789,0.0,4.22984,26.9,0.0,6.33564,0.0,0.0,0.27581
2023-12-04 16:40:00,18.0986,1367.62,75.3814,0.0,3.11,0.0,47.6026,25.9996,0.0,125.998,0.0,8.69764,7.91333,0.89609,26.4765,2.52,226.848,0,2574.31,0.0,105.431,94.3271,58.1466,25.4994,7.96988,2.29497,1.95193,6.17432,0.0,0.08394,31.0,45.71,14.4568,,205.755,27.7517,20.044,114.613,4.858,0.35035,51.548,797.717,0.0,93.35,26.75,45.9007,5.246,15.2483,42.8467,0.0,0.13376,0.0,239.183,34.0,0.0,2.32364,186.427,75.0897,0,1.72488,0.0,684.249,22.5699,0.11263,148.443,0.0,5.30045,15.7003,0.1595,76.841,394.662,176.993,0.96153,1.01238,0.09421,49.789,0.0,4.22984,26.9,0.0,3.50771,0.0,0.0,0.76104
2023-12-04 16:45:00,23.8971,1369.89,72.66,0.0,3.1,0.0,47.7418,0.0,0.0,124.302,0.0,13.9712,9.14382,1.39612,25.8632,2.49,225.086,0,2565.66,0.0,105.595,95.2788,58.0734,25.0996,10.0548,2.18497,0.28247,4.7921,0.0,0.07169,31.0,45.18,14.5249,,199.319,27.2897,16.248,113.107,4.492,8.49256,50.876,832.435,0.0,89.43,24.75,45.5009,4.843,9.91989,42.9539,0.0,0.14381,0.0,307.431,34.0,0.0,0.54383,185.209,75.1067,0,2.62943,0.0,723.582,22.8043,0.72137,145.574,0.0,5.0795,10.9041,3.26645,76.1364,394.818,173.992,0.0,0.0015,22.851,49.789,0.0,4.22984,27.04,0.0,9.12731,0.0,0.0,0.76104
2023-12-04 16:50:00,26.6966,1371.85,68.7597,0.0,1.25,0.0,48.0714,23.6996,0.0,122.798,0.0,11.6121,8.62379,1.4979,25.5119,3.74,223.474,0,2605.65,0.0,100.938,96.6333,58.9596,24.6998,10.0698,1.82497,4.78938,4.97063,0.0,4.96256,31.0,44.71,14.5976,,195.946,26.8897,27.657,111.16,4.492,0.99733,50.146,873.5,0.0,86.02,23.0,45.7999,4.439,9.11421,43.1031,0.0,0.08352,0.0,365.142,34.0,0.0,0.0,183.955,76.9525,0,2.14237,0.0,770.336,23.0045,0.22432,139.745,0.0,4.69008,9.99283,4.57343,75.2353,393.28,171.992,1.3922,1.09313,24.3134,49.889,0.0,4.22984,26.98,0.0,7.13326,0.0,0.0,0.0
2023-12-04 16:55:00,28.4945,1371.77,65.8391,0.0,0.0,0.0,55.3591,22.4997,0.0,123.602,0.0,7.84085,5.56466,2.19707,26.7756,1.74,221.021,0,2579.41,0.0,103.563,97.4843,59.7482,24.3,9.35486,1.58498,4.17365,3.56143,0.0,66.0787,31.0,43.73,14.761,,190.829,26.564,33.652,108.291,4.242,0.84596,49.264,916.738,0.0,81.85,21.25,45.6016,4.027,7.92401,49.6254,0.0,0.13376,0.0,368.511,34.0,0.0,0.0,180.668,50.027,0,2.38041,0.0,812.671,25.9806,0.44958,137.353,0.0,2.56966,10.7906,5.37042,73.9819,384.06,173.992,2.56458,0.0,1.08714,29.689,0.0,4.22984,26.97,0.0,11.5564,0.0,0.0,0.0
2023-12-04 17:00:00,28.0979,1366.09,62.7194,0.0,1.25,0.0,55.6704,21.1997,0.0,121.198,0.0,8.70069,5.785,1.79881,26.8882,2.76,219.002,0,2574.33,0.0,96.5316,97.4189,59.1745,23.9002,8.49487,1.34498,0.6443,4.46598,0.0,83.1242,31.0,42.69,14.7062,,185.794,26.4418,36.92,104.648,3.991,1.81277,48.428,914.589,0.0,77.6,19.25,44.8997,3.561,8.38178,50.1342,0.0,0.14381,241.48,294.909,34.0,0.0,0.0,179.506,59.1873,0,6.64683,0.0,833.937,27.2282,0.32857,132.14,0.0,2.23029,5.27657,5.07242,72.8023,355.258,171.0,1.81988,1.66735,0.85386,28.889,0.0,4.22984,26.7,0.0,8.94603,0.0,0.0,0.0
2023-12-04 17:05:00,16.397,1369.31,60.0298,0.0,1.73,0.0,56.9302,19.7997,0.0,120.203,0.0,9.5903,4.87556,3.79896,25.6184,1.17,200.289,0,2543.08,0.0,110.912,93.6271,58.5495,23.6011,10.2748,1.13498,2.38676,4.13272,0.0,80.0809,31.0,42.69,14.8874,,183.276,29.0332,36.242,100.273,3.74,0.0,47.478,894.984,0.0,74.03,17.5,44.1001,3.161,16.4386,51.3422,0.0,0.14381,249.28,349.081,33.9,0.0,0.0,176.951,73.1585,0,7.24559,0.0,875.71,27.0573,0.01582,126.879,0.0,3.11045,7.33104,2.83546,71.3277,307.622,167.999,0.0,0.0,0.0,29.589,0.0,4.22984,26.78,0.0,13.1517,0.0,0.0,0.0
2023-12-04 17:10:00,17.294,1369.63,54.9506,0.0,1.67,0.0,57.0401,18.4997,0.0,117.703,0.0,10.4974,7.20531,2.89624,23.9893,3.26,207.579,0,2548.84,0.0,108.769,88.3399,57.839,23.1983,8.18988,1.04498,4.12921,4.60246,0.0,76.8574,31.0,40.67,14.9396,,195.845,29.0332,35.251,93.6504,3.589,8.77821,46.28,898.5,0.0,70.17,15.75,43.4012,2.748,15.9258,51.3557,0.0,0.08352,256.35,357.671,34.2,0.0,0.0,174.443,74.8504,0,5.15084,0.0,913.578,27.3307,0.0,122.637,0.0,2.62947,14.2495,4.02444,70.0948,272.566,163.998,0.07327,0.0972,0.04636,29.689,0.0,4.22984,26.82,0.0,9.59863,0.0,0.0,0.0
2023-12-04 17:15:00,13.8955,1368.99,50.9601,0.0,1.61,0.0,57.3001,17.2997,0.0,115.499,0.0,12.5918,7.48363,0.5996,25.1607,2.61,201.536,0,2564.76,0.0,105.687,82.9419,58.884,22.7985,7.79988,0.89499,6.81114,4.18906,0.0,73.4413,31.0,40.67,15.3667,,193.085,29.0279,33.792,86.7751,3.339,9.14687,44.096,921.84,0.0,66.35,14.0,42.6017,2.336,15.0103,51.5885,0.0,0.08352,257.23,363.542,33.9,0.0,0.0,171.806,77.6532,0,1.76333,0.0,930.766,27.9777,0.40304,89.5125,0.0,2.36946,11.5682,0.1585,68.9029,251.682,158.997,2.14289,0.90172,0.88676,29.789,0.0,4.22984,26.89,0.0,7.93088,0.0,0.0,0.0
2023-12-04 17:20:00,13.2968,1364.03,46.85,0.0,2.4,0.0,57.5894,15.8998,0.0,113.597,0.0,8.75257,3.87579,0.99786,23.6247,2.95,191.848,0,2595.91,0.0,101.427,77.1964,56.9577,22.3987,5.62991,0.71499,5.24324,3.50747,0.0,70.3816,31.0,38.61,14.658,,189.188,29.0279,31.891,79.1207,2.833,19.1031,41.448,936.855,0.0,61.96,12.5,41.7014,1.952,11.8517,51.8446,0.0,0.14381,248.93,347.355,33.6,0.0,0.0,168.611,73.4148,0,2.25773,0.0,968.145,25.9538,0.0,88.1025,0.0,2.12043,11.2007,0.0,67.3546,232.731,144.994,0.0,0.0,0.0,29.989,0.0,4.22984,26.85,0.0,4.50474,0.0,0.0,0.0
2023-12-04 17:25:00,19.3941,1369.09,42.8515,0.0,2.82,0.0,57.062,14.5998,0.0,107.197,0.0,7.09545,4.70527,0.69696,21.2644,1.53,182.295,0,2674.43,0.0,102.184,71.9192,56.2399,21.8006,5.88991,0.60499,6.77305,2.81715,0.0,66.8713,31.0,36.54,14.7968,,184.616,28.6013,30.101,72.2929,2.723,20.5338,38.896,950.015,0.0,58.2,10.75,40.9018,1.608,10.3685,51.6863,0.0,0.14381,259.62,359.684,34.2,0.0,0.0,166.642,74.7991,0,3.04692,0.0,1018.12,23.9225,0.06423,101.085,0.0,1.86041,11.0542,0.0325,65.5667,215.601,144.994,0.17795,0.12412,0.0,29.889,0.0,4.22984,26.85,0.0,7.33266,0.0,0.0,0.0
2023-12-04 17:30:00,21.9952,1368.82,42.0497,0.0,2.51,0.0,52.3195,13.3998,0.0,104.197,0.0,7.61273,3.57549,0.0,22.7594,1.76,171.956,0,2703.19,0.0,98.9364,65.8313,55.7443,21.001,4.85493,0.53499,3.50713,1.61108,0.0,63.4573,31.0,35.53,13.3903,,180.759,28.1021,28.171,64.6437,2.319,20.9195,35.77,963.467,0.0,53.93,9.25,39.6994,1.299,9.86496,54.3015,0.0,0.08352,253.08,358.355,34.0,0.0,0.0,163.392,74.688,0,4.09979,0.0,1052.79,21.9449,0.0,97.3861,0.0,1.51982,14.8214,3.35345,62.5992,195.001,148.995,0.05533,0.04337,0.02243,32.889,0.0,4.22984,26.66,0.0,9.87054,0.0,0.0,0.0
2023-12-04 17:35:00,12.2953,1348.8,38.4096,0.0,2.11,0.0,50.3713,12.0998,0.0,91.6033,0.0,6.35309,2.33402,0.0,21.8737,1.99,162.363,0,2682.17,0.0,82.298,60.3376,53.7032,19.7986,6.08491,0.42499,4.06574,2.77827,0.0,59.6582,31.0,34.53,20.1451,,176.488,27.5499,26.075,56.9788,2.572,19.3765,33.166,964.859,0.0,49.97,7.75,38.6007,1.04,9.29732,62.7203,0.0,0.08352,493.63,341.987,33.4,0.0,0.0,159.08,71.4238,0,4.31586,0.0,1099.64,20.0089,0.0,89.2927,0.0,1.21952,12.3226,1.41648,59.6234,170.236,143.994,0.0,0.0,0.0,44.689,0.0,4.22984,26.89,0.0,7.097,0.0,0.0,0.0
2023-12-04 17:40:00,17.8977,1368.16,27.9513,0.0,0.76,0.0,46.4015,10.8998,0.0,87.2019,0.0,5.47646,3.79583,0.0,19.3956,0.92,156.293,0,2700.36,0.0,82.2614,53.7411,52.2628,18.6999,3.56995,0.39499,1.61868,2.14905,0.0,56.3118,31.0,31.49,18.3235,,169.63,26.8737,24.097,49.535,2.372,17.145,30.156,988.882,0.0,45.49,6.25,37.3007,0.834,10.7622,57.9499,0.0,0.14381,494.49,350.377,33.7,0.0,0.0,157.716,74.0728,0,5.57198,0.0,1149.5,18.0606,0.0,81.4435,0.0,0.97049,12.0589,2.85446,55.6298,153.106,138.993,0.10318,0.0,0.04337,42.489,0.0,4.22984,26.61,0.0,5.57427,0.0,0.0,0.0
2023-12-04 17:45:00,12.6957,1359.15,23.5518,0.0,1.72,0.0,42.3328,9.69985,0.0,85.602,0.0,4.757,4.39521,0.69696,15.9606,0.99,145.859,0,2694.3,0.0,75.5108,47.8547,49.8506,17.3999,4.52493,0.36499,0.0,2.08399,0.0,52.3755,31.0,29.44,16.386,,164.111,26.3923,22.342,43.3494,2.222,15.5654,26.906,1003.41,0.0,41.0,5.25,35.8999,0.67,8.99519,52.3646,0.0,0.15386,494.63,346.38,33.6,0.0,0.0,154.603,69.9113,0,5.78439,0.0,1197.57,16.3198,0.0,73.1487,0.0,0.8301,10.0923,2.64146,51.0853,137.432,133.0,0.0,0.0,0.0,39.689,0.0,4.22984,26.83,0.0,4.10593,0.0,0.0,0.0
2023-12-04 17:50:00,15.396,1370.82,27.2822,0.0,3.86,0.0,38.7329,8.49987,0.0,81.2005,0.0,2.48264,3.32342,0.99786,12.1856,2.2,134.287,0,2708.78,0.0,75.1995,41.7668,44.3842,16.0998,6.5599,0.35499,0.0,3.44558,0.0,48.6953,31.0,27.45,14.7866,,163.859,25.8878,20.514,37.069,2.071,13.9272,23.85,1032.12,0.0,36.85,4.25,33.0007,0.562,7.66766,46.5008,0.0,0.13376,504.86,353.405,33.9,0.0,0.0,151.463,63.306,0,5.40719,0.0,1224.13,14.6743,0.0847,65.1347,0.0,0.71047,8.57862,4.98442,46.4364,117.034,116.996,0.01944,0.0,0.0,36.689,0.0,4.22984,26.8,0.0,5.82806,0.0,0.0,0.0
2023-12-04 17:55:00,13.3973,1369.41,23.5412,0.0,4.81,0.0,34.9609,7.39989,0.0,74.6979,0.0,2.50706,2.41398,0.89609,12.2767,2.26,120.819,0,2702.58,0.0,65.9281,35.981,38.1732,14.699,7.18489,0.34499,0.0,1.89514,0.0,44.4006,31.0,25.42,13.0283,,159.922,22.7601,18.572,31.3151,1.92,12.2963,20.602,1032.83,0.0,32.7,3.5,30.2998,0.494,6.00137,40.2845,0.0,0.12371,496.46,351.502,33.9,0.0,0.0,114.694,55.906,0,3.75189,0.0,1246.94,13.0117,0.0,57.7615,0.0,0.6299,6.5449,4.94742,42.113,99.144,103.993,59.2696,0.0,0.0,33.589,0.0,4.22984,26.69,0.0,9.74365,0.0,0.0,0.0
2023-12-04 18:00:00,16.3971,1367.18,19.7816,0.0,5.46,0.0,32.5328,6.3999,0.0,66.4031,0.0,3.12428,1.36721,0.49783,9.61024,0.97,106.266,0,2704.66,0.0,47.5074,30.5276,32.4749,13.3989,6.6549,0.34499,0.0,1.87689,0.0,40.7573,31.0,20.37,11.7755,,28.818,12.7895,16.664,24.6504,1.768,10.5702,17.24,1050.77,50.2200012207,28.62,2.75,27.1992,0.442,4.71046,22.2444,0.0,0.43519,496.89,350.315,33.9,0.0,0.0,113.275,49.3263,0,2.39322,0.0,1280.36,11.5419,3.16007,50.5104,0.0,0.57009,4.45869,4.99642,37.591,81.5656,95.0,60.0232,0.0,0.0,30.589,0.0,4.22984,26.71,0.0,5.62866,0.0,0.0,0.0
2023-12-04 18:05:00,13.7961,1349.8,16.2822,0.0,6.23,0.0,29.2808,5.39992,0.0,62.9972,0.0,3.78576,1.41543,0.0,7.26144,0.77,91.7539,0,2685.61,0.0,46.598,25.059,28.7785,12.0012,5.98491,0.34499,0.0,1.41985,0.0,36.5629,31.3406,17.36,10.2902,,113.132,11.315,14.728,18.9965,1.768,9.13466,14.2,1036.1,241.729995728,24.4,2.25,24.0009,0.398,5.32387,31.8695,0.0,0.35481,490.28,340.025,33.4,0.0,0.0,116.324,42.4561,0,1.63333,0.0,1307.32,10.0819,0.65621,43.5157,0.0,0.48952,3.7702,4.74643,33.0916,64.9393,83.9975,57.2119,0.0,0.0,26.489,0.0,4.22984,26.66,0.0,6.60755,0.0,0.0,0.0
2023-12-04 18:10:00,19.1979,1364.16,13.0802,0.0,6.58,0.0,26.0032,4.49993,0.0,56.7967,0.0,4.2092,1.12428,0.0,8.05734,1.06,78.4207,0,2706.56,0.0,53.1045,19.2229,24.9528,10.7988,6.3449,0.285,0.0,0.9406,0.0,32.5468,30.4623,15.32,8.94566,,134.895,21.6255,12.75,13.1056,1.718,7.80652,10.686,1035.59,316.640014648,20.21,1.75,21.001,0.354,5.43374,25.8874,0.0,0.35481,504.23,349.766,33.7,0.0,2.60929,114.447,35.5859,0,0.0,0.0,1324.28,8.70985,2.32793,36.6918,0.0,0.4297,3.93011,9.79735,28.4078,48.7984,64.9931,59.9096,0.0,0.0,23.589,0.0,4.22984,26.83,0.0,6.33564,0.0,0.0,0.0
2023-12-04 18:15:00,18.0939,1364.82,10.072,0.0,5.8,0.71693,22.8098,3.69994,0.0,50.5001,0.0,3.59426,1.02541,0.0,4.78618,1.62,66.2257,0,2703.78,0.0,45.6581,14.7968,21.1637,9.70016,4.37993,0.0,0.34913,2.01099,0.0,28.5082,30.1393,13.28,7.7865,,120.0,19.1138,5.719,8.96258,1.668,6.48569,8.104,1021.45,387.380004883,16.46,1.5,17.6989,0.312,6.01968,22.6966,0.0,0.4151,498.98,347.733,33.7,0.0,1.81827,102.335,29.3651,0,0.36072,0.0,1321.67,7.16442,3.00183,30.2098,0.0,0.36988,6.11643,4.95542,24.1019,33.8842,59.992,60.1279,0.14804,3.52761,19.089,0.0,4.22984,26.92,0.0,7.78585,0.0,0.0,0.0
2023-12-04 18:20:00,15.7961,1362.15,7.33198,0.0,3.37,1.0372,6.46189,2.99995,0.0,41.2989,0.0,2.98543,0.70619,0.0,3.8345,1.18,56.6458,0,2691.54,0.0,27.8782,10.3404,16.6982,8.19867,4.53493,0.0,0.94899,2.4228,0.0,24.5146,30.493,11.27,0.27125,,104.058,12.1824,9.383,4.73529,1.568,4.26886,5.276,1007.49,512.119995117,12.91,1.5,14.2992,0.284,7.1458,3.07326,0.0,38.5865,492.18,378.567,33.4,0.0,0.0,91.0735,22.8879,0,0.43763,0.0,1320.08,0.0,0.86099,24.0269,0.0,0.31007,7.44762,4.87443,19.9004,10.016,48.9982,58.5428,0.0,2.70814,16.089,0.0,4.22984,26.88,0.0,6.13623,0.0,0.0,0.0
2023-12-04 18:25:00,15.1982,1371.02,4.9902,0.0,4.76,0.57669,13.9034,2.39996,0.0,34.8993,0.0,2.99535,0.61769,0.2987,3.32646,1.21,46.0768,0,2704.83,0.0,23.624,3.33097,13.5537,6.70024,4.60493,0.0,0.0,1.83404,0.0,20.4298,30.6099,9.25,0.51091,,91.9629,10.6141,7.678,2.8875,1.518,3.22637,3.204,1033.24,563.789978027,9.79,1.25,11.1009,0.246,12.9869,14.1365,0.0,38.3153,498.83,355.289,34.0,0.0,0.0,80.737,17.3764,0,0.53285,0.0,1322.79,3.64385,2.41357,18.3261,0.0,0.2295,6.93126,5.01142,16.1372,6.3447,40.9963,59.9395,20.6856,7.91507,11.989,0.0,4.22984,26.87,0.0,5.61053,0.0,0.0,0.0
2023-12-04 18:30:00,12.8976,1366.33,3.20069,0.0,5.16,0.0,10.8418,1.99997,0.0,28.1014,0.0,2.73823,0.67933,0.69696,2.11571,0.86,36.9848,0,2696.26,0.0,20.3647,2.3138,10.4555,5.50088,3.66994,0.0,0.0,1.40081,0.0,16.3144,30.5207,7.23,0.50234,,78.4578,10.8176,5.983,0.32902,1.518,2.69657,1.744,1044.67,503.859985352,7.03,1.0,8.19867,0.205,21.0803,10.9258,0.0,76.9866,551.53,386.353,33.9,0.0,0.0,69.6132,10.7112,0,0.79835,0.0,1319.45,2.93095,2.15108,13.2052,0.0,0.16968,5.94797,9.77535,12.2194,4.05585,31.9943,58.6385,15.2963,5.62414,9.689,0.0,4.22984,26.76,0.0,6.49879,0.0,0.0,0.0
2023-12-04 18:35:00,12.4951,1372.63,1.91032,0.0,7.23,0.0,7.46166,1.79997,0.0,21.9009,0.0,0.05341,0.86854,0.2987,1.81178,1.09,28.8683,0,2708.0,0.0,14.2916,1.63905,7.66003,4.20081,3.13995,0.0,0.0,1.61584,0.0,12.4913,30.3761,5.2,0.52354,,68.7393,9.1892,4.47,0.84493,1.468,1.9202,0.776,1065.37,603.5,4.83,0.75,5.60159,0.164,29.3751,7.66721,0.0,77.0669,508.3,373.168,33.9,0.0,0.0,57.3266,3.13176,0,1.41543,0.0,1323.33,2.42802,2.93481,8.94484,0.0,0.1294,2.83085,10.0054,8.77158,1.6846,26.9931,59.8468,12.1231,12.165,6.889,0.0,4.22984,0.0,0.0,7.26015,0.0,0.0,0.0
2023-12-04 18:40:00,13.5968,1368.55,1.13239,0.0,9.19,0.0,5.18013,1.09998,0.0,15.1991,0.0,0.0,1.57473,0.49783,1.40602,0.55,21.7139,0,2702.9,0.0,9.14015,0.96933,5.1014,3.00145,1.41498,0.0,0.0,2.16254,0.0,9.06445,31.1083,1.14,0.29253,,56.4124,8.02982,3.189,0.32902,1.468,1.19997,0.262,1077.7,543.729980469,2.77,0.5,3.40124,0.109,36.1318,4.48872,0.0,77.0368,674.56,384.792,33.8,0.0,0.0,46.331,1.54238,0,1.90799,0.0,1320.01,1.37087,2.01891,5.5024,0.0,0.0,7.78882,10.0014,5.34016,0.36164,19.9915,59.5238,9.19811,24.475,4.789,0.0,4.22984,0.0,0.0,8.11215,0.0,0.0,0.0
2023-12-04 18:45:00,16.0976,1370.09,0.62261,0.0,8.49,0.0,3.70062,1.39998,0.0,9.69902,0.0,0.0,2.25467,0.5996,2.61197,0.54,15.5486,0,2705.56,0.0,13.4371,0.47082,3.04814,2.00046,1.13998,0.0,0.0,1.55474,0.0,6.41946,30.9022,1.14,1.71821,,44.9618,7.14656,1.942,0.0,1.418,0.61158,0.0,1094.23,422.089996338,1.69,0.25,1.89975,0.016,37.1756,3.02511,0.0,76.8359,766.42,335.015,34.0,0.0,0.0,37.5326,1.05531,0,1.83291,0.0,1320.45,0.94606,31.3708,2.84733,0.0,0.0,20.0296,9.99135,3.41824,0.0,8.99771,60.0172,63.8006,24.4869,2.989,0.0,4.22984,4.56,0.0,6.78883,0.0,0.0,0.0
2023-12-04 18:50:00,17.2978,1370.7,0.27214,0.0,7.07,0.0,1.35317,1.19998,0.0,5.49668,0.0,0.54627,2.00443,1.69703,1.78688,1.18,10.0338,0,2706.61,0.0,8.71901,0.0,1.48806,1.20089,1.16998,0.0,0.0,1.34844,0.0,3.54317,30.493,1.14,0.55062,,34.0952,5.40661,0.978,0.0,1.418,0.2356,0.0,1100.75,475.670013428,0.99,0.0,0.99947,0.0,33.9437,1.33485,0.0,77.7175,758.82,336.468,34.2,0.0,0.0,29.1829,0.0,0,1.57839,0.0,1325.63,0.45777,31.8659,0.98573,0.0,0.0,36.6882,10.0043,0.2277,0.0,2.99634,60.0591,31.2341,14.9075,0.0,0.0,4.22984,8.04,0.0,5.50176,0.0,0.0,0.0
2023-12-04 18:55:00,15.1991,1358.03,0.0,0.0,7.56,0.0,1.53262,1.09998,0.0,2.99725,0.0,1.58236,1.41543,1.99794,1.40429,1.84,6.72758,0,2691.84,0.0,6.5034,0.0,0.46265,0.801099,1.31998,0.0,0.0,1.51983,0.0,2.96448,30.6099,0.14,0.07413,,21.8086,3.51974,0.0,0.0,1.367,0.0,0.0,1087.52,623.260009766,0.55,0.0,0.40131,0.0,39.0524,0.80147,0.0,76.9665,737.39,318.581,33.5,0.0,0.0,20.2747,0.0,0,1.34401,0.0,1318.84,0.19165,23.6954,0.0,0.0,0.0,43.6512,5.57141,1.1936,0.0,0.0,58.6804,37.3652,14.5366,0.0,0.0,4.22984,10.44,0.0,6.4444,0.0,0.0,0.0
2023-12-04 19:00:00,18.4977,1361.81,0.0,0.0,8.62,0.0,0.90272,0.0,0.0,2.09773,0.0,2.2446,1.27565,1.4979,0.99165,1.53,3.74658,0,2694.77,0.0,4.13519,0.0,0.0,0.49897,1.62498,0.0,0.0,1.062,0.0,1.81274,30.3761,0.0,0.07032,,15.6452,2.34443,0.0,0.0,1.367,0.0,0.0,1097.36,560.450012207,0.28,0.0,0.19989,0.0,41.4054,0.15045,0.0,77.6372,740.05,326.609,33.8,0.0,0.0,3.86816,0.0,0,2.55436,0.0,1320.04,0.0,23.5092,0.0,0.0,0.0,46.4393,4.94742,0.64992,0.0,0.0,58.8837,37.9872,14.4948,0.0,0.0,4.22984,13.24,0.0,6.37189,0.0,0.0,0.0
2023-12-04 19:05:00,23.0942,1358.79,0.0,0.0,8.41,0.0,0.60243,0.0,0.0,1.10208,0.0,2.57343,1.03639,1.29877,0.68109,1.78,1.71408,0,2693.89,0.0,2.6276,0.0,0.0,0.300603,1.20498,0.0,0.0,1.04137,0.0,0.94381,30.2869,0.0,0.07032,,9.30053,1.36736,0.0,0.0,1.367,0.0,0.0,1105.97,546.260009766,0.0,0.0,0.19989,0.0,44.4266,0.0,0.0,77.087,737.08,324.287,33.8,0.0,0.0,1.78073,0.0,0,4.6894,0.0,1318.91,0.0,1.41389,0.0,0.0,0.0,40.8728,4.96642,0.16168,0.0,0.0,59.1619,40.0957,24.3015,0.0,0.0,4.22984,18.13,0.0,7.62271,0.0,0.0,0.0
2023-12-04 19:10:00,26.995,1363.16,0.0,0.0,7.78,0.0,0.24353,0.0,0.0,0.0,0.0,1.7113,0.1886,1.69703,0.37806,1.55,0.0,0,2701.26,0.0,1.34585,0.0,0.0,0.099184,2.11497,0.0,0.0,1.07549,0.0,0.48008,30.3761,0.0,0.0,,4.10391,0.57261,0.0,0.0,1.367,0.0,0.0,1105.71,607.450012207,0.0,0.0,0.00153,0.0,62.3896,0.0,0.0,77.7376,742.34,322.257,33.8,0.0,0.0,0.0,0.0,0,4.87434,0.0,1322.23,0.0,21.6253,0.0,0.0,0.0,42.002,5.00342,0.0,0.0,0.0,60.0053,0.11814,0.01645,0.0,0.0,4.22984,23.73,0.0,6.64381,0.0,0.0,0.0
2023-12-04 19:15:00,19.4945,1364.77,0.0,0.0,8.34,0.0,0.0,0.0,0.0,0.0,0.0,0.85298,1.09621,1.59968,0.07272,1.16,0.0,0,2702.19,0.0,0.62562,0.0,0.0,0.099184,2.20497,0.0,0.0,0.96043,0.0,0.11971,30.4623,0.0,0.0,,1.98901,0.26462,0.0,0.0,1.367,0.0,0.0,1121.72,489.109985352,0.0,0.0,0.00153,0.0,87.7317,0.0,0.0,77.9461,743.71,327.414,33.5,0.0,0.0,0.0,0.0,0,7.27672,0.0,1321.09,0.0,2.97391,0.0,0.0,0.0,45.1588,4.81943,0.0,0.0,0.0,59.3234,51.8016,24.5228,0.0,0.0,4.22984,26.61,0.0,6.53504,0.0,0.0,0.0
2023-12-04 19:20:00,17.8939,1367.62,0.0,0.0,9.18,0.0,0.0,0.0,0.0,0.0,0.0,0.24872,1.07546,1.4979,0.07272,0.89,0.0,0,2701.8,0.0,0.4181,0.0,0.0,0.001526,1.51498,0.0,0.0,0.59306,0.0,0.0,30.5207,0.0,0.0,,1.31426,0.14072,0.0,0.0,1.367,0.0,0.0,1142.74,491.160003662,0.0,0.0,0.00153,0.0,108.872,0.0,0.0,77.3056,749.86,311.177,33.5,0.0,0.0,0.0,0.0,0,8.01831,0.0,1323.5,0.0,1.77504,0.0,0.0,0.0,43.6976,4.80943,0.0,0.0,0.0,59.0751,64.1056,24.4779,0.0,0.0,4.22984,26.67,0.0,7.45956,0.0,0.0,0.0
2023-12-04 19:25:00,16.1964,1360.01,0.0,0.0,8.98,0.0,0.0,0.0,0.0,0.0,0.0,0.28077,0.0,1.99794,0.0,0.72,0.0,0,2692.96,0.0,0.0,0.0,0.0,0.001526,1.44498,0.0,0.0,0.19632,0.0,0.0,30.3146,0.0,0.0,,0.0,0.0,0.0,0.0,1.367,0.0,0.0,1134.25,495.040008545,0.0,0.0,0.00153,0.0,124.344,0.0,0.0,77.1172,734.86,314.652,33.5,0.0,0.0,0.0,0.0,0,11.2667,0.0,1319.25,0.0,1.89418,0.0,0.0,0.0,42.7405,3.76044,0.0,0.0,0.0,57.5947,42.4255,24.5228,0.0,0.0,4.22984,26.99,0.0,6.5713,0.0,0.0,0.0
2023-12-04 19:30:00,16.8982,1369.82,0.0,0.0,6.99,0.0,0.0,0.0,0.0,0.0,0.0,0.0,0.28687,2.59976,0.0,0.64,0.0,0,2702.87,0.0,0.0,0.0,0.0,0.001526,0.85999,0.0,0.0,0.23362,0.0,0.0,30.5515,0.0,0.0,,0.0,0.0,0.0,0.0,1.367,0.0,0.0,1148.24,453.859985352,0.0,0.0,0.00153,0.0,142.719,0.0,0.0,77.3558,745.08,273.361,33.8,0.0,0.0,0.0,0.0,0,12.8194,0.0,1320.65,0.0,2.43218,0.0,0.0,0.0,45.3932,5.00042,0.0,0.0,0.0,59.5477,38.5645,24.5348,0.0,0.0,4.22984,26.7,0.0,6.245,0.0,0.0,0.0
2023-12-04 19:35:00,14.9948,1370.19,0.0,0.0,6.98,0.0,0.0,0.0,0.0,0.0,0.0,0.0,0.0,2.99802,0.0,0.61,0.0,0,2703.56,0.0,0.0,0.0,0.0,0.001526,1.74497,0.0,0.0,0.08206,0.0,0.0,30.2561,0.0,0.0,,0.0,0.0,0.0,0.0,1.367,0.0,0.0,1146.21,548.469970703,0.0,0.0,0.00153,0.0,164.829,0.0,0.0,77.5367,495.21,349.648,33.9,0.0,0.0,0.0,0.0,0,12.5154,0.0,1317.79,0.0,22.4537,0.0,0.0,0.0,45.5286,4.97842,0.0,0.0,0.0,58.7462,63.0798,24.4062,0.0,0.0,4.22984,26.79,0.0,5.5924,0.0,0.0,0.0
2023-12-04 19:40:00,13.8954,1361.2,0.0,0.0,7.28,0.0,0.0,0.0,0.0,0.0,0.0,0.0,0.1886,2.89624,0.0,0.76,0.0,0,2696.55,0.0,0.0,0.0,0.0,0.001526,1.81497,0.0,0.0,0.00034,0.0,0.0,30.2285,0.0,0.0,,0.0,0.0,0.0,0.0,1.367,0.0,0.0,1138.15,619.789978027,0.0,0.0,0.00153,0.0,158.109,0.0,0.0,77.1674,488.29,340.774,33.6,0.0,0.0,0.0,0.0,0,12.4971,0.0,1322.72,0.0,22.6212,0.0,0.0,0.0,46.8312,0.1505,0.0,0.0,0.0,20.1473,38.0979,14.8118,0.0,0.0,4.22984,26.58,0.0,6.29938,0.0,0.0,0.0
2023-12-04 19:45:00,19.0946,1370.43,0.0,0.0,7.33,0.0,0.0,0.0,0.0,0.0,0.0,0.0,0.19654,3.59983,0.0,0.55,0.0,0,2707.15,0.0,0.0,0.0,0.0,0.001526,1.78997,0.0,0.0,0.01859,0.0,0.0,30.5515,0.0,0.0,,0.0,0.0,0.0,0.0,1.367,0.0,0.0,1149.21,554.590026855,0.0,0.0,0.00153,0.0,157.862,0.0,0.0,0.85469,504.61,351.446,33.9,0.0,0.0,0.0,0.0,0,9.36233,0.0,1322.23,0.0,33.8672,0.0,0.0,0.0,54.2727,1.40148,0.0,0.0,0.0,0.07626,54.9868,15.0122,0.0,0.0,4.22984,26.71,0.0,5.82806,0.0,0.0,0.0
2023-12-04 19:50:00,15.0938,1359.25,0.0,0.0,8.35,0.0,0.0,0.0,0.0,0.0,0.0,0.0,0.0885,3.39628,0.0,0.4,0.0,0,2698.7,0.0,0.0,0.0,0.0,0.001526,1.76997,0.0,0.0,0.15189,0.0,0.0,30.5515,0.0,0.0,,0.0,0.0,0.0,0.0,1.367,0.0,0.0,1136.64,686.320007324,0.0,0.0,0.00153,0.0,165.553,0.0,0.0,0.7944,490.2,342.988,33.5,0.0,0.0,0.0,0.0,0,10.1094,0.0,1319.23,0.0,0.95407,0.0,0.0,0.0,63.339,4.84043,0.0,0.0,0.0,0.0,1.2965,0.0,0.0,0.0,4.22984,26.71,0.0,5.9187,0.0,0.0,0.0
2023-12-04 19:55:00,16.0993,1364.16,0.0,0.0,7.88,0.0,0.0,0.0,0.0,0.0,0.0,0.0,0.0,3.49805,0.0,0.41,0.0,0,2703.85,0.0,0.0,0.0,0.0,0.001526,2.66996,0.0,0.0,0.0,0.0,0.0,30.2561,0.0,0.0,,0.0,0.0,0.0,0.0,1.367,0.0,0.0,1147.36,563.179992676,0.0,0.0,0.00153,0.0,178.489,0.0,0.0,0.82454,502.31,349.957,34.1,0.0,0.0,0.0,0.0,0,10.135,0.0,1318.25,0.0,3.12842,0.0,0.0,0.0,69.2851,2.09247,0.0,0.0,0.0,0.0,0.0,5.98004,0.0,0.0,4.22984,26.71,0.0,5.12108,0.0,0.0,0.0
2023-12-04 20:00:00,13.8969,1360.05,0.0,0.0,7.96,0.0,0.0,0.0,0.0,0.0,0.0,0.0,0.0,3.59983,0.0,0.28,0.0,0,2694.74,0.0,0.0,0.0,0.0,0.001526,2.80496,0.0,0.0,0.0,0.0,0.0,30.4038,0.0,0.0,,0.0,0.0,0.0,0.0,1.367,0.0,0.0,1137.37,531.83001709,0.0,0.0,0.00153,0.0,185.063,0.0,0.0,0.84464,486.53,344.81,33.5,0.0,0.0,0.0,0.0,0,9.6553,0.0,1319.4,0.0,0.06609,0.0,0.0,0.0,71.3506,0.0295,0.0,0.0,0.0,0.0,0.21982,0.53684,0.0,0.0,4.22984,25.9,0.0,4.9398,0.0,0.0,0.0
2023-12-04 20:05:00,14.0971,1367.89,0.0,0.0,9.73,0.0,0.0,0.0,0.0,0.0,0.0,0.0,0.02808,3.19715,0.0,0.2,0.0,0,2706.0,0.0,0.0,0.0,0.0,0.001526,2.62496,0.0,0.0,0.0,0.0,0.0,30.1393,0.0,0.0,,0.0,0.0,0.0,0.0,1.367,0.0,0.0,1159.1,664.239990234,0.0,0.0,0.00153,0.0,183.955,0.0,0.0,0.82454,253.08,352.59,34.1,0.0,0.0,0.0,0.0,0,9.05104,0.0,1319.52,0.0,22.5561,0.0,0.0,0.0,71.6887,1.47248,0.0,0.0,0.0,0.0,11.7552,24.5378,0.0,0.0,4.22984,26.04,0.0,4.37784,0.0,0.0,0.0
2023-12-04 20:10:00,14.9968,1366.96,0.0,0.0,9.48,0.0,0.0,0.0,0.0,0.0,0.0,0.0,0.17884,1.59968,0.0,0.19,0.0,0,2702.75,0.0,0.0,0.0,0.0,0.001526,1.63997,0.0,0.0,0.0,0.0,0.0,30.0224,0.0,0.0,,0.0,0.0,0.0,0.0,1.367,0.0,0.0,1167.99,677.460021973,0.0,0.0,0.00153,0.0,196.58,0.0,0.0,0.82454,249.6,351.074,34.0,0.0,0.0,0.0,0.0,0,10.6075,0.0,1319.06,0.0,2.06172,0.0,0.0,0.0,71.5984,1.97047,0.0,0.0,0.0,0.05832,17.9551,0.0,0.0,0.0,4.22984,25.8,0.0,4.25095,0.0,0.0,0.0
2023-12-04 20:15:00,13.1941,1363.4,0.0,0.0,9.84,0.0,0.0,0.0,0.0,0.0,0.0,0.0,0.0,1.59968,0.0,0.28,0.0,0,2700.14,0.0,0.0,0.0,0.0,0.001526,1.10498,0.0,0.0,0.0,0.0,0.0,30.6376,0.0,0.0,,0.0,0.0,0.0,0.0,1.367,0.0,0.0,1172.04,623.440002441,0.0,0.0,0.00153,0.0,195.326,0.0,0.0,0.25433,249.2,345.342,33.7,0.0,0.34607,0.0,0.0,0,13.7166,0.0,1318.3,0.0,0.0,0.0,0.0,0.0,75.8734,0.0065,0.0,0.0,0.0,0.0,0.0,0.0,0.0,0.0,4.22984,26.05,0.0,3.30831,0.0,0.0,0.0
2023-12-04 20:20:00,14.4937,1365.13,0.0,0.0,8.17,0.97649,0.0,0.0,0.0,0.0,0.0,0.0,0.0,1.4979,0.0,0.32,0.0,0,2703.09,0.0,0.0,0.0,0.0,0.001526,1.28998,0.0,0.0,0.00034,0.0,0.0,30.5791,0.0,0.0,,0.0,0.0,0.0,0.0,1.367,0.0,0.0,1179.58,576.929992676,0.0,0.0,0.00153,0.0,196.69,0.0,0.0,0.22419,249.0,346.365,33.7,0.0,2.01602,0.0,0.0,0,13.8412,0.0,1320.43,0.0,0.28948,0.0,0.0,0.0,79.3463,0.0,0.0,0.0,0.0,0.0,0.0,0.23478,0.0,0.0,3.88688,25.94,0.0,3.79776,0.0,0.0,0.0
2023-12-04 20:25:00,12.8988,1367.67,0.0,0.0,7.72,1.32397,0.0,0.0,0.0,0.0,0.0,0.0,0.0,0.69696,0.0,0.16,0.0,0,2705.9,0.0,0.0,0.0,0.0,0.001526,0.64999,0.0,0.0,0.0,0.0,0.0,30.6684,0.0,0.0,,0.0,0.0,0.0,0.0,1.367,0.0,0.0,1182.81,558.66998291,0.0,0.0,0.00153,0.0,199.904,0.0,0.0,0.23424,254.5,351.004,34.2,0.0,3.68597,0.0,0.0,0,12.9915,0.0,1318.38,0.0,0.02699,0.0,0.0,0.0,79.693,1.19848,0.0,0.0,0.0,0.0,0.0,0.0,0.0,0.0,3.88688,25.84,0.0,4.32346,0.0,0.0,0.0
2023-12-04 20:30:00,11.7976,1366.52,0.0,0.0,8.19,2.12044,0.0,0.0,0.0,0.0,0.0,0.0,0.0,1.99794,0.0,0.28,0.0,0,2705.12,0.0,0.0,0.0,0.0,0.001526,0.68999,0.0,0.0,0.0,0.0,0.0,30.4623,0.0,0.0,,0.0,0.0,0.0,0.0,1.367,0.0,0.0,1188.74,516.280029297,0.0,0.0,0.00153,0.0,200.032,0.0,0.0,0.22419,249.1,346.052,33.9,0.0,4.8835,0.0,0.0,0,14.244,0.0,1318.28,0.0,1.41947,0.0,0.0,0.0,88.0,0.74049,0.0,0.0,0.0,0.0,0.0,3.5635,0.0,0.0,3.88688,25.69,0.0,4.37784,0.0,0.0,0.0
2023-12-04 20:35:00,11.4967,1372.53,0.0,0.0,9.32,3.07287,0.0,0.0,0.0,0.0,0.0,0.0,0.09827,7.39658,0.0,0.44,0.0,0,2705.53,0.0,0.0,0.0,0.0,0.001526,0.0,0.0,0.0,0.0,0.0,0.0,30.3454,0.0,0.0,,0.0,0.0,0.0,0.0,1.367,0.0,0.0,1192.77,479.570007324,0.0,0.0,0.00153,0.0,198.979,0.0,0.0,0.24429,255.6,352.979,34.3,0.0,6.49851,0.0,0.0,0,13.8412,0.0,1323.11,0.0,2.77099,0.0,0.0,0.0,82.5885,1.17148,0.0,0.0,0.0,1.2636,7.85824,4.34409,0.0,0.0,3.88688,25.96,0.0,3.85214,0.0,0.0,0.0
2023-12-04 20:40:00,11.8948,1368.14,0.0,0.0,9.38,4.3916,0.0,0.0,0.0,0.0,0.0,0.0,0.0885,10.8968,0.0,0.06,0.0,0,2704.7,0.0,0.0,0.0,0.0,0.001526,0.0,0.0,0.0,0.0,0.0,0.0,30.2561,0.0,0.0,,0.0,0.0,0.0,0.0,1.367,0.0,0.0,1189.18,438.820007324,0.0,0.0,0.00153,0.0,201.543,0.0,0.0,0.21414,249.6,348.052,33.9,0.0,7.09178,0.0,0.0,0,15.5148,0.0,1316.35,0.0,0.0,0.0,0.0,0.0,85.03,0.44949,0.0,0.0,0.0,0.0,0.0,0.0,0.0,0.0,3.88688,25.72,0.0,2.20252,0.0,0.0,0.0
2023-12-04 20:45:00,10.8943,1368.94,0.0,0.0,8.57,4.32253,0.0,0.0,0.0,0.0,0.0,0.72251,0.0,12.897,0.0,0.31,0.0,0,2704.63,0.0,0.0,0.0,0.0,0.001526,0.0,0.0,0.0,0.0,0.0,0.0,30.3146,0.0,0.0,,0.0,0.0,0.0,0.0,1.367,0.0,0.0,1189.1,362.380004883,0.0,0.0,0.00153,0.0,193.669,0.0,0.0,0.24429,250.9,342.084,33.9,0.0,8.17945,0.0,0.0,0,16.3424,0.0,1320.69,0.0,0.62084,0.0,0.0,0.0,85.5439,0.34349,0.0,0.0,0.0,0.0,3.8865,0.82097,0.0,0.0,3.88688,25.9,0.0,1.42303,0.0,0.0,0.0
2023-12-04 20:50:00,10.0993,1369.97,0.0,0.0,9.25,5.40263,0.0,0.0,0.0,0.0,0.0,2.99306,0.0,12.7997,0.0,0.39,0.0,0,2703.48,0.0,0.0,0.0,0.0,0.001526,0.0,0.0,0.0,0.0,0.0,0.0,30.7268,0.0,0.0,,0.0,0.0,0.0,0.0,1.367,0.0,0.0,1195.06,338.079986572,0.0,0.0,0.00153,0.0,199.611,0.0,0.0,0.21414,251.1,349.987,33.9,0.0,10.5196,0.0,0.0,0,16.0751,0.0,1318.45,0.0,2.36516,0.0,0.0,0.0,89.5991,1.17948,0.0,0.0,0.0,0.0,0.0,5.86639,0.0,0.0,3.88688,25.86,0.0,0.0,0.0,0.0,0.0
2023-12-04 20:55:00,8.69482,1373.19,0.0,0.0,9.43,5.90292,0.0,0.0,0.0,0.0,0.0,2.51163,0.0,13.0961,0.0,0.4,0.0,0,2706.29,0.0,0.0,0.0,0.0,0.001526,0.0,0.0,0.0,0.0,0.0,0.0,30.5791,0.0,0.0,,0.0,0.0,0.0,0.0,1.367,0.0,0.0,1198.53,304.859985352,0.0,0.0,0.00153,0.0,204.537,0.0,0.0,0.25433,251.2,349.677,34.0,0.0,12.8597,0.0,0.0,0,15.4562,0.0,1322.72,0.0,0.0,0.0,0.0,0.0,87.7473,0.61849,0.0,0.0,0.0,0.0,0.0,3.04909,0.0,0.0,3.88688,25.88,0.0,0.0,0.0,0.0,0.0
2023-12-04 21:00:00,6.89624,1370.65,0.0,0.0,8.82,5.71034,0.0,0.0,0.0,0.0,0.0,0.0,0.0,11.8969,0.0,0.15,0.0,0,2704.36,0.0,0.0,0.0,0.0,0.001526,0.0,0.0,0.0,0.0,0.0,0.0,30.6961,0.0,0.0,,0.0,0.0,0.0,0.0,1.367,0.0,0.0,1211.47,241.740005493,0.0,0.0,0.00153,0.0,206.578,0.0,0.0,0.2041,251.4,352.249,34.1,0.0,16.694,0.0,0.0,0,18.0197,0.0,1317.4,0.0,0.00093,0.0,0.0,0.0,92.0797,1.48348,0.0,0.0,0.0,0.0,0.0,7.68179,0.0,0.0,3.88688,21.97,0.0,0.0,0.0,0.0,0.0
2023-12-04 21:05:00,6.19539,1370.85,0.0,0.0,9.18,6.57275,0.0,0.0,0.0,0.0,0.0,0.0,0.0,11.9987,0.0,0.0,0.0,0,2706.49,0.0,0.0,0.0,0.0,0.001526,0.0,0.0,0.0,0.0,0.0,0.0,30.9022,0.0,0.0,,0.0,0.0,0.0,0.0,1.367,0.0,0.0,1217.21,320.489990234,0.0,0.0,0.00153,0.0,210.817,0.0,0.0,0.23424,126.6,357.416,33.8,0.0,24.2197,0.0,0.0,0,16.9686,0.0,1316.1,0.0,0.0,0.0,0.0,0.0,97.0211,2.91846,0.0,0.0,0.0,1.09612,1.26659,0.4531,0.0,0.0,3.88688,22.19,0.0,0.0,0.0,0.0,0.0
2023-12-04 21:10:00,6.39482,1368.38,0.0,0.0,7.5,8.58225,0.0,0.0,0.0,0.0,0.0,0.0,0.0,10.2995,0.0,0.0,0.0,0,2699.68,0.0,0.0,0.0,0.0,0.001526,0.0,0.0,0.0,0.0,0.0,0.0,30.493,0.0,0.0,,0.0,0.0,0.0,0.0,1.367,0.0,0.0,1219.67,383.279998779,0.0,0.0,0.00153,0.0,214.571,0.0,0.0,0.22419,0.7,345.944,33.6,0.0,28.5924,0.0,0.0,0,16.1886,0.0,1322.92,0.0,0.0,0.0,0.0,0.0,91.6085,0.1295,0.0,0.0,0.0,0.02841,0.89274,0.01346,0.0,0.0,3.88688,22.11,0.0,0.0,0.0,0.0,0.0
2023-12-04 21:15:00,5.99672,1370.43,0.0,0.0,4.75,7.99405,0.0,0.0,0.0,0.0,0.0,0.0,0.0,11.7996,0.0,-0.09,0.0,0,2707.93,0.0,0.0,0.0,0.0,0.001526,0.0,0.0,0.0,0.0,0.0,0.0,30.6684,0.0,0.0,,0.0,0.0,0.0,0.0,1.367,0.0,0.0,1237.57,391.600006104,0.0,0.0,0.00153,0.0,208.931,0.0,0.0,0.23424,0.0,375.118,34.2,0.0,28.3177,0.0,0.0,0,16.8478,0.0,1322.14,0.0,4.94907,0.0,0.0,0.0,99.5505,2.54246,0.0,0.0,0.0,5.71984,46.17,17.321,0.0,0.0,3.88688,22.05,0.0,0.0,0.0,0.0,0.0
2023-12-04 21:20:00,6.79659,1367.4,0.0,0.0,4.02,9.95332,0.0,0.0,0.0,0.0,0.0,0.0,0.0,8.79934,0.0,-0.09,0.0,0,2702.92,0.0,0.0,0.0,0.0,0.001526,0.0,0.0,0.0,0.0,0.0,0.0,30.6376,0.0,0.0,,0.0,0.0,0.0,0.0,1.367,0.0,0.0,1230.39,434.390014648,0.0,0.0,0.00153,0.0,214.205,0.0,0.0,0.22419,0.0,351.764,34.2,0.0,30.3392,0.0,0.0,0,12.6876,0.0,1320.4,0.0,0.0,0.0,0.0,0.0,100.151,0.0,0.0,0.0,0.0,0.18692,0.27964,4.4697,0.0,0.0,3.88688,21.98,0.0,0.0,0.0,0.0,0.0
2023-12-04 21:25:00,7.7953,1370.77,0.0,0.0,4.54,9.62259,0.0,0.0,0.0,0.0,0.0,0.0,0.0,12.7997,0.0,-0.04,0.0,0,2707.56,0.0,0.0,0.0,0.0,0.001526,0.0,0.0,0.0,0.0,0.0,0.0,30.5207,0.0,0.0,,0.0,0.0,0.0,0.0,1.367,0.0,0.0,1225.7,406.269989014,0.0,0.0,0.00153,0.0,223.516,0.0,0.0,0.2041,0.0,352.356,34.2,0.0,31.8224,0.0,0.0,0,12.7865,0.0,1320.11,0.0,2.85849,0.0,0.0,0.0,97.0101,0.0,0.0,0.0,0.0,0.50095,0.5518,6.65296,0.0,0.0,3.88688,22.18,0.0,0.0,0.0,0.0,0.0
2023-12-04 21:30:00,7.39581,1367.38,0.0,0.0,5.68,10.5122,0.0,0.0,0.0,0.0,0.0,0.0,0.0,10.3968,0.0,-0.08,0.0,0,2705.49,0.0,0.0,0.0,0.0,0.001526,0.0,0.0,0.0,0.0,0.0,0.0,30.5791,0.0,0.0,,0.0,0.0,0.0,0.0,1.367,0.0,0.0,1219.33,358.320007324,0.0,0.0,0.00153,0.0,228.469,0.0,0.0,0.23424,0.0,348.982,33.9,0.0,34.3273,0.0,0.0,0,13.2406,0.0,1319.91,0.0,0.0,0.0,0.0,0.0,104.817,0.0,0.0,0.0,0.0,0.0,0.0015,0.0,0.0,0.0,3.88688,21.91,0.0,0.0,0.0,0.0,0.0
2023-12-04 21:35:00,4.99573,1365.21,0.0,0.0,7.24,10.5625,0.0,0.0,0.0,0.0,0.0,0.0,0.0,10.6977,0.0,-0.08,0.0,0,2699.31,0.0,0.0,0.0,0.0,0.001526,0.0,0.0,0.0,0.0,0.0,0.0,30.6684,0.0,0.0,,0.0,0.0,0.0,0.0,1.367,0.0,0.0,1220.04,318.609985352,0.0,0.0,0.00153,0.0,228.753,0.0,0.0,0.25433,0.0,350.16,33.9,0.0,33.9428,0.0,0.0,0,14.5772,0.0,1319.16,0.0,3.63291,0.0,0.0,0.0,106.633,0.0,0.0,0.0,0.0,0.0,0.0,0.0,0.0,0.0,3.88688,21.86,0.0,0.0,0.0,0.0,0.0
2023-12-04 21:40:00,2.39895,1367.4,0.0,0.0,8.46,11.8603,0.0,0.0,0.0,0.0,0.0,0.0,0.42908,10.4986,0.0,-0.05,0.0,0,2706.8,0.0,0.0,0.0,0.0,0.001526,0.0,0.0,0.0,0.0,0.0,0.0,30.6684,0.0,0.0,,0.0,0.0,0.0,0.0,1.367,0.0,0.0,1230.73,291.339996338,0.0,0.0,0.00153,0.0,232.497,0.0,0.0,0.23424,0.0,351.468,34.1,0.0,33.1188,0.0,0.0,0,10.1204,0.0,1318.42,0.0,0.0,0.0,0.0,0.0,102.557,0.0,0.0,0.0,0.0,0.25571,0.28263,0.0,0.0,0.0,3.88688,22.32,0.0,0.0,0.0,0.0,0.0
2023-12-04 21:45:00,0.69909,1363.64,0.0,0.0,9.2,11.0899,0.0,0.0,0.0,0.0,0.0,0.0,0.33875,10.4986,0.0,-0.08,0.0,0,2696.5,0.0,0.0,0.0,0.0,0.001526,0.0,0.0,0.0,0.0,0.0,0.0,30.6099,0.0,0.0,,0.0,0.0,0.0,0.0,1.367,0.0,0.0,1219.7,294.619995117,0.0,0.0,0.00153,0.0,238.027,0.0,0.0,0.21414,0.0,346.943,33.7,0.0,34.6899,0.0,0.0,0,6.32822,0.0,1318.79,0.0,0.0,0.0,0.0,0.0,102.169,0.0,0.0,0.0,0.0,0.0,0.0,0.0,0.0,0.0,3.88688,22.01,0.0,0.0,0.0,0.0,0.0
2023-12-04 21:50:00,0.0,1362.28,0.0,0.0,9.89,12.0047,0.0,0.0,0.0,0.0,0.0,0.0,0.10925,9.79942,0.0,-0.07,0.0,0,2697.99,0.0,0.0,0.0,0.0,0.001526,0.0,0.0,0.0,0.0,0.0,0.0,30.6684,0.0,0.0,,0.0,0.0,0.0,0.0,1.367,0.0,0.0,1207.51,252.350006104,0.0,0.0,0.00153,0.0,238.723,0.0,0.0,0.22419,0.0,344.723,33.7,0.0,36.6455,0.0,0.0,0,6.18906,0.0,1318.4,0.0,0.0,0.0,0.0,0.0,100.355,0.0,0.0,0.0,0.0,0.0,0.0,0.0,0.0,0.0,3.88688,22.25,0.0,0.0,0.0,0.0,0.0
2023-12-04 21:55:00,0.0,1355.81,0.0,0.0,9.13,15.3999,0.0,0.0,0.0,0.0,0.0,0.0,0.0,8.99847,0.0,-0.03,0.0,0,2704.14,0.0,0.0,0.0,0.0,0.001526,0.0,0.0,0.0,0.0,0.0,0.0,30.3761,0.0,0.0,,0.0,0.0,0.0,0.0,1.367,0.0,0.0,1204.41,315.369995117,0.0,0.0,0.00153,0.0,240.142,0.0,0.0,0.2041,0.0,351.334,34.0,0.0,36.9311,0.0,0.0,0,5.88144,0.0,1270.69,0.0,0.0,0.0,0.0,0.0,100.899,0.0,0.0,0.0,0.0,0.27066,0.07028,0.0,0.0,0.0,3.88688,22.33,0.0,0.0,0.0,0.0,0.0
2023-12-04 22:00:00,0.0,1351.97,0.0,0.0,11.23,17.6501,0.0,0.0,0.0,0.0,0.0,0.0,0.0,9.99855,0.0,-0.07,0.0,0,2704.39,0.0,0.0,0.0,0.0,0.001526,0.0,0.0,0.0,0.0,0.0,0.0,30.7545,0.0,0.0,,0.0,0.0,0.0,0.0,1.367,0.0,0.0,1198.46,294.220001221,0.0,0.0,0.00153,0.0,245.937,0.0,0.0,0.23424,0.0,347.925,34.0,0.0,38.1616,0.0,0.0,0,6.65049,0.0,1260.66,0.0,0.0,0.0,0.0,0.0,101.933,0.0,0.0,0.0,0.0,0.0,0.01944,0.0,0.0,0.0,3.88688,22.06,0.0,0.0,0.0,0.0,0.0
2023-12-04 22:05:00,0.0,1347.95,0.0,0.0,10.84,17.6627,0.0,0.0,0.0,0.0,0.0,0.0,0.0885,10.8968,0.0,-0.03,0.0,0,2705.97,0.0,0.0,0.0,0.0,0.001526,0.315,0.0,0.0,0.0,0.0,0.0,30.813,0.0,0.0,,0.0,0.0,0.0,0.0,1.367,0.0,0.0,1214.25,139.470001221,0.0,0.0,0.00153,0.0,237.423,0.0,0.0,0.22419,0.0,351.821,34.0,0.0,39.0954,0.0,0.0,0,4.36896,0.0,1310.98,0.0,0.0,0.0,0.0,0.0,105.954,0.0,0.0,0.0,0.0,0.0,0.0,0.0,0.0,0.0,3.88688,22.07,0.0,0.0,0.0,0.0,0.0
2023-12-04 22:10:00,0.0,1364.5,0.0,0.0,7.96,20.1118,0.0,0.0,0.0,0.0,0.0,0.0,0.0,12.397,0.0,-0.04,0.0,0,2710.15,0.0,0.0,0.0,0.0,0.001526,0.0,0.0,0.0,0.0,0.0,0.0,30.4038,0.0,0.0,,0.0,0.0,0.0,0.0,1.367,0.0,0.0,1227.95,147.410003662,0.0,0.0,0.00153,0.0,242.834,0.0,0.0,0.24429,0.0,357.023,34.0,0.0,39.7656,0.0,0.0,0,4.93294,0.0,1320.11,0.0,0.21501,0.0,0.0,0.0,109.298,0.0,0.0,0.0,0.0,1.09612,1.20079,5.82751,0.0,0.0,3.88688,22.34,0.0,0.0,0.0,0.0,0.0
2023-12-04 22:15:00,0.0,1363.67,0.0,0.0,7.06,19.3812,0.0,0.0,0.0,0.0,0.0,0.0,0.0,9.89677,0.0,-0.04,0.0,0,2697.16,0.0,0.0,0.0,0.0,0.001526,0.0,0.0,0.0,0.0,0.0,0.0,30.8714,0.0,0.0,,0.0,0.0,0.0,0.0,1.367,0.0,0.0,1207.27,97.0599975586,0.0,0.0,0.00153,0.0,244.729,0.0,0.0,0.23424,0.0,343.752,33.6,0.0,40.5237,0.0,0.0,0,5.2845,0.0,1315.98,0.0,0.0,0.0,0.0,0.0,118.016,0.0,0.0,0.0,0.0,0.0,0.0,0.01944,0.0,0.0,3.88688,22.1,0.0,0.0,0.0,0.0,0.0
2023-12-04 22:20:00,0.0,1367.18,0.0,0.0,7.11,28.29,0.0,0.0,0.0,0.0,0.0,0.0,0.50843,9.69764,0.0,-0.05,0.0,0,2707.39,0.0,0.0,0.0,0.0,0.001526,0.0,0.0,0.0,0.0,0.0,0.0,30.3761,0.0,0.0,,0.0,0.0,0.0,0.0,1.367,0.0,0.0,1190.52,31.6599998474,0.0,0.0,0.00153,0.0,246.441,0.0,0.0,0.2041,0.0,353.282,33.9,0.0,43.2703,0.0,0.0,0,4.73518,0.0,1316.01,0.0,0.0,0.0,0.0,0.0,118.748,0.0,0.0,0.0,0.0,0.0,0.0,6.6081,0.0,0.0,3.88688,22.17,0.0,0.0,0.0,0.0,0.0
2023-12-04 22:25:00,0.0,1370.97,0.0,0.0,6.69,35.8424,0.0,0.0,0.0,0.0,0.0,0.0,0.42908,8.49844,0.0,-0.04,0.0,0,2713.1,0.0,0.0,0.0,0.0,0.001526,0.0,0.0,0.0,0.0,0.0,0.0,30.3761,0.0,0.0,,0.0,0.0,0.0,0.0,1.367,0.0,0.0,1160.27,78.0,0.0,0.0,0.00153,0.0,249.645,0.0,0.0,0.23424,0.0,352.454,34.2,0.0,45.149,0.0,0.0,0,4.35065,0.0,1323.16,0.0,0.0,0.0,0.0,0.0,113.021,0.0,0.0,0.0,0.0,0.03738,0.0015,0.0015,0.0,0.0,3.88688,22.07,0.0,0.0,0.0,0.0,0.0
2023-12-04 22:30:00,0.0,1355.49,0.0,0.0,5.8,32.4325,0.0,0.0,0.0,0.0,0.0,0.0,0.38697,9.89677,0.0,-0.05,0.0,0,2706.88,0.0,0.0,0.0,0.0,0.001526,0.0,0.0,0.0,0.0,0.0,0.0,30.6376,0.0,0.0,,0.0,0.0,0.0,0.0,1.367,0.0,0.0,1127.21,68.0800018311,0.0,0.0,0.00153,0.0,251.769,0.0,0.0,0.23424,0.0,347.54,33.6,0.0,46.8299,0.0,0.0,0,3.63653,0.0,1320.47,0.0,0.0,0.0,0.0,0.0,114.165,0.0,0.0,0.0,0.0,0.0,0.0,0.0,0.0,0.0,3.88688,22.03,0.0,0.0,0.0,0.0,0.0
2023-12-04 22:35:00,0.0,1370.43,0.0,0.0,4.68,33.9334,0.0,0.0,0.0,0.0,0.0,0.0,0.0,9.29938,0.0,-0.04,0.0,0,2708.76,0.0,0.0,0.0,0.0,0.001526,0.0,0.0,0.0,0.0,0.0,0.0,30.17,0.0,0.0,,0.0,0.0,0.0,0.0,1.367,0.0,0.0,1099.41,107.699996948,0.0,0.0,0.00153,0.0,250.451,0.0,0.0,0.23424,0.0,353.195,33.9,0.0,48.0604,0.0,0.0,0,3.62554,0.0,1318.06,0.0,0.00093,0.0,0.0,0.0,118.763,0.0,0.0,0.0,0.0,0.0,0.0,0.0,0.0,0.0,3.88688,22.13,0.0,0.0,0.0,0.0,0.0
2023-12-04 22:40:00,0.0,1369.31,0.0,0.0,3.63,35.4908,0.0,0.0,0.0,0.0,0.0,0.0,0.59693,10.0959,0.0,-0.06,0.0,0,2709.15,0.0,0.0,0.0,0.0,0.001526,0.0,0.0,0.0,0.16379,0.0,0.0,30.7545,0.0,0.0,,0.0,0.0,0.0,0.0,1.367,0.0,0.0,1097.4,71.3199996948,0.0,0.0,0.00153,0.0,255.825,0.0,0.0,0.2041,0.0,356.251,33.9,0.0,50.7082,0.0,0.0,0,3.8233,0.0,1319.25,0.0,0.0,0.0,0.0,0.0,117.133,0.0,0.0,0.0,0.0,0.07626,0.08225,0.0,0.0,0.0,3.88688,22.31,0.0,0.0,0.0,0.0,0.0
2023-12-04 22:45:00,0.0,1365.57,0.0,0.0,2.31,36.6232,0.0,0.0,0.0,0.0,0.0,0.0,0.21851,11.2995,0.0,-0.07,0.0,0,2710.17,0.0,0.0,0.0,0.0,0.001526,0.0,0.0,0.0,0.2963,0.0,0.0,30.0224,0.0,0.0,,0.0,0.0,0.0,0.0,1.367,0.0,0.0,1097.84,36.9500007629,0.0,0.0,0.00153,0.0,253.436,0.0,0.0,0.21414,0.0,354.75,34.2,0.0,55.4983,0.0,0.0,0,4.44221,0.0,1320.01,0.0,0.0,0.0,0.0,0.0,111.545,0.0,0.0,0.0,0.0,0.0,0.0,0.0,0.0,0.0,3.88688,22.1,0.0,0.0,0.0,0.0,0.0
2023-12-04 22:50:00,0.0,1366.74,0.0,0.0,1.85,36.0727,0.0,0.0,0.0,0.0,0.0,0.0,0.45777,10.0959,0.0,-0.1,0.0,0,2710.95,0.0,0.0,0.0,0.0,0.001526,0.0,0.0,0.0,0.18442,0.0,0.0,30.3146,0.0,0.0,,0.0,0.0,0.0,0.0,1.367,0.0,0.0,1094.99,52.5099983215,0.0,0.0,0.00153,0.0,256.1,0.0,0.0,0.26438,0.0,350.768,34.2,0.0,59.0909,0.0,0.0,0,4.96956,0.0,1321.38,0.0,0.0,0.0,0.0,0.0,102.691,0.0,0.0,0.0,0.0,0.0,0.0,0.0,0.0,0.0,3.88688,22.18,0.0,0.0,0.0,0.0,0.0
2023-12-04 22:55:00,0.0,1367.65,0.0,0.0,1.55,39.1225,0.0,0.0,0.0,0.0,0.0,0.0,0.51575,12.7997,0.0,0.0,0.0,0,2717.77,0.0,0.0,0.0,0.0,0.001526,0.76999,0.0,0.0,0.22092,0.0,0.0,30.813,0.0,0.0,,0.0,0.0,0.0,0.0,1.367,0.0,0.0,1100.9,0.0,0.0,0.0,0.00153,0.0,257.876,0.0,0.0,0.22419,0.0,354.318,34.2,0.0,58.0691,0.0,0.0,0,4.97322,0.0,1320.84,0.0,0.0,0.0,0.0,0.0,106.019,0.0,0.0,0.0,0.0,0.0,0.0,0.0,0.0,0.0,3.88688,22.12,0.0,0.0,0.0,0.0,0.0
2023-12-04 23:00:00,0.0,1356.47,0.0,0.0,0.64,35.3694,0.0,0.0,0.0,0.0,0.0,0.0,0.10925,10.9986,0.0,0.0,0.0,0,2700.41,0.0,0.0,0.0,0.0,0.001526,0.91999,0.0,0.0,0.32724,0.0,0.0,30.6376,0.0,0.0,,0.0,0.0,0.0,0.0,1.367,0.0,0.0,1081.8,1.94000005722,0.0,0.0,0.00153,0.0,255.816,0.0,0.0,0.21414,0.0,341.841,33.5,0.0,59.2117,0.0,0.0,0,4.46784,0.0,1315.91,0.0,0.0,0.0,0.0,0.0,107.65,0.0,0.0,0.0,0.0,0.0,0.0,0.0,0.0,0.0,3.88688,22.01,0.0,0.0,0.0,0.0,0.0
2023-12-04 23:05:00,0.59792,1367.4,0.0,0.0,0.45,40.8222,0.0,0.0,0.0,0.0,0.0,0.0,0.26856,11.6978,0.0,0.0,0.0,0,2716.11,0.0,0.0,0.0,0.0,0.001526,0.58499,0.0,0.0,0.38279,0.0,0.0,30.4346,0.0,0.0,,0.0,0.0,0.0,0.0,1.367,0.0,0.0,1118.65,0.0,0.0,0.0,0.00153,0.0,258.416,0.0,0.0,0.22419,0.0,359.364,34.1,0.0,60.1456,0.0,0.0,0,3.89288,0.0,1268.81,0.0,0.35277,0.0,0.0,0.0,109.402,0.0,0.0,0.0,0.0,2.09503,2.37617,0.94957,0.0,0.0,3.88688,22.18,0.0,0.0,0.0,0.0,0.0
2023-12-04 23:10:00,0.29961,1369.6,0.0,0.0,0.0,40.3596,0.0,0.0,0.0,0.0,0.0,0.0,0.60609,12.4987,0.0,0.0,0.0,0,2714.98,0.0,0.0,0.0,0.0,0.001526,0.36499,0.0,0.0,0.77238,0.0,0.0,30.6961,0.0,0.0,,0.0,0.0,0.0,0.0,1.367,0.0,0.0,1111.98,0.0,0.0,0.0,0.00153,0.0,256.942,0.0,0.0,0.23424,0.0,358.21,34.1,0.0,60.7169,0.0,0.0,0,3.99542,0.0,1310.34,0.0,0.37697,0.0,0.0,0.0,107.97,0.0,0.0,0.0,0.0,0.30655,0.38132,0.55778,0.0,0.0,3.88688,22.12,0.0,0.0,0.0,0.0,0.0
2023-12-04 23:15:00,0.0,1360.35,0.0,0.0,0.0,40.1817,0.0,0.0,0.0,0.0,0.0,0.0,0.71595,12.4987,0.0,0.0,0.0,0,2710.0,0.0,0.0,0.0,0.0,0.001526,0.64999,0.0,0.0,1.06279,0.0,0.0,30.9914,0.0,0.0,,0.0,0.0,0.0,0.0,1.367,0.0,0.0,1096.06,0.0,0.0,0.0,0.00153,0.0,257.153,0.0,0.0,0.22419,0.0,347.144,33.8,0.0,59.7391,0.0,0.0,0,3.79034,0.0,1321.6,0.0,0.18523,0.0,0.0,0.0,118.105,0.0,0.0,0.0,0.0,0.0,11.9915,14.4619,0.0,0.0,3.88688,22.2,0.0,0.0,0.0,0.0,0.0
2023-12-04 23:20:00,0.29961,1366.43,0.0,0.0,0.0,38.8609,0.0,0.0,0.0,0.0,0.0,0.0,1.06447,11.6978,0.0,0.21,0.0,0,2718.11,0.0,0.0,0.0,0.0,0.001526,1.25498,0.0,0.0,1.47539,0.0,0.0,30.6376,0.0,0.0,,0.0,0.0,0.0,0.0,1.367,0.0,0.0,1098.01,0.0,0.0,0.0,0.00153,0.0,252.218,0.0,0.0,0.22419,0.0,354.156,34.1,0.0,58.97,0.0,0.0,0,3.59258,0.0,1316.57,0.0,0.0,0.0,0.0,0.0,121.777,0.0,0.0,0.0,0.0,0.18094,23.5867,24.5348,0.0,0.0,3.88688,22.31,0.0,0.0,0.0,0.0,0.0
2023-12-04 23:25:00,0.59792,1361.15,0.0,0.0,0.0,38.8022,0.0,0.0,0.0,0.0,0.0,0.0,1.64553,9.09583,0.0,0.19,0.0,0,2712.35,0.0,0.0,0.0,0.0,0.001526,2.75496,0.0,0.0,1.36272,0.0,0.0,30.9606,0.0,0.0,,0.0,0.0,0.0,0.0,1.367,0.0,0.0,1097.16,0.0,0.0,0.0,0.00153,0.0,253.811,0.0,0.0,0.22419,0.0,354.316,34.0,0.0,59.0359,0.0,0.0,0,3.77203,0.0,1318.25,0.0,0.00093,0.0,0.0,0.0,118.033,0.0,0.0,0.0,0.0,0.0,11.5608,6.85035,0.0,0.0,3.88688,22.11,0.0,0.0,0.0,0.0,0.0
2023-12-04 23:30:00,0.49935,1356.78,0.0,0.0,0.0,38.5804,0.0,0.0,0.0,0.0,0.0,0.0,1.48562,8.19753,0.0,0.37,0.0,0,2709.9,0.0,0.0,0.0,0.0,0.001526,4.44993,0.0,0.0,1.77533,0.0,0.0,30.2285,0.0,0.0,,0.0,0.0,0.0,0.0,1.367,0.0,0.0,1090.89,0.0,0.0,0.0,0.00153,0.0,252.667,0.0,0.0,0.23424,0.0,345.417,33.6,0.0,61.0794,0.0,0.0,0,4.78096,0.0,1324.77,0.0,0.0,0.0,0.0,0.0,120.576,0.0,0.0,0.0,0.0,0.0,13.4749,2.72908,0.0,0.0,3.88688,21.89,0.0,0.0,0.0,0.0,0.0
2023-12-04 23:35:00,0.89883,1362.79,0.0,0.0,0.0,45.2892,0.0,0.0,0.0,0.0,0.0,0.0,1.34524,8.29931,0.0,0.57,0.0,0,2715.18,0.0,0.0,0.0,0.0,0.001526,5.13992,0.0,0.0,1.88482,0.0,0.0,30.6961,0.0,0.0,,0.0,0.0,0.0,0.0,1.367,0.0,0.0,1110.22,0.0,0.0,0.0,0.00153,0.0,252.428,0.0,0.0,0.19405,0.0,351.303,34.1,0.0,64.1337,0.0,0.0,0,5.73312,0.0,1322.43,0.0,0.0,0.0,0.0,0.0,118.419,0.0,0.0,0.0,0.0,0.13907,3.45882,6.00696,0.0,0.0,3.88688,22.05,0.0,0.0,0.0,0.0,0.0
2023-12-04 23:40:00,0.79767,1358.52,0.0,0.0,0.0,47.0245,0.0,0.0,0.0,0.0,0.0,0.0,0.9546,9.29938,0.0,0.53,0.0,0,2708.95,0.0,0.0,0.0,0.0,0.001526,7.09489,0.0,0.0,1.95306,0.0,0.0,30.4623,0.0,0.0,,0.0,0.0,0.0,0.0,1.367,0.0,0.0,1088.91,0.0,0.0,0.0,0.00153,0.0,246.871,0.0,0.0,0.22419,0.0,345.974,33.8,0.0,67.4626,0.0,0.0,0,5.55367,0.0,1316.45,0.0,0.0,0.0,0.0,0.0,116.121,0.0,0.0,0.0,0.0,0.0,0.0,0.0,0.0,0.0,3.88688,22.07,0.0,0.0,0.0,0.0,0.0
2023-12-04 23:45:00,1.0,1364.77,0.0,0.0,0.0,50.8823,0.0,0.0,0.0,0.0,0.0,0.0,0.75563,10.5959,0.0,0.83,0.0,0,2718.82,0.0,0.0,0.0,0.0,0.001526,8.99486,0.0,0.0,2.07922,0.0,0.0,30.3146,0.0,0.0,,0.0,0.0,0.0,0.0,1.367,0.0,0.0,1098.41,0.0,0.0,0.0,0.00153,0.0,250.14,0.0,0.0,0.21414,0.0,349.158,33.8,0.0,68.5502,0.0,0.0,0,5.33394,0.0,1268.59,0.0,0.0,0.0,0.0,0.0,115.15,0.0,0.0,0.0,0.0,0.0,0.0,1.48492,0.0,0.0,3.88688,22.1,0.0,0.0,0.0,0.0,0.0
2023-12-04 23:50:00,1.29831,1366.38,0.0,0.0,0.0,46.0009,0.0,0.0,0.0,0.0,0.0,1.10018,1.05653,9.09583,0.0,0.87,0.0,0,2714.27,0.0,0.0,0.0,0.0,0.001526,10.6148,0.0,0.0,2.01813,0.0,0.0,30.6099,0.0,0.0,,0.0,0.0,0.0,0.0,1.367,0.0,0.0,1098.23,0.0,0.0,0.0,0.00153,0.0,250.982,0.0,0.0,0.23424,0.0,348.645,33.6,0.0,68.77,0.0,0.0,0,5.18746,0.0,1240.47,0.0,0.04189,0.0,0.0,0.0,113.536,0.0,0.0,0.0,0.0,0.0,0.02841,0.19889,0.0,0.0,3.88688,22.1,0.0,0.0,0.0,0.0,0.0
2023-12-04 23:55:00,0.79767,1360.52,0.0,0.0,0.0,45.1531,0.0,0.0,0.0,0.0,0.0,1.75555,1.56497,9.1976,0.0,0.62,0.0,0,2710.54,0.0,0.0,0.0,0.0,0.001526,10.7248,0.0,0.0,2.49659,0.0,0.0,30.5207,0.0,0.0,,0.0,0.0,0.0,0.0,1.367,0.0,0.0,1094.79,0.0,0.0,0.0,0.00153,0.0,248.592,0.0,0.0,0.2041,0.0,346.477,33.9,0.0,67.8581,0.0,0.0,0,4.82856,0.0,1198.6,0.0,0.0,0.0,0.0,0.0,110.423,0.0,0.0,0.0,0.0,0.0,1.44005,0.52189,0.0,0.0,3.88688,22.22,0.0,0.0,0.0,0.0,0.0
2023-12-05 00:00:00,0.89883,1353.51,0.0,0.0,0.0,42.8317,0.0,0.0,0.0,0.0,0.0,2.43992,1.65408,9.79942,0.0,0.52,0.0,0,2702.53,0.0,0.0,0.0,0.0,0.001526,10.8248,0.0,0.0,2.31012,0.0,0.0,30.6376,0.0,0.0,,0.0,0.0,0.0,0.0,1.367,0.0,0.0,1100.65,0.0,0.0,0.0,0.00153,0.0,244.72,0.0,0.0,0.24429,0.0,349.781,33.9,0.0,64.8917,0.0,0.0,0,4.66377,0.0,1204.07,0.0,0.02327,0.0,0.0,0.0,110.543,0.0,0.0,0.0,0.0,0.0,0.0,0.12412,0.0,0.0,3.88688,22.3,0.0,0.0,0.0,0.0,0.0
2023-12-05 00:05:00,1.19974,1371.63,0.0,0.0,0.0,43.219,0.0,0.0,0.0,0.0,0.0,2.83131,1.64553,11.6978,0.0,0.47,0.0,0,2670.96,0.0,0.0,0.0,0.0,0.001526,11.5448,0.0,0.0,2.1189,0.0,0.0,30.8437,0.0,0.0,,0.0,0.0,0.0,0.0,1.367,0.0,0.0,1086.91,0.0,0.0,0.0,0.00153,0.0,243.676,0.0,0.0,0.26438,0.0,350.72,34.0,0.0,64.0568,0.0,0.0,0,7.01122,0.0,1198.67,0.0,0.12007,0.0,0.0,0.0,110.17,0.0,0.0,0.0,0.0,0.0,0.23478,0.12412,0.0,0.0,3.88688,22.13,0.0,0.0,0.0,0.0,0.0
2023-12-05 00:10:00,1.0,1370.11,0.0,0.0,0.0,44.2216,0.0,0.0,0.0,0.0,0.0,3.23262,1.30495,12.2996,0.0,0.83,0.0,0,2642.37,0.0,0.0,0.0,0.0,0.001526,10.0449,0.0,0.0,2.5323,0.0,0.0,30.7853,0.0,0.0,,0.0,0.0,0.0,0.0,1.367,0.0,0.0,1073.58,0.0,0.0,0.0,0.00153,0.0,241.808,0.0,0.0,0.24429,0.0,348.801,33.9,0.0,63.837,0.0,0.0,0,7.66308,0.0,1201.21,0.0,0.0,0.0,0.0,0.0,107.272,0.0,0.0,0.0,0.0,0.0,0.08524,0.0314,0.0,0.0,3.88688,22.05,0.0,0.0,0.0,0.0,0.0
2023-12-05 00:15:00,1.5977,1359.08,0.0,0.0,0.0,40.5794,0.0,0.0,0.0,0.0,0.0,3.65072,0.99672,12.9988,0.0,1.06,0.0,0,2617.89,0.0,0.0,0.0,0.0,0.001526,9.71485,0.0,0.0,3.27895,0.0,0.0,30.4038,0.0,0.0,,0.0,0.0,0.0,0.0,1.367,0.0,0.0,1054.34,0.0,0.0,0.0,0.00153,0.0,239.821,0.0,0.0,0.2041,0.0,347.699,33.9,0.0,63.3866,0.0,0.0,0,8.53834,0.0,1203.63,0.0,0.0,0.0,0.0,0.0,107.273,0.0,0.0,0.0,0.0,0.0,0.0015,0.0,0.0,0.0,3.88688,22.07,0.0,1.62243,0.0,0.0,0.0
2023-12-05 00:20:00,0.89883,1357.91,0.0,0.0,0.0,47.0433,0.0,0.0,0.0,0.0,0.0,4.4152,0.84535,13.698,0.0,1.31,0.0,0,2607.07,0.0,0.0,0.0,0.0,0.001526,9.88485,0.0,0.0,3.56777,0.0,0.0,30.3146,0.0,0.0,,0.0,0.0,0.0,0.0,1.367,0.0,0.0,1041.4,0.0,0.0,0.0,0.00153,0.0,235.051,0.0,0.0,0.23424,0.0,352.887,34.1,0.0,62.6175,0.0,0.0,0,9.57107,0.0,1198.86,0.0,0.12566,0.0,0.0,0.0,111.593,0.0,0.0,0.0,0.0,0.10019,0.0015,0.01047,0.0,0.0,3.88688,22.11,0.0,1.71307,0.0,0.0,0.0
2023-12-05 00:25:00,0.49935,1346.65,0.0,0.0,0.0,47.2317,0.0,0.0,0.0,0.0,0.0,4.42817,1.12612,15.0963,0.0,1.24,0.0,0,2563.69,0.0,0.0,0.0,0.0,0.001526,11.1148,0.0,0.0,3.44399,0.0,0.0,30.7853,0.0,0.0,,0.0,0.0,0.0,0.0,1.367,0.0,0.0,1037.76,0.0,0.0,0.0,0.00153,0.0,233.935,0.0,0.0,0.22419,0.0,356.2,34.1,0.0,60.7059,0.0,0.0,0,9.88968,0.0,1200.45,0.0,0.0,0.0,0.0,0.0,107.318,0.0,0.0,0.0,0.0,0.0,0.0,0.0015,0.0,0.0,3.88688,22.08,0.0,1.4049,0.0,0.0,0.0
2023-12-05 00:30:00,0.89883,1357.78,0.0,0.0,0.0,47.3322,0.0,0.0,0.0,0.0,0.0,5.11864,1.21706,15.2998,0.0,1.38,0.0,0,2583.66,0.0,0.0,0.0,0.0,0.001526,12.1548,0.0,0.0,3.3099,0.0,0.0,30.5515,0.0,0.0,,0.0,0.0,0.0,0.0,1.367,0.0,0.0,1011.64,0.0,0.0,0.0,0.00153,0.0,233.101,0.0,0.0,0.22419,0.0,351.374,34.1,0.0,61.5628,0.0,0.0,0,10.2559,0.0,1204.38,0.0,0.0,0.0,0.0,0.0,108.68,0.0,0.0,0.0,0.0,0.0,0.0015,0.0,0.0,0.0,3.88688,22.17,0.0,0.0,0.0,0.0,0.0
2023-12-05 00:35:00,0.89883,1361.08,0.0,0.0,0.0,49.1324,0.0,0.0,0.0,0.0,0.0,4.67613,1.63638,14.4989,0.0,1.74,0.0,0,2574.09,0.0,0.0,0.0,0.0,0.001526,12.7348,0.0,0.0,3.17421,0.0,0.0,30.9329,0.0,0.0,,0.0,0.0,0.0,0.0,1.367,0.0,0.0,1007.97,0.0,0.0,0.0,0.00153,0.0,232.543,0.0,0.0,0.25433,0.0,351.248,34.0,0.0,64.5402,0.0,0.0,0,9.40993,0.0,1198.94,0.0,0.0363,0.0,0.0,0.0,114.935,0.0,0.0,0.0,0.0,0.18692,0.0,0.0,0.0,0.0,3.88688,22.32,0.0,0.0,0.0,0.0,0.0
2023-12-05 00:40:00,1.0,1350.48,0.0,0.0,0.0,49.1637,0.0,0.0,0.0,0.0,0.0,3.74762,2.10636,14.8972,0.0,2.31,0.0,0,2556.85,0.0,0.0,0.0,0.0,0.001526,12.3748,0.0,0.0,2.84096,0.0,0.0,30.6684,0.0,0.0,,0.0,0.0,0.0,0.0,1.367,0.0,0.0,1011.29,0.0,0.0,0.0,0.00153,0.0,233.404,0.0,0.0,0.22419,0.0,353.281,34.1,0.0,67.4406,0.0,0.0,0,9.67727,0.0,1198.23,0.0,0.0,0.0,0.0,0.0,112.267,0.0,0.0,0.0,0.0,0.0,0.14505,0.0,0.0,0.0,3.88688,22.31,0.0,0.0,0.0,0.0,0.0
2023-12-05 00:45:00,0.59792,1313.55,0.0,0.0,0.0,51.9812,0.0,0.0,0.0,0.0,0.0,3.77966,2.12589,12.9988,0.0,2.15,0.0,0,2542.98,0.0,0.0,0.0,0.0,0.001526,11.8348,0.0,0.0,3.18532,0.0,0.0,30.4038,0.0,0.0,,0.0,0.0,0.0,0.0,1.367,0.0,0.0,1001.99,0.0,0.0,0.0,0.00153,0.0,233.147,0.0,0.0,0.26438,0.0,342.523,33.8,0.0,72.2857,0.0,0.0,0,11.0066,0.0,1202.21,0.0,0.0,0.0,0.0,0.0,110.857,0.0,0.0,0.0,0.0,0.0,0.0,0.0015,0.0,0.0,3.88688,22.29,0.0,0.0,0.0,0.0,0.0
2023-12-05 00:50:00,0.0,1284.17,0.0,0.0,0.0,55.142,0.0,0.0,0.0,0.0,0.0,3.2929,2.37613,11.6978,0.0,1.84,0.0,0,2509.88,0.0,0.0,0.0,0.0,0.001526,13.0348,0.0,0.0,3.22817,0.0,0.0,30.5207,0.0,0.0,,0.0,0.0,0.0,0.0,1.367,0.0,0.0,982.461,0.0,0.0,0.0,0.00153,0.0,233.944,0.0,0.0,0.21414,0.0,345.776,33.8,0.0,84.4257,0.0,0.0,0,12.0247,0.0,1143.61,0.0,0.0,0.0,0.7339,0.0,106.192,0.0,0.0,0.0,0.0,0.0,0.06131,0.0015,0.0,0.0,3.88688,22.03,0.0,0.0,0.0,0.0,0.0
2023-12-05 00:55:00,0.0,1266.11,0.0,0.0,1.42,57.1808,0.0,0.0,0.0,0.0,0.0,3.69421,3.33623,11.6978,0.0,1.9,0.0,0,2502.5,0.0,0.0,0.0,0.0,0.001526,13.3948,0.0,0.0,3.92245,0.0,0.0,30.6684,0.0,0.0,,0.0,0.0,0.0,0.0,1.367,0.0,0.0,993.57,0.0,0.0,0.0,0.00153,0.0,232.241,0.0,0.0,0.23424,0.0,348.448,33.8,0.0,92.4129,0.0,0.0,0,10.7869,0.0,1098.01,0.0,0.15172,0.0,0.83937,0.0,102.63,0.0,0.0,0.0,0.0,1.20977,0.0,0.0,0.0,0.0,3.88688,22.5,0.0,0.0,0.0,0.0,0.0
2023-12-05 01:00:00,0.0,1241.13,0.0,0.0,4.18,56.5026,0.0,0.0,0.0,0.0,0.0,3.85443,3.96429,9.39673,0.0,2.21,0.0,0,2505.24,0.0,0.0,0.0,0.0,0.001526,13.2648,0.0,0.0,4.46915,0.0,0.0,30.2285,0.0,0.0,,0.0,0.0,0.0,0.0,1.367,0.0,0.0,979.556,0.0,0.0,0.0,0.00153,0.0,231.939,0.0,0.0,0.2041,0.0,353.7,34.1,0.0,89.3806,0.0,0.0,0,10.8272,0.0,1038.24,0.0,0.08843,0.0,1.41067,0.0,100.201,0.0,0.0,0.0,0.0,0.20786,0.09122,0.0015,0.0,0.0,3.88688,22.18,0.0,0.0,0.0,0.0,0.0
2023-12-05 01:05:00,0.0,1272.65,0.0,0.0,6.84,54.1394,0.0,0.0,0.0,0.0,0.0,3.64157,3.87396,8.29931,0.0,2.37,0.0,0,2527.53,0.0,0.0,0.0,0.0,0.001526,13.8548,0.0,0.0,4.60087,0.0,0.0,30.17,0.0,0.0,,0.0,0.0,0.0,0.0,1.367,0.0,0.0,962.564,0.0,0.0,0.0,0.00153,0.0,230.291,0.0,0.0,0.26438,0.0,352.06,34.0,0.0,93.4127,0.0,0.0,0,9.45388,0.0,1091.49,0.0,0.01955,0.0,2.41263,0.0,94.8385,0.0,0.0,0.0,0.0,0.0,0.0,0.0,0.0,0.0,3.88688,22.1,0.0,0.0,0.0,0.0,0.0
2023-12-05 01:10:00,0.0,1307.83,0.0,0.0,10.27,50.6416,0.0,0.0,0.0,0.0,0.0,2.62455,3.46563,6.89654,0.0,2.77,0.0,0,2544.3,0.0,0.0,0.0,0.0,0.001526,14.5948,0.0,0.0,5.79504,0.0,0.0,30.5515,0.0,0.0,,0.0,0.0,0.0,0.0,0.0,0.0,0.0,929.091,0.0,0.0,0.0,0.00153,0.0,228.478,0.0,0.0,0.2041,0.0,347.237,34.0,0.0,97.4777,0.0,0.0,0,9.5967,0.0,1142.34,0.0,0.0,0.0,4.065,0.0,94.8812,0.0,0.0,0.0,0.0,0.0,0.11814,0.05533,0.0,0.0,3.88688,22.32,0.0,0.0,0.0,0.0,0.0
2023-12-05 01:15:00,0.0,1332.17,0.0,0.0,11.36,55.1525,0.0,0.0,0.0,0.0,0.0,2.01343,3.87579,7.19745,0.0,2.51,0.0,0,2530.6,0.0,0.0,0.0,0.0,0.001526,15.4848,0.0,0.0,5.55462,0.0,0.0,30.813,0.0,0.0,,0.0,0.0,0.0,0.0,0.0,0.0,0.0,902.87,0.0,0.0,0.0,0.00153,0.0,217.501,0.0,0.0,0.22419,0.0,354.137,34.0,0.0,95.7088,0.0,0.0,0,10.0911,0.0,1196.33,0.0,0.00093,0.0,3.93317,0.0,92.3958,0.0,0.0,0.0,0.0,0.0,0.0,0.03738,0.0,0.0,3.88688,22.35,0.0,0.0,0.0,0.0,0.0
2023-12-05 01:20:00,0.69909,1351.39,0.0,0.0,10.66,57.7104,0.0,0.0,0.0,0.0,0.0,3.41192,5.30343,6.79919,0.0,2.49,0.0,0,2527.24,0.0,0.0,0.0,0.0,0.001526,16.9847,0.0,0.0,5.1444,0.0,0.0,30.3454,0.0,0.0,,0.0,0.0,0.0,0.0,0.0,0.0,0.0,871.644,0.0,0.0,0.0,0.00153,0.0,217.986,0.0,0.0,0.22419,0.0,355.356,34.0,0.0,95.6649,0.0,0.0,0,9.80911,0.0,1203.77,0.0,0.09215,0.0,3.17729,0.0,88.0073,0.0,0.0,0.0,0.0,0.0015,0.0015,0.0,0.0,0.0,3.88688,22.26,0.0,0.0,0.0,0.0,0.0
2023-12-05 01:25:00,0.0,1353.54,0.0,0.0,11.82,55.6904,0.0,0.0,0.0,0.0,0.0,2.01267,5.20516,6.69741,0.0,2.58,0.0,0,2524.01,0.0,0.0,0.0,0.0,0.001526,16.3148,0.0,0.0,4.61912,0.0,0.0,30.6684,0.0,0.0,,0.0,0.0,0.0,0.0,0.0,0.0,0.0,842.103,0.0,0.0,0.0,0.00153,0.0,214.69,0.0,0.0,0.23424,0.0,352.325,33.7,0.0,98.6972,0.0,0.0,0,9.96658,0.0,1202.84,0.0,0.04933,0.0,2.42142,0.0,84.4306,0.0,0.0,0.0,0.0,0.0015,0.23478,0.0015,0.0,0.0,3.88688,22.24,0.0,0.0,0.0,0.0,0.0
2023-12-05 01:30:00,0.0,1363.35,0.0,0.0,14.39,55.2613,0.0,0.0,0.0,0.0,0.0,0.72404,4.9543,6.39651,0.0,2.19,0.0,0,2532.36,0.0,0.0,0.0,0.0,0.001526,15.8848,0.0,0.0,4.67466,0.0,0.0,30.813,0.0,0.0,,0.0,0.0,0.0,0.0,0.0,0.0,0.0,817.786,0.0,0.0,0.0,0.00153,0.0,215.367,0.0,0.0,0.22419,0.0,354.94,34.0,0.0,100.202,0.0,0.0,0,10.179,0.0,1201.62,0.0,0.07912,0.0,1.60403,0.0,82.995,0.0,0.0,0.0,0.0,1.49688,0.0,0.0,0.0,0.0,3.88688,22.23,0.0,0.0,0.0,0.0,0.0
2023-12-05 01:35:00,0.0,1369.63,0.0,0.0,15.37,53.0111,0.0,0.0,0.0,0.0,0.0,0.27161,4.71382,4.99817,0.0,2.03,0.0,0,2506.31,0.0,0.0,0.0,0.0,0.001526,16.3248,0.0,0.0,4.25968,0.0,0.0,30.5791,0.0,0.0,,0.0,0.0,0.0,0.0,0.0,0.0,0.0,787.024,0.0,0.0,0.0,0.00153,0.0,214.809,0.0,0.0,0.19405,0.0,350.805,34.0,0.0,102.444,0.0,0.0,0,10.9224,0.0,1235.51,0.0,0.0,0.0,1.29641,0.0,76.1419,0.0,0.0,0.0,0.0,0.0,0.16599,0.0,0.0,0.0,3.88688,22.07,0.0,0.0,0.0,0.0,0.0
2023-12-05 01:40:00,0.0,1366.11,0.0,0.0,20.69,51.9226,0.0,0.0,0.0,0.0,0.0,0.35096,4.47333,2.99802,0.0,1.59,0.0,0,2483.22,0.0,0.0,0.0,0.0,0.001526,16.4748,0.0,0.0,4.68022,0.0,0.0,30.2869,0.0,0.0,,0.0,0.0,0.0,0.0,0.0,0.0,0.0,766.906,0.0,0.0,0.0,0.00153,0.0,209.197,0.0,0.0,0.24429,0.0,345.858,33.7,0.0,103.026,0.0,0.0,0,11.5669,0.0,1222.38,0.0,0.0,0.0,1.33156,0.0,72.4614,0.0,0.0,0.0,0.0,0.24076,0.04038,0.01944,0.0,0.0,3.88688,22.44,0.0,0.0,0.0,0.0,0.0
2023-12-05 01:45:00,0.0,1357.0,0.0,0.0,24.08,49.5426,0.0,0.0,0.0,0.0,0.0,2.15229,4.70283,2.59976,0.0,1.79,0.0,0,2468.25,0.0,0.0,0.0,0.0,0.001526,15.7248,0.0,0.0,4.10336,0.0,0.0,30.3454,0.0,0.0,,0.0,0.0,0.0,0.0,0.0,0.0,0.0,757.067,0.0,0.0,0.0,0.00153,0.0,206.688,0.0,0.0,0.23424,0.0,350.826,34.0,0.0,102.971,0.0,0.0,0,10.2559,0.0,1205.53,0.0,0.10704,0.0,1.17336,0.0,76.1529,0.0,0.0,0.0,0.0,0.0,0.0,0.0,0.0,0.0,3.88688,22.19,0.0,0.0,0.0,0.0,0.0
2023-12-05 01:50:00,0.0,1363.11,0.0,0.0,30.77,48.0208,0.0,0.0,0.0,0.0,0.0,2.89845,4.2536,2.59976,0.0,1.61,0.0,0,2448.01,0.0,0.0,0.0,0.0,0.001526,16.1548,0.0,0.0,3.58126,0.0,0.0,30.2561,0.0,0.0,,0.0,0.0,0.0,0.0,0.0,0.0,0.0,739.757,0.0,0.0,0.0,0.00153,0.0,208.702,0.0,0.0,0.23424,0.0,345.467,33.7,0.0,102.488,0.0,0.0,0,9.83841,0.0,1197.84,0.0,0.0,0.0,1.16457,0.0,75.7354,0.0,0.0,0.0,0.0,0.07028,0.0,0.0,0.0,0.0,3.88688,22.43,0.0,0.0,0.0,0.0,0.0
2023-12-05 01:55:00,0.0,1354.68,0.0,0.0,31.72,51.6128,0.0,0.0,0.0,0.0,0.0,3.18227,3.90509,2.29885,0.0,2.07,0.0,0,2424.96,0.0,0.0,0.0,0.0,0.001526,15.2248,0.0,0.0,4.63261,0.0,0.0,30.3146,0.0,0.0,,0.0,0.0,0.0,0.0,0.0,0.0,0.0,726.622,0.0,0.0,0.0,0.00153,0.0,207.173,0.0,0.0,0.22419,0.0,348.557,34.0,0.0,101.85,0.0,0.0,0,10.5232,0.0,1198.4,0.0,0.00093,0.0,1.64797,0.0,69.9931,0.0,0.0,0.0,0.0,0.12711,0.18991,0.09122,0.0,0.0,3.88688,22.37,0.0,0.0,0.0,0.0,0.0
2023-12-05 02:00:00,0.0,1339.67,0.0,0.0,36.4,48.3411,0.0,0.0,0.0,0.0,0.0,3.80407,4.10468,2.3962,0.0,2.17,0.0,0,2402.16,0.0,0.0,0.0,0.0,0.001526,13.7848,0.0,0.0,4.77385,0.0,0.0,30.4038,0.0,0.0,,0.0,0.0,0.0,0.0,0.0,0.0,0.0,720.104,0.0,0.0,0.0,0.00153,0.0,204.811,0.0,0.0,0.22419,0.0,352.263,34.0,0.0,104.004,0.0,0.0,0,10.8711,0.0,1199.79,0.0,0.0,0.0,1.50735,0.0,67.6176,0.0,0.0,0.0,0.0,0.0,0.0,0.0015,0.0,0.0,3.88688,22.07,0.0,0.0,0.0,0.0,0.0
2023-12-05 02:05:00,0.0,1303.85,0.0,0.0,43.24,49.6515,0.0,0.0,0.0,0.0,0.0,4.43732,4.43427,2.59976,0.0,2.39,0.0,0,2367.69,0.0,0.0,0.0,0.0,0.001526,12.6148,0.0,0.0,5.06743,0.0,0.0,30.7268,0.0,0.0,,0.0,0.0,0.0,0.0,0.0,0.0,0.0,688.804,0.0,0.0,0.0,0.00153,0.0,199.373,0.0,0.0,0.23424,0.0,344.586,33.9,0.0,106.684,0.0,0.0,0,10.5525,0.0,1201.55,0.0,0.0,0.0,1.1382,0.0,65.9049,0.0,0.0,0.0,0.0,0.0,0.11814,0.10019,0.0,0.0,3.88688,22.21,0.0,0.0,0.0,0.0,0.0
2023-12-05 02:10:00,0.0,1291.52,0.0,0.0,47.64,52.8018,0.0,0.0,0.0,0.0,0.0,4.25803,3.78485,2.49798,0.0,2.65,0.0,0,2367.96,0.0,0.0,0.0,0.0,0.001526,13.0948,0.0,0.0,5.18328,0.0,0.0,30.9914,0.0,0.0,,0.0,0.0,0.0,0.0,0.0,0.0,0.0,707.433,0.0,0.0,0.0,0.00153,0.0,192.525,0.0,0.0,0.21414,0.0,354.452,33.8,0.0,104.751,0.0,0.0,0,10.8528,0.0,1201.23,0.0,0.0,0.0,0.84816,0.0,67.6652,0.0,0.0,0.0,0.0,0.0015,0.0,0.0015,0.0,0.0,3.88688,22.25,0.0,0.0,0.0,0.0,0.0
2023-12-05 02:15:00,0.0,1266.69,0.0,0.0,51.72,54.5224,0.0,0.0,0.0,0.0,0.0,3.72931,4.88472,2.59976,0.0,3.14,0.0,0,2336.58,0.0,0.0,0.0,0.0,0.001526,14.2548,0.0,0.0,5.23247,0.0,0.0,30.4346,0.0,0.0,,0.0,0.0,0.0,0.0,0.0,0.0,0.0,703.062,0.0,0.0,0.0,0.00153,0.0,194.502,0.0,0.0,0.22419,0.0,349.964,34.1,0.0,105.069,0.0,0.0,0,11.4314,0.0,1195.91,0.0,0.03816,0.0,0.0,0.0,61.0794,0.0,0.0,0.0,0.0,0.0,0.0,0.02841,0.0,0.0,3.88688,22.31,0.0,0.0,0.0,0.0,0.0
2023-12-05 02:20:00,0.0,1255.1,0.0,0.0,49.26,54.6396,0.0,0.0,0.0,0.0,0.0,3.19295,5.43404,3.79896,0.0,3.07,0.0,0,2341.27,0.0,0.0,0.0,0.0,0.001526,14.8648,0.0,0.0,5.25628,0.0,0.0,30.8437,0.0,0.0,,0.0,0.0,0.0,0.0,0.0,0.0,0.0,709.752,0.0,0.0,0.0,0.00153,0.0,186.015,0.0,0.0,0.23424,0.0,354.562,33.8,0.0,106.717,0.0,0.0,0,12.9696,0.0,1201.11,0.0,0.0,0.0,0.0,0.0,60.9427,0.0,0.0,0.0,0.0,0.12412,0.0972,0.0,0.0,0.0,3.88688,22.5,0.0,0.0,0.0,0.0,0.0
2023-12-05 02:25:00,0.0,1232.49,0.0,0.0,48.06,55.7219,0.0,0.0,0.0,0.0,0.0,2.03861,4.98482,4.39635,0.0,2.69,0.0,0,2329.82,0.0,0.0,0.0,0.0,0.001526,14.9348,0.0,0.0,5.37609,0.0,0.0,30.5515,0.0,0.0,,0.0,0.0,0.0,0.0,0.0,0.0,0.0,698.033,0.0,0.0,0.0,0.00153,0.0,178.48,0.0,0.0,0.22419,0.0,347.618,34.0,0.0,108.135,0.0,0.0,0,11.0286,0.0,1202.23,0.0,0.03258,0.0,0.82179,0.0,57.3098,0.0,0.0,0.0,0.0,0.0,0.0,0.0,0.0,0.0,3.88688,22.38,0.0,0.0,0.0,0.0,0.0
2023-12-05 02:30:00,0.0,1222.36,0.0,0.0,49.61,54.3424,0.0,0.0,0.0,0.0,0.0,0.1503,5.17403,3.49805,0.0,2.34,0.0,0,2339.27,0.0,0.0,0.0,0.0,0.001526,14.7448,0.0,0.0,6.07196,0.0,0.0,31.0775,0.0,0.0,,0.0,0.0,0.0,0.0,0.0,0.0,0.0,717.882,0.0,0.0,0.0,0.00153,0.0,172.117,0.0,0.0,0.2041,0.0,357.059,34.0,0.0,107.728,0.0,0.0,0,11.4717,0.0,1197.79,0.0,2.475,0.0,1.49856,0.0,53.9846,0.0,0.0,0.0,0.0,0.22879,0.02243,0.0,0.0,0.0,3.88688,22.08,0.0,0.0,0.0,0.0,0.0
2023-12-05 02:35:00,0.0,1236.08,0.0,0.0,51.19,53.323,0.0,0.0,0.0,0.0,0.0,0.11215,6.03464,2.49798,0.0,1.8,0.0,0,2307.97,0.0,0.0,0.0,0.0,0.001526,15.6248,0.0,0.0,6.50758,0.0,0.0,30.5791,0.0,0.0,,0.0,0.0,0.0,0.0,0.0,0.0,0.0,691.514,0.0,0.0,0.0,0.00153,0.0,174.974,0.0,0.0,0.24429,0.0,347.771,34.0,0.0,109.42,0.0,0.0,0,11.8929,0.0,1199.96,0.0,0.0,0.0,2.1929,0.0,53.4975,0.0,0.0,0.0,0.0,0.0,0.0,0.0,0.0,0.0,3.88688,22.13,0.0,0.0,0.0,0.0,0.0
2023-12-05 02:40:00,0.0,1233.44,0.0,0.0,56.7,57.7627,0.0,0.0,0.0,0.0,0.0,0.0,5.55489,2.79889,0.0,1.39,0.0,0,2293.83,0.0,0.0,0.0,0.0,0.001526,17.0547,0.0,0.0,7.45339,0.0,0.0,30.4346,0.0,0.0,,0.0,0.0,0.0,0.0,0.0,0.0,0.0,718.517,0.0,0.0,0.0,0.00153,0.0,173.994,0.0,0.0,0.22419,0.0,354.727,34.0,0.0,111.485,0.0,0.0,0,13.8265,0.0,1200.77,0.0,0.0121,0.0,2.27201,0.0,46.62,0.0,0.0,0.0,0.0,0.79106,0.02542,0.01645,0.0,0.0,3.88688,22.22,0.0,0.0,0.0,0.0,0.0
2023-12-05 02:45:00,0.0,1238.47,0.0,0.0,57.53,55.77,0.0,0.0,0.0,0.0,0.0,0.31968,6.13352,3.09979,0.0,1.17,0.0,0,2257.58,0.0,0.0,0.0,0.0,0.001526,19.8847,0.0,0.56178,7.36294,0.0,0.0,31.0498,0.0,0.0,,0.0,0.0,0.0,0.0,0.0,0.0,0.0,690.806,0.0,0.0,0.0,0.00153,0.0,170.249,0.0,0.0,0.22419,0.0,345.707,34.0,0.0,110.101,0.0,0.0,0,13.4749,0.0,1230.09,0.0,1.97237,0.0,1.89407,0.0,46.7677,0.0,0.0,0.0,0.0,0.0,0.02243,0.11814,0.0,0.0,3.88688,22.19,0.0,0.0,0.0,0.0,0.0
2023-12-05 02:50:00,0.59792,1233.66,0.0,0.0,55.59,59.0229,0.0,0.0,0.0,0.0,0.0,2.99763,7.57397,3.19715,0.0,1.59,0.0,0,2268.61,0.0,0.0,0.0,0.0,0.001526,19.8547,0.0,0.47291,7.80014,0.0,0.0,30.5515,0.0,0.0,,0.0,0.0,0.0,0.0,0.0,0.0,0.0,718.029,0.0,0.0,0.0,0.00153,0.0,165.782,0.0,0.0,0.22419,0.0,353.401,34.0,0.0,109.398,0.0,0.0,0,14.4051,0.0,1194.52,0.0,0.06981,0.0,2.00833,0.0,44.513,0.0,0.0,0.0,0.0,0.69535,0.04636,0.0,0.0,0.0,3.88688,22.37,0.0,0.0,0.0,0.0,0.0
2023-12-05 02:55:00,0.0,1244.84,0.0,0.0,56.5,59.722,0.0,0.0,0.0,0.0,0.0,6.69947,8.42359,2.3962,0.0,3.33,0.0,0,2262.14,0.0,0.0,0.0,0.0,0.001526,18.9847,0.0,3.50396,9.33709,0.0,0.0,30.3454,0.0,0.0,,0.0,0.0,0.0,0.0,0.0,0.0,0.0,706.505,0.0,0.0,0.0,0.00153,0.0,164.152,0.0,0.0,0.25433,0.0,347.595,34.0,0.0,111.211,0.0,0.0,0,16.2838,0.0,1200.21,0.0,0.0,0.0,2.23685,0.0,42.5489,0.0,0.0,0.0,0.0,0.0,0.0,0.0,0.0,0.0,3.88688,22.37,0.0,0.0,0.0,0.0,0.0
2023-12-05 03:00:00,0.0,1237.54,0.0,0.0,53.75,59.6508,0.0,0.0,0.0,0.0,0.0,9.15999,8.27344,1.89616,0.0,4.75,0.0,0,2265.29,0.0,0.0,0.0,0.0,0.001526,20.1247,0.0,3.78326,10.786,0.0,0.0,30.6376,0.0,0.0,,0.0,0.0,0.0,0.0,0.0,0.0,0.0,712.731,0.0,0.0,0.0,0.00153,0.0,162.229,0.0,0.0,0.23424,0.0,353.25,34.0,0.0,109.244,0.0,0.0,0,16.5109,0.0,1197.84,0.0,0.0,0.0,3.80133,0.0,42.3877,0.0,0.0,0.0,0.0,0.0,0.11215,0.0,0.0,0.0,3.88688,22.19,0.0,0.0,0.0,0.0,0.0
2023-12-05 03:05:00,0.0,1242.38,0.0,0.0,58.35,57.5513,0.0,0.0,0.0,0.0,0.0,11.9371,7.88403,2.19707,0.0,5.12,0.0,0,2266.66,0.0,0.0,0.0,0.0,0.001526,21.8747,0.0,2.9771,11.0565,0.0,0.0,30.9914,0.0,0.0,,0.0,0.0,0.0,0.0,0.0,0.0,0.0,709.557,0.0,0.0,0.0,0.00153,0.0,156.516,0.0,0.0,0.22419,0.0,351.135,34.0,0.0,112.331,0.0,0.0,0,18.6239,0.0,1202.8,0.0,0.0,0.0,5.33944,0.0,41.6748,0.0,0.0,0.0,0.0,0.3245,0.08225,0.0015,0.0,0.0,3.88688,22.49,0.0,0.0,0.0,0.0,0.0
2023-12-05 03:10:00,0.0,1242.21,0.0,0.0,59.15,56.0023,0.0,0.0,0.0,0.0,0.0,13.9391,7.11376,2.3962,0.0,5.34,0.0,0,2259.19,0.0,0.0,0.0,0.0,0.001526,23.4446,0.0,2.72001,11.9579,0.0,0.0,30.8437,0.0,0.0,,0.0,0.0,0.0,0.0,0.0,0.0,0.0,702.452,0.0,0.0,0.0,0.00153,0.0,147.938,0.0,0.0,0.2041,0.0,347.283,33.4,0.0,116.517,0.0,0.0,0,20.3745,0.0,1199.26,0.0,0.00093,0.0,5.95468,0.0,38.5132,0.0,0.0,0.0,0.0,0.0,0.0,0.0,0.0,0.0,3.88688,22.27,0.0,0.0,0.0,0.0,0.0
2023-12-05 03:15:00,0.0,1257.61,0.0,0.0,62.17,55.5523,0.0,0.0,0.0,0.0,0.0,15.8007,8.13428,2.49798,0.0,6.56,0.0,0,2271.69,0.0,0.0,0.0,0.0,0.001526,24.3946,0.0,4.84334,11.3827,0.0,0.0,30.5791,0.0,0.0,,0.0,0.0,0.0,0.0,0.0,0.0,0.0,724.84,0.0,0.0,0.0,0.00153,0.0,134.9,0.0,0.0,0.24429,0.0,358.494,33.9,0.0,117.792,0.0,0.0,0,19.7006,0.0,1200.23,0.0,0.04747,0.0,5.0406,0.0,36.2853,0.0,0.0,0.0,0.0,0.75218,0.0,0.04038,0.0,0.0,3.88688,22.31,0.0,0.0,0.0,0.0,0.0
2023-12-05 03:20:00,0.0,1239.28,0.0,0.0,61.33,52.5904,0.0,0.0,0.0,0.0,0.0,15.8251,9.29519,2.59976,0.0,6.19,0.0,0,2259.53,0.0,0.0,0.0,0.0,0.001526,25.0646,0.0,5.19881,9.82348,0.0,0.0,30.813,0.0,0.0,,0.0,0.0,0.0,0.0,0.0,0.0,0.0,693.175,0.0,0.0,0.0,0.00153,0.0,123.978,0.0,0.0,0.19405,0.0,347.397,33.9,0.0,119.176,0.0,0.0,0,21.2534,0.0,1235.68,0.0,2.82312,0.0,5.11092,0.0,37.6611,0.0,0.0,0.0,0.0,0.0,0.0,0.0015,0.0,0.0,3.88688,22.32,0.0,0.0,0.0,0.0,0.0
2023-12-05 03:25:00,0.0,1236.22,0.0,0.0,66.57,51.6819,0.0,0.0,0.0,0.0,0.0,16.347,10.9639,2.69711,0.0,7.03,0.0,0,2257.14,0.0,0.0,0.0,0.0,0.001526,24.0046,0.0,3.22783,9.61639,0.0,0.0,30.4346,0.0,0.0,,0.0,0.0,0.0,0.0,0.0,0.0,0.0,695.201,0.0,0.0,0.0,0.00153,0.0,117.569,0.0,0.0,0.22419,0.0,347.801,33.6,0.0,120.472,0.0,0.0,0,22.7182,0.0,1193.3,0.0,0.0,0.0,5.78769,0.0,34.4494,0.0,0.0,0.0,0.0,0.0,0.0015,0.0,0.0,0.0,3.88688,22.36,0.0,1.278,0.0,0.0,0.0
2023-12-05 03:30:00,0.0,1243.77,0.0,0.0,67.87,51.8619,0.0,0.0,0.0,0.0,0.0,19.2569,11.4046,2.49798,0.0,7.06,0.0,0,2261.97,0.0,0.0,0.0,0.0,0.001526,22.1447,0.0,2.78349,9.35137,0.0,0.0,29.9639,0.0,0.0,,0.0,0.0,0.0,0.0,0.0,0.0,0.0,706.7,0.0,0.0,0.0,0.00153,0.0,115.152,0.0,0.0,0.25433,0.0,351.024,33.8,0.0,120.11,0.0,0.0,0,23.2236,0.0,1198.57,0.0,0.0,0.0,6.04257,0.0,32.4315,0.0,0.0,0.0,0.0,0.0,0.0,0.0,0.0,0.0,3.88688,22.32,0.0,0.0,0.0,0.0,0.0
2023-12-05 03:35:00,0.0,1249.63,0.0,0.0,67.36,49.4317,0.0,0.0,0.0,0.0,0.0,21.7517,11.523,2.99802,0.0,6.55,0.0,0,2267.54,0.0,0.0,0.0,0.0,0.001526,23.3846,0.0,4.79255,10.144,0.0,0.0,30.2285,0.0,0.0,,0.0,0.0,0.0,0.0,0.0,0.0,0.0,713.536,0.0,0.0,0.0,0.00153,0.0,108.798,0.0,0.0,0.24429,0.0,357.337,34.1,0.0,118.022,0.0,0.0,0,27.5669,0.0,1198.6,0.0,0.0,0.0,6.64903,0.0,27.4729,0.0,0.0,0.0,0.0,0.0,0.11215,0.0015,0.0,0.0,3.88688,22.36,0.0,0.0,0.0,0.0,0.0
2023-12-05 03:40:00,0.0,1237.47,0.0,0.0,68.13,47.7508,0.0,0.0,0.0,0.0,0.0,21.1399,11.1141,3.09979,0.0,7.27,0.0,0,2266.29,0.0,0.0,0.0,0.0,0.001526,25.1246,0.0,6.86827,10.7153,0.0,0.0,30.2869,0.0,0.0,,0.0,0.0,0.0,0.0,0.0,0.0,0.0,689.342,0.0,0.0,0.0,0.00153,0.0,105.594,0.0,0.0,0.21414,0.0,343.655,33.9,0.0,119.198,0.0,0.0,0,30.0646,0.0,1250.53,0.0,2.13619,0.0,8.32776,0.0,23.1003,0.0,0.0,0.0,0.0,0.0,0.0,0.0,0.0,0.0,3.88688,22.17,0.0,0.0,0.0,0.0,0.0
2023-12-05 03:45:00,0.0,1254.26,0.0,0.0,62.86,47.7508,0.0,0.0,0.0,0.0,0.0,21.3794,10.8431,3.49805,0.0,8.57,0.0,0,2269.22,0.0,0.0,0.0,0.0,0.001526,29.8645,0.0,8.07434,11.7469,0.0,0.0,30.4346,0.0,0.0,,0.0,0.0,0.0,0.0,0.0,0.0,0.0,711.315,0.0,0.0,0.0,0.00153,0.0,101.428,0.0,0.0,0.2041,0.0,354.902,33.9,0.0,122.076,0.0,0.0,0,30.9252,0.0,1225.67,0.0,0.04561,0.0,7.9762,0.0,18.7338,0.0,0.0,0.0,0.0,0.15702,0.07327,0.05533,0.0,0.0,3.88688,22.15,0.0,0.0,0.0,0.0,0.0
2023-12-05 03:50:00,0.0,1250.54,0.0,0.0,63.5,47.2129,0.0,0.0,0.0,0.0,0.0,22.4689,10.8943,4.19722,0.0,9.76,0.0,0,2291.2,0.0,0.0,0.0,0.0,0.001526,34.8245,0.0,8.56312,13.0688,0.0,0.0,30.6961,0.0,0.0,,0.0,0.0,0.0,0.0,0.0,0.0,0.0,704.698,0.0,0.0,0.0,0.00153,0.0,97.9858,0.0,0.0,0.26438,0.0,353.063,34.1,0.0,121.923,0.0,0.0,0,31.1962,0.0,1273.6,0.0,2.5718,0.0,7.484,0.0,15.0045,0.0,0.0,0.0,0.0,0.0,0.16001,0.0,0.0,0.0,3.88688,22.33,0.0,0.0,0.0,0.0,0.0
2023-12-05 03:55:00,0.29961,1252.08,0.0,0.0,50.73,45.6325,0.0,0.0,6.29111,0.0,0.0,25.4048,11.3936,4.99817,0.0,9.88,0.0,0,2295.71,0.0,0.0,0.0,0.0,0.001526,36.7944,0.0,8.37903,13.1251,0.0,0.0,30.3146,0.0,0.0,,0.0,0.0,0.0,0.0,0.0,0.0,0.0,708.36,0.0,0.0,0.0,0.00153,0.0,93.4814,0.0,0.0,0.2041,0.0,351.021,34.1,0.0,121.769,0.0,0.0,0,32.1849,0.0,1317.28,0.0,2.69094,0.0,8.3805,0.0,12.3824,0.0,0.0,0.0,0.0,0.0,0.0,0.0,0.0,0.0,3.88688,22.4,0.0,0.0,0.0,0.0,0.0
2023-12-05 04:00:00,1.29419,1270.15,0.0,0.0,48.76,41.0211,0.0,0.0,6.55283,0.0,0.0,27.2984,12.994,6.0956,0.0,9.85,0.0,0,2313.07,0.0,0.0,0.0,0.0,0.001526,41.6844,0.0,8.21399,11.508,0.0,0.0,30.6099,0.0,0.0,,0.0,0.0,0.0,0.0,0.0,0.0,0.0,693.346,0.0,0.0,0.0,0.00153,0.0,95.1659,0.0,0.0,0.2041,0.0,348.395,33.8,0.0,122.955,0.0,0.0,0,43.0323,0.0,1314.18,0.0,2.55132,0.0,9.54067,0.0,11.3417,0.0,0.0,0.0,0.0,0.0,0.0,0.0015,0.0,0.0,3.88688,22.37,0.0,0.0,0.0,0.0,0.0
2023-12-05 04:05:00,2.0972,1296.86,0.0,0.0,44.95,41.0504,0.0,0.0,6.68565,0.0,0.0,30.2663,15.0057,6.89654,0.0,9.88,0.0,0,2341.71,0.0,0.0,0.0,0.0,0.001526,44.0643,0.0,7.62365,11.9135,0.0,0.0,30.3761,0.0,0.0,,0.0,0.0,0.0,0.0,1.367,0.0,0.0,684.605,0.0,0.0,0.0,0.00153,0.0,87.7775,0.0,0.0,0.23424,0.0,354.351,34.0,0.0,122.747,0.0,0.0,0,47.7272,0.0,1266.2,0.0,3.40952,0.0,9.09242,0.0,11.1556,0.0,0.0,0.0,0.0,0.0,0.0,0.07028,0.0,0.0,4.22984,22.29,0.0,0.0,0.0,0.0,0.0
2023-12-05 04:10:00,2.6978,1327.13,0.0,0.0,40.71,39.6814,0.0,0.0,6.42393,0.0,0.0,30.8644,15.0423,7.19745,0.0,10.56,0.0,0,2362.12,0.0,0.0,0.0,0.0,0.001526,44.9343,0.0,6.59532,11.6064,0.0,0.0,31.0498,0.0,0.0,,0.0,0.0,0.0,0.0,1.367,0.0,0.0,721.544,0.0,0.0,0.0,0.00153,0.0,80.7553,0.0,0.0,0.24429,0.0,359.28,34.0,0.0,122.659,0.0,0.0,0,47.8846,0.0,1210.78,0.0,0.05119,0.0,8.23108,0.0,10.649,0.0,0.0,0.0,0.0,0.05234,0.0015,0.01346,0.0,0.0,4.22984,22.31,0.0,0.0,0.0,0.0,0.0
2023-12-05 04:15:00,3.39292,1356.72,0.0,0.0,40.89,39.7924,0.0,0.0,0.0,0.0,0.0,33.8216,15.5734,7.09567,0.0,9.49,0.0,0,2367.96,0.0,0.0,0.0,0.0,0.001526,45.6443,0.0,5.62411,10.121,0.0,0.0,30.1116,0.0,0.0,,0.0,0.0,0.0,0.0,1.367,0.0,0.0,714.83,0.0,0.0,0.0,0.00153,0.0,77.9355,0.0,0.0,0.2041,0.0,352.289,34.0,0.0,121.945,0.0,0.0,0,50.0783,0.0,1215.76,0.0,3.08374,0.0,9.07485,0.0,10.0154,0.0,0.0,0.0,0.0,1.06621,0.02243,0.0015,0.0,0.0,4.22984,22.61,0.0,0.0,0.0,0.0,0.0
2023-12-05 04:20:00,4.89899,1368.12,0.0,0.0,43.71,35.7126,0.0,0.0,0.0,0.0,0.0,35.8801,16.1129,7.49836,0.0,9.54,0.0,0,2361.46,0.0,0.0,0.0,0.0,0.001526,45.6443,0.0,5.53524,9.57513,0.0,0.0,30.813,0.0,0.0,,0.0,0.0,0.0,0.0,1.367,0.0,0.0,699.913,0.0,0.0,0.0,0.00153,0.0,74.8867,0.0,0.0,0.21414,0.0,344.223,33.5,0.0,121.681,0.0,0.0,0,47.1778,0.0,1262.42,0.0,2.12129,0.0,8.27503,0.0,9.87015,0.0,0.0,0.0,0.0,0.0,0.0,0.0015,0.0,0.0,4.22984,22.51,0.0,1.67681,0.0,0.0,0.0
2023-12-05 04:25:00,7.29557,1375.67,0.0,0.0,42.03,38.0801,0.0,0.0,0.0,0.0,0.0,35.6344,15.3146,7.29923,0.0,9.15,0.0,0,2366.34,0.0,0.0,0.0,0.0,0.001526,46.9043,0.0,3.815,9.45452,0.0,0.0,30.7545,0.0,0.0,,0.0,0.0,0.0,0.0,1.367,0.0,0.0,705.382,0.0,0.0,0.0,0.00153,0.0,67.0222,0.0,0.0,0.25433,0.0,350.186,33.8,0.0,122.076,0.0,0.0,0,47.6759,0.0,1255.17,0.0,3.17682,0.0,8.46839,0.0,8.54078,0.0,0.0,0.0,0.0,0.0,0.0,0.0,0.0,0.0,4.22984,22.36,0.0,2.27503,0.0,0.0,0.0
2023-12-05 04:30:00,9.19882,1373.84,0.0,0.0,41.66,36.2715,0.0,0.0,0.0,0.0,0.0,31.3558,16.7843,6.49828,0.0,8.99,0.0,0,2367.03,0.0,0.0,0.0,0.0,0.001526,47.6643,0.0,3.85626,10.4035,0.0,0.0,30.6684,0.0,0.0,,0.0,0.0,0.0,0.0,1.367,0.0,0.0,697.032,0.0,0.0,0.0,0.00153,0.0,58.1689,0.0,0.0,0.184,0.0,346.225,33.8,0.0,123.669,0.0,0.0,0,47.6539,0.0,1308.12,0.0,1.74339,0.0,9.32973,0.0,6.66026,0.0,0.0,0.0,0.0,0.0,0.0,0.01047,0.0,0.0,4.22984,22.35,0.0,2.85512,0.0,0.0,0.0
2023-12-05 04:35:00,9.29694,1367.71,0.0,0.0,44.36,32.5707,0.0,0.0,0.0,0.0,0.0,27.1504,19.664,6.89654,0.0,8.4,0.0,0,2359.75,0.0,0.0,0.0,0.0,0.001526,48.7143,0.0,6.4874,9.98138,0.0,0.0,30.6099,0.0,0.0,,0.0,0.0,0.0,0.0,1.367,0.0,0.0,692.589,0.0,0.0,0.0,0.00153,0.0,52.3735,0.0,0.0,0.19405,0.0,345.096,33.7,0.0,124.329,0.0,0.0,0,47.9725,0.0,1264.69,0.0,1.41202,0.0,8.5387,0.0,5.71054,0.0,0.0,0.0,0.0,0.0,0.0,0.0,0.0,0.0,4.22984,22.16,0.0,2.7826,0.0,0.0,0.0
2023-12-05 04:40:00,10.8976,1358.53,0.0,0.0,44.31,33.7785,0.0,0.0,3.86529,0.0,0.0,33.1563,20.3952,6.69741,0.0,8.56,0.0,0,2366.03,0.0,0.0,0.0,0.0,0.001526,49.9642,0.0,5.90341,10.4813,0.0,0.0,30.6376,0.0,0.0,,0.0,0.0,0.0,0.0,1.367,0.0,0.0,694.835,21.4899997711,0.0,0.0,0.00153,0.0,45.8824,0.0,0.0,0.23424,0.0,346.034,33.7,0.0,124.669,0.0,0.0,0,52.6931,0.0,1205.63,0.0,0.0,0.0,8.75843,0.0,5.07698,0.0,0.0,0.0,0.0,0.0,0.0,0.0,0.0,0.0,4.22984,22.33,0.0,2.7826,0.0,0.0,0.0
2023-12-05 04:45:00,10.8967,1361.12,0.0,0.0,41.79,34.6723,0.0,0.0,6.81456,0.0,0.0,33.5637,19.8837,5.79912,0.0,9.27,0.0,0,2355.21,0.0,0.0,0.0,0.0,0.001526,46.6443,0.0,6.40488,9.84094,0.0,0.0,30.7853,0.0,0.0,,0.0,0.0,0.0,0.71859,1.367,0.0,0.0,688.951,49.4000015259,0.0,0.0,0.00153,0.0,37.7432,0.0,0.0,0.23424,0.0,345.434,33.7,0.0,124.318,0.0,0.0,0,59.2886,0.0,1202.7,0.0,0.0,0.0,9.41762,0.0,2.65568,0.0,0.0,0.0,0.0,0.0,0.03439,0.01346,0.0,0.0,4.22984,22.21,0.0,3.01827,0.0,0.0,0.0
2023-12-05 04:50:00,9.39414,1361.29,0.0,0.0,48.66,37.5107,0.0,0.0,6.35752,0.0,0.0,34.3847,18.0734,5.09995,0.0,8.79,0.0,0,2365.69,0.0,0.0,0.29961,0.0,0.001526,44.7443,0.0,4.62116,9.42437,0.0,0.0,29.9639,0.0,0.0,,0.0,0.0,0.0,1.16606,1.367,0.0,0.0,700.377,83.0299987793,0.0,0.0,0.00153,0.0,30.2632,0.03191,0.0,0.2041,0.0,353.654,34.0,0.0,124.428,0.0,0.0,0,60.7571,0.0,1195.86,0.0,0.0,0.0,11.026,0.0,1.09194,0.0,0.0,0.66377,0.0,0.0,0.0,0.0,0.0,0.0,4.22984,21.93,0.0,3.36269,0.0,0.0,0.0
2023-12-05 04:55:00,8.69588,1371.42,0.41021,0.0,51.32,36.8828,0.50355,0.0,6.81456,0.0,0.0,30.8507,20.3232,5.49821,0.0,9.57,0.0,0,2358.02,0.0,0.0,0.64202,0.0,0.001526,43.5343,0.0,3.29766,9.0927,0.0,0.0,30.4623,0.0,0.0,,0.0,0.0,0.0,2.80327,1.419,0.0,0.0,692.296,87.0500030518,0.09,0.0,0.09918,0.089,23.9734,0.12367,0.0,0.2041,0.0,345.799,34.0,0.0,126.054,0.0,0.0,0,65.452,0.0,1197.57,0.0,0.0,0.61341,12.3532,0.1294,0.56214,0.0,0.0,1.55184,0.0,0.0,0.08524,0.04038,0.0,0.0,4.22984,22.21,0.0,3.2358,0.0,0.0,0.0
2023-12-05 05:00:00,8.69497,1369.27,0.7713,0.0,57.52,38.0005,1.24331,0.0,8.32239,0.0,0.0,32.9259,21.915,5.99825,0.0,8.96,0.0,0,2363.44,0.0,0.0,1.30671,0.31373,0.001526,44.9443,0.0,3.63726,9.57909,0.0,0.0,30.5207,0.0,0.0,,0.0,0.0,0.0,5.42493,1.419,0.25269,0.0,696.983,22.6599998474,0.35,0.0,0.3006,0.177,20.5585,0.65164,0.0,0.23424,0.0,348.061,33.7,0.0,126.691,0.0,0.0,0,68.0082,0.0,1251.94,0.0,0.0,1.19936,13.2058,0.19044,0.21668,0.0,0.0,2.78782,0.0,0.0,0.18991,0.0,0.0,0.0,4.22984,22.26,0.0,3.03639,0.0,0.0,0.0
2023-12-05 05:05:00,8.9942,1374.91,1.15097,0.0,66.51,39.223,2.33097,0.0,9.24038,0.0,0.0,38.9898,21.594,6.29915,0.0,9.77,0.0,0,2368.32,0.0,0.0,1.97642,0.59693,0.199893,43.7343,0.0,5.54794,10.2194,0.0,0.18302,30.7268,0.0,0.06839,,0.0,0.0,0.202,8.78885,1.469,0.43091,0.474,710.411,41.6899986267,0.74,0.0,0.59968,0.247,16.5392,1.25767,0.0,0.184,0.0,358.996,34.0,0.0,126.482,0.0,0.91859,0,63.1815,0.0,1253.19,0.32593,0.0,1.98062,13.8298,0.26978,0.13062,0.0,0.52611,4.28016,0.0,0.69236,25.5008,0.03738,0.0,0.0,4.22984,21.97,0.0,3.27205,0.0,0.0,0.0
2023-12-05 05:10:00,9.79363,1370.69,1.69261,0.0,70.52,35.8131,4.0119,0.0,9.69741,0.0,0.0,33.7881,20.9335,5.79912,0.07813,10.12,0.90108,0,2357.99,0.0,0.0,2.98352,1.33669,0.300603,42.3643,0.34499,6.67149,10.5487,0.0,0.53763,30.6961,0.0,0.51493,,0.89128,0.0,0.742,12.9635,1.519,0.98512,1.0,695.006,90.0100021362,1.25,0.0,1.39925,0.3,13.8109,2.6297,0.0,0.19405,0.0,347.853,34.0,0.0,126.394,0.0,1.7731,0,61.9071,0.0,1308.61,0.89723,0.0,3.32342,15.5085,0.35035,0.29541,0.0,1.24845,6.04715,0.0,0.0,0.0,6.91914,0.0,0.0,4.22984,22.2,0.0,3.79776,0.0,0.0,0.0
2023-12-05 05:15:00,9.19485,1366.15,2.57144,0.0,70.14,36.9497,5.99313,0.0,8.84584,0.0,0.0,34.0322,21.2741,4.89639,0.07813,9.43,2.35093,0,2359.53,0.0,2.56046,7.19821,2.65263,0.59968,41.0444,0.37499,5.98593,12.2031,0.0,0.96003,30.8437,0.0,0.87171,,1.58618,0.11948,1.805,19.1017,1.569,1.45632,2.07,689.83,221.830001831,2.06,0.0,2.59861,0.339,10.6706,5.23908,0.0,0.23424,0.0,344.845,33.7,0.0,125.427,0.0,1.25185,0,64.9686,0.0,1316.1,1.61257,0.0,5.00191,16.4841,0.41017,0.31861,0.0,3.00378,9.53536,2.99634,0.0,0.7791,0.0,1.789,0.0,4.22984,22.43,0.0,4.06967,0.0,0.0,0.0
2023-12-05 05:20:00,9.59876,1377.69,3.94145,0.0,71.46,38.7499,8.38087,0.0,8.45521,0.79995,0.0,37.0535,21.163,5.09995,0.39662,9.74,4.54603,0,2367.44,0.0,4.55634,11.9769,5.04036,1.10018,41.4644,0.42499,9.66763,14.4748,0.0,1.93267,30.6376,1.15,1.67533,,2.61341,0.29471,2.818,24.9083,1.569,2.56962,3.572,697.74,62.6199989319,3.18,0.0,4.49989,0.355,9.691,7.95572,0.0,0.22419,0.0,349.465,34.0,0.0,124.999,0.0,6.83177,0,67.9277,0.0,1321.82,2.55253,0.04189,7.41894,14.2693,0.46999,0.2002,0.0,4.53376,13.3349,4.9968,0.07926,0.06729,0.05533,3.389,0.0,4.22984,22.47,0.0,4.28721,0.0,0.0,0.0
2023-12-05 05:25:00,9.49622,1371.96,5.82124,0.0,71.71,38.1219,11.1421,0.0,7.53722,3.29938,0.0,38.6969,20.394,4.89639,2.53478,10.81,8.01483,0,2363.51,0.0,7.62036,14.5399,8.21424,1.70138,40.5344,0.50499,10.0168,14.5891,0.0,3.10221,30.9022,4.33,2.68186,,4.34562,0.59916,4.142,31.6572,1.62,3.72686,5.65,691.71,96.9899978638,4.67,0.25,6.80095,0.405,7.30144,11.0349,0.0,0.19405,0.0,346.327,33.7,0.0,126.581,1.93637,10.6001,0,64.6683,0.0,1293.03,3.66583,0.0,10.5745,12.2565,0.51027,0.0,0.0,7.8167,17.7295,17.9998,0.0,0.0,0.0,6.689,0.0,4.22984,22.45,0.0,3.63461,0.0,0.0,0.0
2023-12-05 05:30:00,10.2984,1371.96,8.15239,0.0,75.6,39.9619,14.0719,0.0,7.2755,12.8027,0.0,40.6378,19.393,5.09995,3.71264,10.08,17.8115,0,2365.08,0.0,11.5022,20.7235,11.913,2.59861,42.9044,0.56499,10.0866,12.8236,0.0,4.8576,30.6684,6.57,3.67795,,7.18563,1.16381,5.66,38.6799,1.67,5.02327,7.656,702.94,18.2299995422,7.02,0.75,9.40108,0.458,5.48867,14.9987,0.0,0.184,0.0,351.556,34.0,0.0,125.933,5.04921,14.4027,0,61.2406,0.0,1256.73,5.52377,0.15172,14.6822,12.239,0.58962,0.0,0.0,11.3833,23.8911,24.9927,0.0,0.0,0.01645,9.589,0.0,4.22984,22.21,0.0,4.01529,0.0,0.0,0.0
2023-12-05 05:35:00,10.4937,1372.71,10.9721,0.0,71.73,38.5301,17.192,0.0,8.97865,17.4994,0.0,40.9842,17.6034,4.59991,4.96614,10.89,29.6949,0,2366.47,0.0,16.2264,26.6452,15.9194,3.5996,42.0044,0.64499,9.90884,11.9992,0.0,7.45856,30.9606,8.35,4.93747,,13.762,2.21344,7.232,46.0869,1.77,6.54429,10.412,701.085,0.0,9.63,1.25,12.3003,0.5,4.30762,18.9621,0.0,0.23424,0.0,349.922,34.0,0.0,125.295,17.5464,18.3676,0,59.4461,0.0,1261.98,7.36217,0.0,19.5895,13.9265,0.71047,0.0,0.0,15.3523,31.1421,30.994,0.30057,2.54066,0.0015,12.389,0.0,4.22984,22.45,0.0,3.77963,0.0,0.0,0.0
2023-12-05 05:40:00,12.3985,1368.27,14.0599,0.0,72.49,36.7823,20.4807,0.0,9.56851,23.1987,0.0,38.1491,17.7523,5.59998,6.43277,11.45,39.6677,0,2364.54,0.0,21.2497,32.2195,20.3311,4.79896,39.5844,0.78499,8.91859,11.8667,0.0,10.4427,30.2869,7.33,6.24589,,22.6143,3.587,9.051,52.2462,1.82,8.20691,12.114,695.592,0.0,12.8,1.5,15.5016,0.552,2.48569,23.5479,0.0,0.21414,0.0,347.548,33.7,0.0,128.13,25.8228,22.8196,0,55.3115,0.0,1257.92,9.29091,0.0,25.1194,15.8337,0.87039,0.0,0.0,19.1939,41.8906,40.9963,0.0,0.0,0.04038,15.289,0.0,4.22984,22.34,0.0,4.14218,0.0,0.0,0.0
2023-12-05 05:45:00,11.3947,1355.01,17.3814,0.0,72.49,31.5304,24.0623,0.0,10.092,29.9004,0.0,35.2728,16.9528,6.99832,7.80672,10.64,50.1554,0,2350.96,0.0,26.3218,38.4887,22.7701,6.09903,39.0544,0.89499,8.66468,11.7326,0.0,13.6648,30.6961,11.41,7.07098,,33.9844,5.39599,10.928,54.0203,1.92,8.48768,14.824,645.225,0.0,16.28,1.75,18.9014,0.642,0.0,28.1057,0.0,0.17395,0.0,344.142,33.4,0.0,126.108,34.0261,22.8367,0,51.9789,0.0,1206.43,10.0087,0.0,31.4488,14.6032,1.02054,0.0,0.0,23.3216,57.3175,44.9972,0.0,38.714,0.0,19.589,0.0,4.22984,22.15,0.0,5.13921,0.0,0.0,0.0
2023-12-05 05:50:00,14.9939,1367.86,20.9419,0.0,71.09,30.0107,27.4424,0.0,11.6662,36.3001,0.0,35.8114,14.493,6.79919,9.28666,9.99,61.4154,0,2362.95,0.0,31.9493,45.1103,29.9187,7.3991,37.3344,1.01498,9.0265,10.4464,0.0,17.6845,31.1083,13.46,8.95283,,44.6294,7.10762,12.967,68.1814,2.021,11.3857,19.566,650.816,0.0,20.4,1.75,22.4018,0.776,0.0,32.7956,0.0,0.184,0.0,345.19,33.7,0.0,127.009,43.2822,32.6122,0,46.4564,0.0,1148.37,13.0043,0.0,38.2849,14.155,1.20975,0.0,0.0,27.7842,76.3882,51.9989,0.0,0.15702,0.0,22.989,0.0,4.22984,22.5,0.0,6.4444,0.0,0.0,0.0
2023-12-05 05:55:00,18.6982,1360.48,24.651,0.0,65.79,31.4215,30.8409,0.0,11.2052,42.5967,0.0,34.9859,14.0743,7.9984,10.6598,9.96,72.9736,0,2360.05,0.0,38.7243,50.5084,33.1731,8.69917,33.1745,1.15498,7.59826,10.536,0.0,21.9238,30.7268,15.49,10.5723,,55.5463,9.07768,14.805,74.5723,2.171,13.0312,22.104,627.597,0.0,24.18,2.25,25.0019,0.967,0.0,38.3828,0.0,0.23424,0.0,345.26,33.5,0.0,126.669,53.6461,35.8935,0,43.5999,0.0,1097.32,15.0259,0.0,45.2979,12.3884,1.51982,0.0,0.0,32.4434,93.1334,63.9929,0.0,0.0,0.0,26.389,0.0,4.22984,22.44,0.0,7.24202,0.0,0.0,0.0
2023-12-05 06:00:00,23.7939,1337.09,28.3708,0.0,64.75,30.1719,34.6716,0.0,10.6818,49.4015,0.0,37.1069,14.5443,8.29931,12.2604,9.11,81.9979,0,2343.81,0.0,44.5411,58.0767,35.3094,10.3014,31.6545,1.19498,6.41758,10.0671,0.0,26.0772,30.6961,18.52,12.4355,,68.4875,11.2053,16.643,83.427,2.322,15.2139,24.852,599.57,0.0,28.78,2.75,24.5991,1.2,0.0,43.4373,0.0,0.21414,0.0,343.187,33.8,0.0,125.779,67.9652,41.7383,0,41.0071,0.0,1046.05,17.7212,0.0,52.6467,11.5446,1.84942,0.0,0.0,36.7268,104.871,71.9947,0.0,0.0,0.0,30.089,0.0,4.22984,22.45,0.0,9.30858,0.0,0.0,0.0
2023-12-05 06:05:00,30.0932,1323.88,32.2418,0.0,66.93,31.882,37.3925,0.64999,9.56851,56.0002,0.0,35.137,14.515,10.5959,13.9812,8.8,92.4178,0,2366.93,0.0,49.9916,65.3378,33.9959,11.7998,29.4646,1.54498,4.99568,9.55053,0.0,30.3923,30.5791,24.65,14.5157,,52.797,12.9098,18.56,89.8127,2.522,17.0425,28.422,590.61,0.0,33.41,3.25,24.4007,1.449,0.0,49.2658,0.0,0.17395,0.0,352.44,34.1,0.0,125.482,77.4868,47.8395,0,42.3145,0.0,985.894,20.0674,0.0,60.2335,12.4411,2.24006,0.0,0.0,41.3839,116.8,93.9998,0.02841,0.0,0.0,33.889,0.0,4.22984,22.2,0.0,10.8494,0.0,0.0,0.0
2023-12-05 06:10:00,31.3967,1289.41,36.0014,0.0,72.47,30.4628,41.5418,1.49998,8.71693,63.2033,0.0,30.6142,14.3539,12.897,15.552,8.23,108.597,0,2350.52,0.0,55.8694,70.7107,44.7529,13.2006,28.0146,1.77497,4.40851,9.98615,0.0,35.1068,30.813,27.72,16.1864,,89.9185,15.1295,20.537,97.1038,2.673,18.6636,31.456,573.349,0.0,37.92,4.0,34.902,1.743,0.0,54.249,0.0,0.184,0.0,345.183,34.0,0.0,125.878,88.0522,53.2912,0,43.9295,0.0,928.08,17.687,0.0,68.0583,12.3268,2.62947,0.0,0.0,45.9346,132.667,102.993,0.0,0.0,0.0,32.689,0.0,4.22984,22.54,0.0,12.1365,0.0,0.0,0.0
2023-12-05 06:15:00,29.9949,1255.23,39.6999,0.0,77.2,28.4219,45.4493,1.79997,7.99426,70.9968,0.0,29.9214,13.564,13.0961,17.1438,6.72,121.32,0,2363.71,0.0,63.0228,77.6043,42.1405,14.7997,28.1646,1.99497,5.25594,10.1456,0.0,39.3298,30.9329,30.31,17.8012,,111.39,16.2676,22.586,101.468,2.873,20.7193,33.956,554.891,0.0,42.08,5.0,36.6018,2.075,0.0,19.9263,0.0,0.17395,0.0,348.706,34.0,0.0,125.416,20.8972,58.3242,0,45.0391,0.0,874.416,24.4327,0.0,75.639,13.0124,3.04941,0.0,0.0,51.9496,146.546,105.994,0.0,0.0,0.0,37.089,0.0,4.22984,22.23,0.0,13.3329,0.0,0.0,0.0
2023-12-05 06:20:00,31.3993,1237.65,43.5418,0.0,80.12,31.5011,47.3426,1.99997,7.79895,79.6006,0.0,26.4973,12.8633,11.7996,18.7238,5.39,133.962,0,2328.01,0.0,68.8823,83.6972,49.7945,16.0998,28.2246,2.26497,7.00157,10.3258,0.0,43.9214,30.4038,32.77,14.5828,,105.498,18.7439,24.736,105.011,3.074,22.526,37.77,557.162,0.0,45.63,6.0,37.3007,2.445,0.0,41.4877,0.0,0.2041,0.0,349.881,34.0,0.0,126.911,114.786,63.6735,0,47.4855,0.0,812.793,22.7359,0.0,83.2319,13.9529,3.54015,0.0,0.0,56.3814,158.027,116.996,0.03439,0.10916,0.02542,25.589,0.0,4.22984,22.32,0.0,14.475,0.0,0.0,0.0
2023-12-05 06:25:00,35.4968,1234.87,47.4103,0.0,80.95,27.9216,46.5003,2.19997,7.66613,86.7968,0.0,23.0671,13.3126,11.2995,20.4114,4.99,146.74,0,2283.07,0.0,73.8933,89.6038,47.5849,17.5982,28.5146,2.48496,7.23644,10.5321,0.0,48.4045,30.6961,34.82,14.5644,,103.736,22.4274,26.983,107.68,3.274,24.2594,22.172,556.185,0.0,51.44,7.0,33.6996,2.848,0.0,43.8722,0.0,0.17395,0.0,342.511,33.7,0.0,127.592,128.089,71.6802,0,49.9208,0.0,763.964,23.3439,0.0,90.544,14.6472,3.97961,0.0,0.0,60.4938,164.894,138.993,0.0,0.0,0.0,25.289,0.0,4.22984,22.11,0.0,16.8135,0.0,0.0,0.0
2023-12-05 06:30:00,36.8976,1232.57,51.3106,0.0,83.06,25.3218,47.3024,2.69996,8.06067,93.2994,0.0,22.5101,13.3138,8.8967,21.7805,4.53,158.854,0,2227.96,0.0,77.5921,88.6672,54.1158,18.999,28.5046,2.75496,6.42393,9.31487,0.0,52.7729,30.493,37.86,14.1056,,151.724,24.1302,27.048,108.891,3.475,25.9635,29.932,548.983,0.0,55.71,8.25,39.6994,3.28,0.0,42.6412,0.0,0.21414,0.0,257.628,33.7,0.0,126.932,126.12,75.4485,0,47.5184,0.0,708.713,22.3087,0.0,97.8134,14.5945,4.4496,0.0,0.0,63.7542,173.014,151.996,0.0,0.0,0.0,24.689,0.0,4.22984,22.14,0.0,17.9193,0.0,0.0,0.0
2023-12-05 06:35:00,42.2984,1213.02,55.1896,0.0,79.81,26.2219,46.9911,3.29995,7.86536,100.097,0.0,21.5122,13.8448,5.09995,23.3687,4.57,170.615,0,2181.26,0.0,84.8432,88.9442,57.1725,20.2991,27.4796,3.03495,10.6452,8.6182,0.0,56.7808,30.7268,40.91,14.1676,,162.591,25.5958,24.445,111.818,3.675,27.6408,28.068,564.681,0.0,59.79,9.75,40.502,3.707,0.0,42.2776,0.0,0.17395,0.0,222.421,0.7,0.0,139.545,150.785,83.028,0,45.2442,0.0,655.928,22.5528,0.0,105.309,13.4167,4.93057,0.0,0.0,65.4643,180.348,155.997,0.38431,0.31852,0.11814,24.489,0.0,4.22984,22.27,0.0,18.88,0.0,0.0,0.0
2023-12-05 06:40:00,40.9969,1173.35,58.9492,0.0,75.76,23.4798,46.7713,3.89994,3.99811,105.9,0.0,19.6063,14.6139,2.49798,24.6292,2.3,179.856,0,2163.12,0.0,95.0912,89.2412,59.9777,21.4984,27.4246,3.32495,10.6388,6.86702,0.0,61.0632,30.4038,42.92,13.9361,,170.829,26.3286,30.751,113.186,3.926,28.5441,28.12,552.474,0.0,63.94,11.25,43.7003,4.148,0.0,42.0654,0.0,0.17395,0.0,123.291,0.0,0.0,137.6,150.666,91.838,0,42.688,0.0,598.92,22.1573,0.0,112.291,11.4216,5.43962,0.0,0.0,67.0167,179.295,160.998,0.0,0.38431,0.0,24.389,0.0,4.22984,22.36,0.0,18.8438,0.0,0.0,0.0
2023-12-05 06:45:00,41.2939,1151.64,62.8017,0.0,75.36,20.6916,46.5296,4.79993,7.86536,109.697,0.0,20.8789,14.5736,0.0,21.9341,-0.09,191.414,0,2122.03,0.0,97.8012,87.8666,59.9533,22.3987,26.5746,3.57495,8.06799,0.0,0.0,65.5401,30.5207,43.92,13.9802,,177.274,15.1489,30.561,112.96,4.127,28.0339,29.414,563.876,0.0,67.89,13.0,43.4012,4.59,0.0,41.8301,0.0,0.22419,0.0,117.676,0.0,0.0,129.866,159.364,91.8209,0,42.6185,0.0,555.437,22.5357,0.0,119.561,9.89224,5.94989,0.0,0.0,68.4933,181.511,165.999,0.0,0.23178,0.12412,24.289,0.0,4.22984,22.27,0.0,18.7169,0.0,0.0,0.0
2023-12-05 06:50:00,42.4972,1121.05,66.0595,0.0,83.41,19.9108,46.4601,5.69991,6.94737,112.1,0.0,20.6684,14.0926,0.0,22.4461,-0.08,201.346,0,2083.63,0.0,103.764,80.7968,60.5075,22.7985,25.3946,3.83494,6.60801,0.0,0.0,17.11,30.3146,44.92,14.1573,,181.554,27.5393,33.023,108.206,4.378,22.316,48.692,562.069,0.0,71.56,14.5,43.3005,5.044,0.0,41.8301,0.0,0.17395,0.0,103.299,0.0,0.0,132.426,162.449,102.229,0,41.9922,0.0,508.658,22.3868,0.0,86.5583,8.81996,6.46016,0.0,0.0,70.0088,189.329,167.999,0.0,1.29351,0.0,24.189,0.0,4.22984,22.33,0.0,18.2093,0.0,0.0,0.0
2023-12-05 06:55:00,43.2943,1110.65,69.5801,0.0,82.12,18.2635,45.94,6.5999,7.07628,115.602,0.0,18.8724,13.564,0.0,23.0595,-0.03,210.94,0,2070.61,0.0,110.741,80.3838,60.9763,23.299,23.3596,4.10494,6.55088,0.0,0.0,0.05588,30.4038,44.92,13.9095,,185.985,28.2561,36.393,109.833,4.629,10.2821,48.602,570.394,0.0,75.73,16.25,43.5019,5.491,0.0,41.3025,0.0,0.19405,0.0,7.0893,0.0,0.0,129.317,167.723,100.118,0,39.154,0.0,493.497,22.2721,0.0,133.22,7.79162,6.97043,0.0,0.0,71.3236,196.754,171.0,0.0,0.72526,0.69236,24.089,0.0,4.22984,22.23,0.0,17.7198,0.0,0.0,0.0
2023-12-05 07:00:00,44.5944,1131.94,73.1007,0.0,77.09,16.9615,45.7716,7.69988,7.60363,117.703,0.0,21.8036,14.5223,0.0,23.3298,-0.04,217.322,0,2064.26,0.0,60.209,79.4573,61.8747,23.6988,22.6147,4.36493,7.03966,0.0,0.0,74.2728,30.5515,46.34,14.4609,,187.848,29.042,39.057,111.228,4.881,3.01396,49.442,597.397,0.0,79.32,18.0,43.5019,5.931,0.0,41.2013,0.0,0.15386,0.0,4.70717,0.0,0.0,108.332,142.408,101.588,0,35.6457,0.0,498.917,23.1876,0.0,138.347,7.10607,7.45994,0.0,0.34349,72.6016,196.745,173.992,0.0,3.98819,0.03439,23.889,0.0,4.22984,22.3,0.0,13.9674,0.0,0.0,0.0
2023-12-05 07:05:00,44.9957,1087.21,76.5204,0.0,70.12,11.9524,45.8704,8.89986,7.79895,119.303,0.0,23.2441,12.7437,0.0,23.637,-0.06,220.696,0,2018.66,0.0,62.9618,77.3928,58.4152,24.0986,23.0947,4.61493,7.66809,0.0,0.0,80.5192,30.17,46.94,13.3458,,173.105,18.4837,40.522,111.491,5.132,2.17166,50.73,554.745,0.0,83.12,20.0,43.1998,6.348,0.0,41.3015,0.0,0.19405,0.0,0.0,0.0,0.0,127.822,72.314,106.083,0,33.5692,0.0,504.556,21.5518,0.0,141.576,7.61584,7.96045,0.0,0.0,72.5647,196.699,174.992,0.0,0.0,0.0,23.889,0.0,4.22984,22.31,0.0,12.5534,0.0,0.0,0.0
2023-12-05 07:10:00,43.7958,1089.56,79.9003,0.0,65.1,13.8698,45.3101,9.99985,7.99426,123.299,0.0,27.5425,13.6947,0.0,24.0384,0.0,224.395,0,2059.33,0.0,105.876,77.4784,60.781,24.4984,23.1546,4.86493,7.06505,0.00034,0.0,84.9961,30.6099,46.94,14.037,,194.898,17.7969,40.782,106.49,5.333,0.67506,51.492,584.53,0.0,86.53,21.75,43.1022,6.78,0.0,40.7848,0.0,0.17395,0.0,0.0,0.0,0.0,129.558,99.7253,107.578,0,30.0426,0.0,502.383,22.5553,0.47564,144.427,5.90195,8.44996,0.0,0.1845,74.7807,196.489,177.993,0.0,15.6103,24.5856,23.789,0.0,4.22984,22.11,0.0,9.70739,0.0,0.0,0.0
2023-12-05 07:15:00,42.1942,1071.0,82.12,0.0,63.27,14.2235,46.2293,11.1998,9.17397,125.002,0.0,26.0441,12.8646,0.0,25.1402,0.0,227.823,0,2040.24,0.0,113.787,78.0776,59.9313,24.8005,23.7946,5.11492,7.38878,0.00034,0.0,4.41446,30.813,47.94,14.0897,,197.627,28.8456,37.258,107.88,5.584,0.32593,52.042,572.86,0.0,90.45,23.75,42.8,7.2,0.0,41.6325,0.0,0.22419,0.0,0.0,0.0,0.0,128.075,169.783,103.382,0,29.2149,0.0,503.385,22.5772,0.05492,147.283,5.46249,8.92972,0.0,0.1025,75.7842,196.507,178.993,0.0,0.0,0.0,24.089,0.0,4.22984,22.14,0.0,11.8102,0.0,0.0,0.0
2023-12-05 07:20:00,39.1987,1059.23,82.9802,0.0,66.42,12.842,44.5411,12.3998,6.81456,126.897,0.0,25.5039,13.525,0.0,24.4623,0.0,231.089,0,2038.75,0.0,117.888,78.4754,60.8835,25.0996,22.7047,5.38492,6.07163,0.00034,0.0,0.07326,30.2869,47.94,13.8056,,203.952,28.3393,36.667,109.143,5.834,0.49195,52.68,581.43,0.0,94.44,25.5,43.0014,7.625,0.0,40.0526,0.0,0.184,0.0,0.0,0.0,0.0,130.602,170.826,103.912,0,28.4642,0.0,504.263,21.6739,0.03258,149.957,5.26033,9.3997,0.0,0.2005,76.6648,196.635,178.993,0.0,1.07817,0.7761,23.289,0.0,4.22984,22.2,0.0,11.4295,0.0,0.0,0.0
2023-12-05 07:25:00,36.0973,1016.87,83.8192,0.0,63.45,12.3019,44.5118,13.6998,1.90042,128.401,0.0,25.4749,14.4649,0.0,11.3766,0.0,233.772,0,2020.49,0.0,60.7401,78.0574,58.1051,25.3986,23.1346,5.62491,8.16956,0.00034,0.0,0.05962,30.9329,47.94,13.2306,,207.487,29.0544,32.263,108.78,6.035,0.0,53.196,549.545,0.0,97.61,27.5,42.9007,8.028,0.0,40.0526,0.0,0.184,0.0,0.0,0.0,0.0,119.681,172.941,101.571,0,29.0135,0.0,498.453,21.1246,0.0,152.459,5.23397,9.85992,0.0,0.0,76.5051,196.718,177.993,0.0,0.0,0.0,23.189,0.0,4.22984,22.18,0.0,11.6652,0.0,0.0,0.0
2023-12-05 07:30:00,35.6969,993.924,84.2812,0.0,61.73,11.0711,44.3726,14.9998,0.0,129.699,0.0,22.855,14.0438,0.0,8.11008,0.0,236.509,0,1991.71,0.0,77.2809,77.2971,58.8327,25.6001,25.8646,5.87491,6.31284,0.00034,0.0,0.05362,30.6684,48.94,13.3407,,208.887,29.0544,34.379,111.365,6.235,0.0,53.506,564.169,0.0,101.1,29.25,42.4002,8.42,0.0,39.9311,0.0,0.17395,0.0,0.0,0.0,0.0,108.003,174.8,104.63,0,29.4273,0.0,495.938,21.4908,0.0,154.797,4.58357,10.2896,0.0,0.0,77.1768,196.718,178.993,0.06729,0.0,0.0,23.189,0.0,4.22984,22.26,0.0,11.4658,0.0,0.0,0.0
2023-12-05 07:35:00,37.4944,972.708,84.6609,0.0,63.91,11.5211,44.3726,16.2997,0.0,131.203,0.0,19.9649,14.9227,0.0,7.70278,0.0,239.097,0,1941.19,0.0,119.133,76.6928,59.4162,25.7984,27.2246,6.09491,7.69665,0.00034,0.0,0.04404,30.2869,49.1,13.5613,,209.239,29.0544,33.07,112.234,6.436,0.47486,53.924,570.907,0.0,103.47,31.25,42.6017,8.783,0.0,39.9311,0.0,0.19405,0.0,0.0,0.0,0.0,107.948,178.471,106.399,0,29.7972,0.0,475.185,21.503,0.0,157.11,4.92634,10.7096,0.0,0.0,78.4875,196.626,178.993,1.69427,0.86284,0.59367,23.089,0.0,4.22984,22.22,0.0,13.0066,0.0,0.0,0.0
2023-12-05 07:40:00,37.9952,955.154,85.4813,0.0,63.57,10.4222,44.9512,17.5997,0.0,132.7,0.0,18.4665,15.1949,0.0,11.4033,0.0,242.715,0,1923.49,0.0,121.636,76.7784,60.173,25.9998,29.4046,6.3549,7.97278,0.00034,0.0,0.07026,30.4623,49.1,13.569,,189.299,29.0544,32.384,112.981,6.637,0.35523,54.232,568.661,0.0,104.35,33.0,42.6993,9.163,0.0,40.3931,0.0,0.22419,0.0,0.0,0.0,0.0,141.061,171.522,102.844,0,30.8666,0.0,462.929,21.9693,0.0,159.301,4.52204,11.1502,0.0,0.0,78.9217,196.626,178.993,1.135,1.2307,8.91997,22.989,0.0,4.22984,22.12,0.0,14.1306,0.0,0.0,0.0
2023-12-05 07:45:00,31.9978,918.117,86.0707,0.0,68.23,9.78168,44.9293,18.9997,0.0,133.702,0.0,16.7697,18.2943,0.0,17.748,0.0,245.397,0,1870.68,0.0,46.128,75.9073,58.3517,26.1982,30.6145,6.5449,8.89955,0.00034,0.0,0.10409,30.17,50.15,13.3955,,194.405,23.5248,31.35,113.671,6.838,0.0,54.358,557.943,0.0,104.71,34.75,42.6017,9.528,0.0,40.3931,0.0,0.2041,0.0,0.0,0.0,0.0,120.835,61.593,100.785,0,31.0533,0.0,465.102,21.3687,0.0,161.309,6.02499,11.5799,0.0,0.0,79.4255,195.354,178.993,0.03738,0.33347,0.26767,22.689,0.0,4.22984,22.35,0.0,15.4901,0.0,0.0,0.0
2023-12-05 07:50:00,31.4953,899.855,86.5991,0.0,64.23,9.53049,43.6512,20.2997,0.0,134.897,0.0,16.7453,18.3944,0.0,23.7875,0.0,247.972,0,1839.43,0.0,58.8174,75.2628,59.5236,26.5003,28.9446,6.7749,6.24936,0.00034,0.0,48.8509,30.7268,50.15,13.3443,,91.1371,10.5114,33.572,114.555,7.038,0.39673,54.358,571.029,0.0,104.89,36.5,42.5009,9.894,0.0,39.1852,0.0,0.17395,0.0,0.0,0.0,0.0,144.5,65.1911,106.014,0,32.0494,0.0,461.22,21.3858,0.0,163.354,6.99181,12.0304,0.0,0.0,80.0563,195.344,178.993,1.40117,5.69592,3.00722,22.289,0.0,4.22984,22.38,0.0,12.9341,0.0,0.0,0.0
2023-12-05 07:55:00,28.6973,865.528,86.931,0.0,60.23,8.92136,44.1602,21.6997,0.0,136.003,0.0,18.8495,18.4347,0.0,30.2889,0.0,249.95,0,1831.38,0.0,50.8522,74.3362,58.6667,26.6987,34.7545,6.98489,7.41735,0.00034,0.0,83.796,30.4346,50.15,13.2593,,117.07,18.1509,32.088,115.024,7.239,0.19898,54.448,562.338,0.0,105.02,38.25,42.2995,10.228,0.0,39.6898,0.0,0.184,0.0,0.0,0.0,0.0,144.192,62.417,106.647,0,31.7089,0.0,463.881,21.0831,0.0,165.258,7.96741,12.4894,0.52308,0.0,80.4536,195.463,178.993,0.45609,0.56376,0.20188,20.989,0.0,4.22984,22.06,0.0,12.7166,0.0,0.0,0.0
2023-12-05 08:00:00,21.1945,813.965,86.8315,0.0,61.23,6.97256,44.2921,22.8997,0.0,137.3,0.0,18.5489,16.3034,0.0,30.2131,0.0,251.576,0,1778.62,0.0,109.471,72.9817,57.0724,26.9001,30.9445,7.18489,11.3688,0.00034,0.0,85.0084,30.4038,50.15,12.777,,189.127,29.2739,32.476,112.539,7.44,0.0,54.554,539.535,0.0,104.98,40.0,42.6017,10.559,0.0,39.8517,0.0,0.2041,0.0,0.0,0.0,0.0,143.621,184.688,104.92,0,29.6104,0.0,460.878,20.6339,0.0,167.114,8.59144,12.9496,0.90944,0.0,79.061,195.381,178.993,0.0,0.0,0.0,21.889,0.0,4.22984,22.16,0.0,10.1968,0.0,0.0,0.0
2023-12-05 08:05:00,21.6943,801.221,86.8241,0.0,66.68,9.04486,44.4129,24.1996,0.0,138.097,0.0,19.202,14.6444,0.0,28.3177,0.0,241.414,0,1744.51,0.0,116.844,72.9464,57.6632,27.1992,31.7945,7.38489,11.7243,0.00034,0.0,3.25107,30.5515,50.15,13.1733,,205.815,29.0473,27.857,114.782,7.641,0.0,54.554,506.697,0.0,105.01,41.75,42.0005,10.866,0.0,39.9629,0.0,0.17395,0.0,0.0,0.0,0.0,131.657,177.446,102.229,0,29.1417,0.0,446.913,21.232,0.0,168.31,8.10803,13.3305,1.58572,0.0,79.6303,195.363,178.993,0.0,0.0,0.0,21.589,0.0,4.22984,22.41,0.0,9.07292,0.0,0.0,0.0
2023-12-05 08:10:00,19.7945,762.573,86.9389,0.0,64.24,9.94285,43.2007,25.4996,0.0,138.797,0.0,18.6267,13.4127,0.0,30.0882,0.0,246.59,0,1742.24,0.0,124.584,73.1428,57.9513,27.0985,32.2145,7.58488,13.9397,0.00034,0.0,0.06677,30.7545,50.15,12.9915,,193.327,29.0473,26.565,115.018,7.842,0.0,54.654,487.581,0.0,105.0,43.5,42.0005,11.168,0.0,38.8708,0.0,0.1639,0.0,0.0,0.0,0.0,138.534,151.655,102.904,0,26.8638,0.0,416.98,20.6998,0.0,168.682,8.06409,13.7101,0.05554,0.0,79.6959,195.436,180.994,0.02542,0.0,0.0,22.089,0.0,4.22984,22.01,0.0,10.3237,0.0,0.0,0.0
2023-12-05 08:15:00,16.5973,740.063,85.5795,0.0,67.48,10.1208,43.2593,26.6996,0.0,139.298,0.0,20.5112,12.5557,0.0,29.3468,0.0,200.981,0,1711.84,0.0,124.877,72.8306,58.9841,27.0985,31.7845,7.77488,20.2493,0.00034,0.0,0.07229,30.3761,50.15,13.0806,,200.115,26.9923,26.473,115.013,7.992,0.177,54.958,479.207,0.0,105.02,45.0,42.0005,11.461,1.37789,38.8826,0.0,0.2041,0.0,0.0,0.0,0.0,135.491,161.021,103.348,0,23.9524,0.0,407.727,20.9097,1.61494,169.281,6.73692,14.1398,0.76478,0.0,81.2933,195.235,180.994,0.71928,42.4435,19.289,21.689,0.0,4.22984,22.31,0.0,12.9522,0.0,0.0,0.0
2023-12-05 08:20:00,13.0973,689.915,85.5902,0.0,66.42,8.29339,44.8707,28.0996,0.0,102.597,0.0,18.4863,13.6739,0.0,29.7073,0.0,242.43,0,1688.31,0.0,124.822,73.1428,56.6207,27.0985,35.8344,7.97488,19.6082,0.00034,0.0,0.04802,30.5207,50.15,12.6771,,172.39,27.0419,26.364,113.923,8.193,0.0,54.962,446.564,0.0,105.01,46.75,42.0005,11.779,1.60678,40.3354,0.0,0.2041,0.0,0.0,0.0,0.0,135.106,154.585,99.3832,0,26.2889,0.0,402.869,20.4312,0.0,169.751,9.00453,14.5,0.0,0.0215,81.1499,198.119,180.994,0.0,10.514,0.0,20.289,0.0,4.22984,22.38,0.0,10.7951,0.0,0.0,0.0
2023-12-05 08:25:00,14.4951,700.707,85.5902,0.0,63.49,8.40224,43.7024,29.1996,6.81456,139.8,0.0,16.7514,15.4745,0.0,29.952,0.0,186.374,0,1659.79,0.0,117.003,72.5738,59.1501,27.0985,38.2244,8.14488,20.2811,0.00034,0.0,0.07014,30.9914,50.15,13.2603,,214.869,29.0456,26.45,115.024,8.343,0.33326,55.028,452.595,0.0,104.99,48.25,42.0005,12.074,1.97299,39.3591,0.0,0.37491,0.0,0.0,0.0,0.0,132.096,164.857,104.997,0,25.062,0.0,400.208,21.1148,2.55132,169.61,8.16077,14.8198,0.0,0.0885,82.3747,198.091,180.994,0.82994,2.66029,0.41123,20.489,0.0,4.22984,22.29,0.0,12.9341,0.0,0.0,0.0
2023-12-05 08:30:00,13.7942,710.008,85.561,0.0,67.2,8.9402,44.1309,30.3995,11.0763,139.903,0.0,21.6983,17.3141,0.0,24.5647,0.0,256.4,0,1654.03,0.0,118.999,73.0069,60.1535,27.0985,43.8843,8.35487,24.3817,0.00034,0.0,0.0578,30.5515,50.17,13.6929,,207.175,29.0119,26.342,115.134,8.493,0.73365,55.058,466.853,4.73999977112,104.98,49.5,42.2019,12.408,0.0,39.7429,0.0,0.32467,0.0,0.0,0.0,0.0,135.733,160.362,106.305,0,25.4685,0.0,402.332,22.1402,0.75674,169.433,9.11879,15.1396,0.0,0.1625,82.7884,198.082,181.994,2.68421,0.0,1.53277,18.589,0.0,4.22984,22.27,0.0,14.4569,0.0,0.0,0.0
2023-12-05 08:35:00,12.294,700.072,85.5291,0.0,65.47,9.75237,44.9403,31.5995,13.6975,140.102,0.0,24.4083,17.5851,0.0,24.7081,0.0,253.46,0,1643.34,0.0,124.297,73.0522,58.5983,27.0985,43.4943,8.49487,22.141,0.00034,0.0,0.06762,30.17,50.17,13.355,,160.576,18.8466,24.373,115.013,8.644,0.0,55.396,439.875,0.0,105.03,51.25,42.4002,12.691,0.0,40.4776,0.0,0.34476,0.0,33.8775,0.0,0.0,138.161,153.806,102.605,0,24.6006,0.0,403.333,21.5689,1.83275,169.366,10.402,15.3996,0.0,0.0,82.5549,197.963,180.994,0.0,5.31908,13.0562,18.589,0.0,4.0012,22.19,0.0,14.1124,0.0,0.0,0.0
2023-12-05 08:40:00,11.499,676.243,85.561,0.0,62.39,7.82241,44.1016,32.7995,17.1702,140.301,0.0,25.6275,19.183,0.0,18.5334,0.0,253.853,0,1615.19,0.0,124.828,73.4047,57.0626,27.0985,44.3243,8.65487,18.8909,0.00034,0.0,0.06391,30.5515,50.17,12.6787,,168.059,28.596,25.354,113.002,8.795,0.0,55.424,438.752,0.0,105.0,52.5,42.6017,12.96,0.0,39.6218,0.0,0.22419,0.0,177.57,0.0,0.0,139.171,149.833,97.4948,0,25.9043,0.0,394.104,20.4605,0.0,169.201,10.9118,13.6198,0.0,0.0,80.8837,197.853,180.994,0.0,5.47759,0.0,20.189,0.0,4.0012,22.26,0.0,14.9463,0.0,0.0,0.0
2023-12-05 08:45:00,11.7973,679.246,85.6194,0.0,56.19,7.56076,44.1309,33.8995,20.8402,140.397,0.0,25.2796,17.5131,0.0,9.64762,0.0,265.682,0,1582.23,0.0,124.749,74.0593,57.4264,27.0985,42.6544,8.80487,19.6082,0.00034,0.0,0.08231,30.9022,50.17,12.6971,,173.105,21.2326,24.545,113.239,8.945,0.0,55.494,437.385,0.0,105.0,54.0,42.4002,13.207,0.0,39.7349,0.0,0.184,0.0,94.2317,0.0,0.0,137.974,157.34,97.1273,0,28.8267,0.0,399.744,20.5753,1.21469,168.981,15.5964,15.9502,0.0,0.48849,80.298,198.054,178.993,0.0,0.0,0.0,20.689,0.0,4.0012,22.35,0.0,14.8013,0.0,0.0,0.0
2023-12-05 08:50:00,12.7955,694.676,86.8515,0.0,51.51,8.91089,43.9808,27.1996,29.2934,140.397,0.0,27.3503,18.1735,0.0,18.732,0.0,265.628,0,1554.98,0.0,124.511,74.0845,59.0182,27.0985,45.0543,8.94486,23.6708,0.00034,0.0,0.06858,30.5515,50.17,13.161,,194.012,21.3211,24.449,115.018,9.096,0.46754,55.304,447.785,0.0,105.0,55.5,42.4002,13.442,0.0,39.5795,0.0,0.184,0.0,41.889,0.0,0.0,104.751,185.548,102.246,0,33.4667,0.0,396.741,21.1099,2.62579,168.841,17.3367,16.0503,0.0,4.76243,82.3788,197.926,178.993,1.70025,1.67034,0.0,20.189,0.0,4.0012,22.36,0.0,16.6866,0.0,0.0,0.0
2023-12-05 08:55:00,14.196,685.154,85.5503,0.0,56.62,9.22278,44.9512,36.1995,34.4068,140.397,0.0,30.0526,17.8341,0.0,18.8652,0.0,265.912,0,1511.79,0.0,124.279,74.6837,58.2419,27.0985,42.3744,9.08486,29.333,0.00034,0.0,0.06343,30.493,49.19,13.2449,,173.739,28.8332,22.444,114.992,9.247,0.0,55.47,439.362,0.0,105.03,56.75,42.2995,13.689,0.0,40.4738,0.0,0.2041,0.0,38.9955,0.0,0.0,130.009,159.034,98.8962,0,34.7045,0.0,404.187,21.2149,3.2699,168.884,22.0565,16.95,0.0,0.0,82.8744,197.981,177.993,0.0,0.0,0.0,19.289,0.0,4.22984,22.51,0.0,17.9918,0.0,0.0,0.0
2023-12-05 09:00:00,11.7977,685.032,85.5689,0.0,55.9,5.08028,44.6326,37.1994,33.0943,140.198,0.0,32.0043,19.3442,0.0,24.6989,-0.05,217.959,0,1499.85,0.0,124.004,73.6061,57.2775,27.0985,40.2344,9.23486,30.7612,0.0,0.0,0.06556,30.5207,49.19,12.9838,,196.298,29.0031,42.912,113.518,9.398,0.0,54.542,439.973,13.75,105.04,58.0,42.2995,13.89,0.0,40.1635,0.0,0.184,0.0,27.0139,0.0,0.0,128.174,177.675,4.24262,0,33.7377,0.0,406.677,21.0025,1.93513,168.67,22.5575,17.16,0.0,0.0,81.5636,197.972,176.993,0.0,0.02243,0.0,19.389,0.0,4.22984,22.14,0.0,19.0432,0.0,0.0,0.0
2023-12-05 09:05:00,11.598,687.84,85.5503,0.0,57.76,5.62452,43.3326,38.3994,33.2271,140.5,0.0,31.873,19.404,0.0,28.7058,0.06,195.94,0,1487.64,0.0,123.803,74.2909,57.9513,27.0985,45.1543,9.35486,25.9433,1.77691,0.0,0.08064,30.3761,49.19,13.2424,,141.16,18.9209,42.995,114.987,9.498,0.0,54.142,445.002,39.3199996948,105.05,59.25,42.0005,14.082,0.0,39.0363,0.0,0.17395,0.0,0.1149,0.0,0.0,120.407,125.406,0.0,0,32.4266,0.0,400.525,20.8853,2.12688,168.56,25.2294,17.0403,0.0,2.31546,81.8422,198.036,177.993,0.0,0.0015,22.5639,19.889,0.0,4.22984,22.34,0.0,23.1219,0.0,0.0,0.0
2023-12-05 09:10:00,10.6979,670.726,85.561,0.0,57.74,5.45078,42.7796,39.3994,38.0084,140.603,0.0,33.0419,20.2841,0.0,29.2588,7.66,235.899,0,1463.52,0.0,115.709,73.586,57.8097,27.0985,39.7944,9.45486,27.2128,9.79016,0.0,0.03682,30.2561,49.19,12.8082,,205.362,24.5497,44.382,114.892,9.598,0.29664,54.528,442.976,148.470001221,104.99,60.5,42.0005,14.216,0.0,38.567,0.0,0.184,0.0,0.0,0.0,0.0,117.781,156.919,0.0,0,30.9361,0.0,404.138,20.4971,2.27767,168.487,28.4814,17.4297,0.0,0.0,82.4934,197.881,176.993,0.0,0.0,0.0,18.889,0.0,4.22984,22.18,0.0,17.593,0.0,0.0,0.0
2023-12-05 09:15:00,10.3947,637.205,84.1299,0.0,63.11,2.73167,44.7608,40.2994,42.6647,140.699,0.0,34.638,21.434,0.0,29.1533,7.37,228.528,0,1427.93,0.0,81.474,73.4399,56.8869,27.0985,40.6944,9.60485,23.0931,8.72929,0.0,0.05491,31.0775,48.72,12.884,,207.497,28.9429,44.466,113.455,9.749,0.78981,54.912,441.682,110.989997864,104.99,61.5,42.0005,14.387,0.0,40.2967,0.0,0.2041,0.0,0.0,0.0,0.0,114.276,177.464,0.0,0,29.2186,0.0,401.648,20.795,0.66738,168.322,29.6504,15.96,0.0,0.0,81.8872,197.789,178.993,0.0,0.0,0.0,18.589,0.0,4.22984,22.28,0.0,17.7198,0.0,0.0,0.0
2023-12-05 09:20:00,11.594,633.518,84.1299,0.0,62.73,2.19371,43.8819,41.2994,41.2194,140.699,0.0,30.7561,22.0432,0.0,29.5168,8.85,147.458,0,1403.49,0.0,52.6711,72.8256,56.9235,27.0985,42.9843,9.72485,19.951,12.2666,0.0,82.2641,30.3454,48.72,12.8077,,213.187,29.019,44.574,113.839,9.9,2.79423,55.048,442.39,84.9700012207,105.03,62.5,41.8997,14.682,0.0,39.5231,0.0,0.22419,0.0,0.0,0.0,0.0,120.264,176.127,0.0,0,29.1563,0.0,400.793,20.6265,0.0,168.371,33.2627,18.41,0.0,0.1465,81.6947,197.835,178.993,0.0,0.0,0.0,19.689,0.0,4.22984,22.34,0.0,17.8649,0.0,0.0,0.0
2023-12-05 09:25:00,10.1975,634.592,84.1299,0.0,64.34,1.95403,43.5816,42.2994,51.8367,142.203,0.0,29.72,23.5447,0.0,29.6264,7.03,231.929,0,1370.16,0.0,38.9075,72.3271,57.3971,27.0985,38.3944,9.79485,18.2498,13.2671,0.0,85.0002,30.4623,48.72,12.9167,,197.738,27.1994,44.639,115.018,10.05,2.804,51.656,442.267,0.0,105.09,63.75,41.8997,14.887,0.0,39.1843,0.0,0.184,0.0,0.0,0.0,0.0,120.692,176.091,0.0,0,27.8856,0.0,400.378,20.7999,0.0,168.176,34.291,18.15,0.0,0.0,83.0423,197.917,177.993,0.0,0.09421,0.0,19.189,0.0,4.22984,22.43,0.0,14.9101,0.0,0.0,0.0
2023-12-05 09:30:00,11.3952,621.872,84.1299,0.0,77.48,0.62692,44.5118,43.0993,47.7117,141.997,0.0,26.2486,23.3433,0.0,29.7329,6.33,267.985,0,1354.12,0.0,119.567,71.9041,56.2203,27.0985,39.4644,9.85485,19.3987,9.65209,0.0,84.9756,30.813,48.15,12.5855,,212.17,23.831,44.766,112.328,10.151,3.17998,47.32,440.949,0.0,103.08,64.75,42.1012,15.079,0.0,40.0905,0.0,0.1639,0.0,0.0,0.0,0.0,121.373,159.428,0.0,0,24.9961,0.0,401.428,20.4117,0.0,168.078,31.373,17.4798,0.0,0.0,81.4613,197.89,178.993,0.0,0.0,0.0,18.989,0.0,4.22984,22.26,0.0,16.4872,0.0,0.0,0.0
2023-12-05 09:35:00,15.8945,648.191,87.0,0.0,90.66,0.0,43.8819,34.2995,50.2,141.702,0.0,25.4475,24.9229,0.0,15.5197,8.54,265.519,0,1325.92,0.0,118.12,72.2868,57.485,27.0985,34.9145,9.86485,19.4368,12.1412,0.0,72.278,30.6684,48.15,12.8686,,220.196,26.1002,44.89,114.992,10.252,4.56672,47.194,441.804,0.0,102.83,65.0,41.8997,15.168,0.0,39.5668,0.0,0.22419,0.0,0.0,0.0,0.0,119.385,192.039,0.0,0,25.6406,0.0,400.647,20.8267,0.0,167.895,30.9863,18.6297,0.0,0.0,82.2436,197.752,178.993,0.0,0.0,0.0,19.789,0.0,4.22984,22.29,0.0,20.9103,0.0,0.0,0.0
2023-12-05 09:40:00,23.2986,664.939,87.0,0.0,85.3,0.0,43.9698,44.8993,54.7899,141.4,0.0,27.7775,20.3146,0.0,10.4653,9.18,254.056,0,1289.42,0.0,115.734,72.9464,58.2248,27.0985,38.0344,9.89485,21.3729,14.3034,0.0,84.3776,32.7202,48.15,13.2019,,218.645,29.0066,44.81,115.024,10.352,2.3035,55.318,441.73,0.0,102.8,66.75,42.1012,15.305,0.0,39.5509,0.0,0.21414,0.0,0.0,0.0,0.0,109.728,155.143,0.0,0,27.7244,0.0,404.602,21.0782,0.05306,167.895,31.4873,18.9203,0.0,0.0,83.2963,197.624,177.993,0.0,0.0,0.0,19.189,0.0,4.22984,22.38,0.0,19.5689,0.0,0.0,0.0
2023-12-05 09:45:00,23.6969,642.698,86.8672,0.0,86.93,0.0,43.8196,45.6993,62.7158,141.001,0.0,25.1591,26.4439,0.0,18.6942,7.82,257.66,0,1285.01,0.0,101.402,73.163,56.9772,27.0985,39.3644,9.87485,25.226,12.5189,0.0,82.5917,31.1944,48.15,13.0724,,220.116,29.0633,44.821,113.802,10.402,2.66484,55.162,438.849,0.0,102.81,67.75,42.1012,15.455,0.0,39.4415,0.0,0.38495,0.0,0.0,0.0,0.0,110.837,185.631,0.0,0,28.7279,0.0,399.084,20.7974,0.0,167.883,31.8389,19.7894,0.0,0.0,82.6245,197.615,177.993,0.0,0.0,0.0,18.589,0.0,4.5728,22.24,0.0,17.9736,0.0,0.0,0.0
2023-12-05 09:50:00,24.6956,643.113,86.9708,0.0,82.11,0.0,44.1895,46.5993,57.6024,140.898,0.0,19.3195,25.5137,0.0,29.5629,8.78,257.078,0,1317.7,0.0,97.2885,72.3271,57.8903,27.0985,42.7844,9.88485,18.9734,12.557,0.0,85.0371,34.3014,48.15,13.2797,,167.263,24.6629,44.836,115.013,10.503,1.00465,28.518,444.66,0.0,102.81,68.5,41.5,15.6,0.0,39.7221,0.0,0.34476,0.0,0.0,0.0,0.0,112.233,190.236,0.92714,0,27.0066,0.0,400.891,21.2369,0.0,167.651,30.2041,19.6698,0.0,0.0,83.3208,202.033,178.993,0.0,0.0972,0.0,18.689,0.0,4.5728,22.43,0.0,15.3451,0.0,0.0,0.0
2023-12-05 09:55:00,22.7971,643.967,85.5689,0.0,89.02,0.0,44.1309,47.3993,55.8993,141.001,0.0,18.4665,24.4041,0.0,29.4595,7.14,257.349,0,1336.08,0.0,106.285,77.1813,58.0417,27.0985,38.4744,9.89485,17.9959,10.8074,0.0,85.0166,34.1845,48.15,13.3268,,138.783,25.571,43.187,115.013,10.603,0.0,37.724,443.122,16.6399993896,102.79,69.5,42.0005,15.737,0.0,39.7145,0.0,0.2041,0.0,0.0,0.0,0.0,97.4557,128.858,1.08949,0,30.4051,0.0,397.278,21.4639,0.0,167.626,29.8349,19.3304,0.0,0.0,83.0587,247.15,178.993,0.0,0.0,0.0,18.789,0.0,4.5728,22.28,0.0,13.0066,0.0,0.0,0.0
2023-12-05 10:00:00,23.8939,642.966,85.5291,0.0,90.9,0.0,43.7794,48.1993,53.0164,141.098,0.0,20.3403,24.7337,0.0,29.471,7.93,257.633,0,1336.4,0.0,74.5159,71.7027,58.0368,27.0985,36.8944,9.86485,19.0814,11.7072,0.0,85.0207,34.3321,48.27,13.2424,,105.659,22.2468,43.89,115.018,10.653,0.25269,53.602,444.367,152.630004883,102.81,70.25,41.8021,15.844,0.0,39.4004,0.0,0.2041,0.0,0.0,0.0,0.0,94.775,127.247,1.48257,0,30.8959,0.0,401.184,21.0611,0.0,167.388,26.4511,19.4806,0.0,0.0,83.4232,247.645,178.993,0.0,0.0,0.0,18.289,0.0,4.5728,22.27,0.0,10.3056,0.0,0.0,0.0
2023-12-05 10:05:00,24.3973,671.775,85.4999,0.0,91.59,0.0,43.772,50.2992,45.4187,141.001,0.0,22.0646,25.4331,0.0,29.471,6.35,258.148,0,1329.76,0.0,55.3201,72.4983,59.0841,27.0985,35.4645,9.86485,21.7665,9.26885,0.0,84.9838,33.6554,48.27,13.4221,,110.302,14.9914,43.99,114.992,10.754,0.42359,48.842,454.304,78.4000015259,104.59,71.0,42.2995,15.92,0.0,39.4004,0.0,0.23424,0.0,0.0,0.0,0.0,92.0613,75.2529,1.44839,0,24.6262,0.0,400.769,21.3638,0.0,167.181,27.3827,19.5502,0.0,0.0,84.3285,246.244,178.993,0.0,0.0,0.0,17.789,0.0,4.5728,22.36,0.0,7.98526,0.0,0.0,0.0
2023-12-05 10:10:00,25.2965,672.483,85.6008,0.0,91.31,0.0,44.0028,49.9992,45.4148,140.898,0.0,21.0681,21.7844,0.0,20.5158,7.31,258.636,0,1313.03,0.0,50.5898,72.3523,58.0343,27.0985,34.5245,9.88485,22.1791,8.90703,0.0,85.0125,34.2122,48.27,13.2326,,93.826,12.2921,44.706,114.992,10.804,0.75807,37.64,441.144,320.399993896,104.96,71.5,42.1012,16.025,0.0,39.5902,0.0,0.23424,0.0,0.0,0.0,0.0,90.721,68.0476,0.0,0,25.6553,0.0,400.5,21.0806,0.0,167.15,27.9101,19.6698,0.0,0.0,84.0704,244.715,178.993,0.0,0.0,0.0,17.989,0.0,4.5728,22.21,0.0,9.83429,0.0,0.0,0.0
2023-12-05 10:15:00,26.8971,660.96,85.5902,0.0,88.96,0.0,43.8819,49.9992,55.3798,138.001,0.0,25.4078,17.8549,0.0,18.1074,6.7,259.232,0,1308.35,0.0,71.9158,77.6194,57.2799,27.0985,33.4545,9.88485,22.1981,8.28653,0.0,85.0289,33.9784,48.27,13.0017,,131.109,12.7169,43.372,113.602,10.854,0.0,37.376,438.508,250.470001221,103.11,72.25,42.2019,16.107,1.27718,39.5745,0.0,0.22419,0.0,0.0,0.0,0.0,85.9858,70.5196,0.0,0,20.8103,0.0,396.081,20.6509,0.0,167.175,24.9042,19.6295,1.3959,0.0,83.4109,246.29,178.993,0.0,0.0,0.0,18.289,0.0,4.5728,22.5,0.0,9.92493,0.0,0.0,0.0
2023-12-05 10:20:00,29.896,680.491,84.8892,0.0,93.64,0.0,44.3397,50.2992,55.4423,132.7,0.0,24.0635,20.4147,0.0,29.5301,4.84,259.923,0,1314.2,0.0,64.6647,71.2495,57.8659,27.0985,34.2245,9.88485,19.1258,6.32746,0.0,84.992,34.5659,48.27,13.3228,,129.779,15.6605,42.378,115.003,10.955,0.0,55.706,446.857,158.820007324,102.84,72.75,41.8997,16.25,4.41749,39.9484,0.0,0.2041,0.0,0.0,0.0,0.0,86.9526,144.852,0.0,0,21.03,0.0,403.87,21.2686,0.00093,167.004,29.0966,19.7601,1.38552,0.0,83.8615,246.381,178.993,0.0,0.0,0.0,17.989,0.0,4.5728,22.39,0.0,11.9371,0.0,0.0,0.0
2023-12-05 10:25:00,32.297,693.358,85.4494,0.0,97.62,0.0,43.2703,49.7992,61.4033,133.098,0.0,30.0923,14.9447,0.0,16.7107,4.25,260.858,0,1307.32,0.0,114.269,70.9675,57.3239,27.0985,36.1544,9.87485,18.4656,7.18361,0.0,85.0084,34.2706,48.27,12.7851,,198.967,27.9004,44.317,114.418,11.005,0.0,46.3,442.512,0.0,102.86,73.25,41.8997,16.274,4.50904,38.9661,0.0,0.22419,0.0,0.0,0.0,0.0,86.634,157.066,0.0,0,21.041,0.0,404.797,20.4825,0.0,166.882,24.8602,19.4195,2.08621,0.0,83.4519,306.047,178.993,0.0,0.0,0.0,18.589,0.0,4.5728,22.25,0.0,13.9674,0.0,0.0,0.0
2023-12-05 10:30:00,34.5991,695.457,85.391,0.0,99.07,0.0,44.9512,51.5992,67.501,130.001,0.0,29.6483,19.7446,0.0,29.356,7.09,261.563,0,1303.32,0.0,118.798,72.9414,56.965,27.0985,33.2945,9.86485,13.3811,11.312,0.0,84.9551,34.0953,48.27,13.1052,,162.762,23.8629,44.576,113.323,11.055,0.0,48.686,439.802,0.0,102.83,73.5,41.8997,16.325,3.52941,40.5377,0.0,0.25433,0.0,0.0,0.0,0.0,81.2946,122.971,0.0,0,17.3935,0.0,399.744,21.1954,0.0,166.906,28.3408,19.7797,1.2079,0.0,82.6573,306.029,178.993,0.0,0.0,0.0,18.489,0.0,4.5728,22.24,0.0,12.3178,0.0,0.0,0.0
2023-12-05 10:35:00,39.0975,730.248,85.2689,0.0,99.28,0.0,44.3323,51.9992,72.3488,130.997,0.0,41.1978,21.4536,0.0,10.3132,9.43,262.47,0,1285.71,0.0,89.9214,71.9091,58.6178,27.0985,35.3745,9.89485,16.885,13.7908,0.0,85.0125,34.449,48.27,13.3847,,162.661,21.1441,43.894,114.997,11.155,0.37476,47.544,447.956,0.0,102.82,72.75,41.8997,16.365,2.97093,39.9504,0.0,0.22419,0.0,0.0,0.0,0.0,80.4157,113.202,1.38003,0,21.4658,0.0,398.791,21.6739,0.07539,166.998,31.4785,19.7894,0.0,0.0,84.6807,305.882,178.993,0.0,0.0,0.0,18.189,0.0,4.5728,22.22,0.0,15.5083,0.0,0.0,0.0
2023-12-05 10:40:00,41.1993,730.858,85.2689,0.0,99.41,0.0,43.8819,52.5992,75.4972,129.699,0.0,48.8609,22.1433,0.0,22.9386,8.79,263.297,0,1306.32,0.0,78.5199,72.3674,58.0856,27.0985,32.7345,9.87485,13.8572,12.5205,0.0,85.0289,34.4767,48.27,13.1446,,145.127,20.4131,44.728,115.008,11.205,1.61013,41.014,460.993,0.0,102.84,74.0,42.1012,16.444,2.7512,39.474,0.0,0.21414,0.0,0.0,0.0,0.0,77.4163,121.323,0.0,0,24.2783,0.0,399.768,21.0172,0.0,166.845,35.8292,19.7797,0.0,0.0,83.8205,306.23,178.993,0.0,0.0,0.0,18.389,0.0,4.5728,22.23,0.0,21.5448,0.0,0.0,0.0
2023-12-05 10:45:00,43.8962,755.2,84.2201,0.0,96.48,0.0,44.3726,52.4992,71.1691,130.997,0.0,57.0657,26.9932,0.0,29.3437,7.55,264.422,0,1308.61,0.0,61.7533,73.0069,58.4518,27.0985,28.6746,9.87485,20.6683,10.617,0.0,85.0125,34.2122,47.72,13.5342,,147.404,20.4378,44.788,114.997,11.255,4.23713,43.388,491.707,0.0,102.78,74.0,41.8997,16.547,8.45502,39.9283,0.0,0.23424,0.0,0.0,0.0,0.0,78.3282,141.556,1.79873,0,32.0861,0.0,402.014,21.5738,0.0,166.687,38.5274,19.7894,0.0,0.0,84.4677,311.0,180.994,0.0,0.0,0.0,18.589,0.0,4.5728,22.3,0.0,14.4931,0.0,0.0,0.0
2023-12-05 10:50:00,47.9947,737.475,86.6495,0.0,99.35,0.0,44.6802,20.0997,68.1573,140.898,0.0,52.697,28.0028,0.0,29.27,7.81,257.836,0,1317.92,0.0,112.932,72.458,57.8439,27.0985,23.2146,9.88485,16.739,13.1695,0.0,85.0166,34.126,47.72,13.6499,,161.312,22.2433,44.846,115.003,11.305,4.53254,37.682,504.182,0.0,102.65,74.0,41.8997,16.63,3.19982,40.288,0.0,0.21414,0.0,0.0,0.0,0.0,74.7686,124.61,0.0,0,38.7219,0.0,399.768,21.5543,0.0,166.345,40.2589,19.7797,0.15076,0.0,84.3653,386.212,181.994,0.0,0.0,0.0,18.689,0.0,4.5728,22.18,0.0,19.3695,0.0,0.0,0.0
2023-12-05 10:55:00,49.8963,739.818,86.5194,0.0,97.73,0.0,44.9915,24.1996,60.4228,139.498,0.0,65.4093,22.9343,0.0,29.2157,13.48,245.912,0,1336.37,0.0,98.6923,73.9485,57.8561,27.0985,26.8546,9.88485,21.9188,15.5484,0.0,85.0002,34.1845,47.72,13.5178,,131.935,17.8288,44.896,115.018,11.356,5.59213,37.952,483.894,0.0,102.73,74.0,41.8997,16.647,2.01877,40.5541,0.0,0.22419,0.0,0.0,0.0,0.0,74.3182,94.1771,0.0,0,37.4475,0.0,402.649,21.5738,0.0,166.265,40.8742,19.7894,0.0293,0.0,83.8492,386.148,182.994,0.0,0.0,0.0,18.089,0.0,4.5728,22.25,0.0,25.2972,0.0,0.0,0.0
2023-12-05 11:00:00,48.8952,691.234,86.3787,0.0,95.67,0.0,45.182,47.3993,65.9932,139.003,0.0,59.1287,33.2433,0.0,16.6195,13.12,273.189,0,1301.12,0.0,117.321,72.6443,56.2911,27.0985,33.4045,9.88485,24.1976,12.8482,0.0,84.9019,35.0,47.72,12.8189,,133.516,17.9899,44.892,110.933,11.356,3.13359,44.154,458.967,0.0,102.8,74.0,42.1012,16.682,0.0,40.5541,0.0,0.21414,0.0,0.0,0.0,0.0,76.8341,97.9217,0.0,0,30.9911,0.0,402.576,20.7462,0.0,166.235,40.7511,19.3194,2.03738,0.0,81.2155,391.321,182.994,0.0,0.0,0.0,18.089,0.0,4.5728,22.35,0.0,26.4574,0.0,0.0,0.0
2023-12-05 11:05:00,59.9959,703.197,86.4106,0.0,90.46,0.0,45.691,52.4992,70.1886,139.099,0.0,61.8051,26.4134,0.0,12.4303,11.35,269.842,0,1278.39,0.0,96.6964,69.1849,57.8024,27.0985,42.6343,9.87485,23.6517,16.2101,0.0,85.0248,34.6521,47.72,13.1896,,135.58,18.027,44.865,113.465,11.406,1.54421,46.866,475.032,0.0,102.77,74.0,42.1012,16.695,1.87228,41.1709,0.0,0.22419,0.0,0.0,0.0,0.0,74.9224,103.287,0.0,0,32.9247,0.0,404.529,21.6422,0.0,166.332,40.2765,19.7296,4.02716,0.0,83.0833,391.055,182.994,0.0,0.0,0.0,17.489,0.0,4.5728,22.34,0.0,27.4907,0.0,0.0,0.0
2023-12-05 11:10:00,55.6944,698.827,86.5008,0.0,87.96,0.0,46.0719,52.4992,67.6299,138.9,0.0,64.3488,22.634,0.0,16.7624,11.77,269.977,0,1254.85,0.0,74.5953,70.8769,55.6954,27.0985,41.9444,9.89485,31.561,17.4392,0.0,85.0166,34.4183,47.72,12.7467,,151.593,19.1156,42.763,111.444,11.456,0.0,49.066,468.659,0.0,102.72,94.0,42.2019,16.576,5.44289,41.4517,0.0,0.23424,0.0,0.0,0.0,0.0,74.5049,113.285,0.0,0,33.6168,0.0,400.745,21.4713,0.0,166.369,40.5753,19.7797,5.96323,0.0,82.8334,390.954,182.994,0.0,0.0,0.0,17.889,0.0,4.5728,22.24,0.0,31.0618,0.0,0.0,0.0
2023-12-05 11:15:00,54.7948,748.852,86.4504,0.0,84.31,0.0,45.0721,52.4992,70.2511,138.001,0.0,87.7806,22.2239,0.0,15.5822,10.17,269.503,0,1270.97,0.0,58.7808,69.1698,58.3835,27.0985,47.6643,9.88485,33.0083,14.6621,0.0,85.0207,34.9166,47.72,13.4333,,130.827,18.1509,44.79,115.024,11.456,0.57496,55.492,484.382,0.0,102.8,94.0,42.0005,16.644,1.78073,40.524,0.0,0.21414,0.0,0.0,0.0,0.0,87.0405,101.593,1.13222,0,33.9208,0.0,402.893,22.0938,0.06423,166.131,39.1339,19.8004,5.24239,0.0,84.3694,390.881,93.9998,0.02841,0.0,0.0,17.989,0.0,4.5728,22.36,0.0,30.2461,0.0,0.0,0.0
2023-12-05 11:20:00,58.1936,735.985,86.5008,0.0,92.65,0.0,45.1014,52.4992,69.3331,136.003,0.0,90.7851,23.5239,0.0,25.4935,16.82,269.733,0,1293.99,0.0,54.4534,68.9231,58.1662,12.1996,49.7842,9.89485,33.3701,16.0713,0.0,85.0207,34.3598,47.72,13.2946,,135.782,18.3209,44.898,115.008,11.456,7.11315,55.504,478.206,62.4000015259,102.76,94.0,42.2019,16.624,0.0,40.6316,0.0,0.21414,0.0,0.0,0.0,0.0,76.2078,102.454,0.0,0,41.8457,0.0,396.912,21.6275,0.0,166.101,37.631,19.8199,5.10445,0.0,83.583,297.349,117.997,0.0,0.0,0.0,17.789,0.0,4.5728,22.09,0.0,32.784,0.0,0.0,0.0
2023-12-05 11:25:00,59.5949,738.158,86.469,0.0,97.52,0.0,45.1197,52.4992,77.134,126.801,0.0,83.0259,26.1228,0.0,25.2437,16.08,269.815,0,1317.21,0.0,87.9988,69.5173,57.7999,26.7994,54.0842,9.88485,35.2808,17.7717,0.0,85.0289,34.2122,47.72,13.2695,,132.176,18.7758,44.892,113.971,11.456,8.29725,55.4,453.425,23.1399993896,102.73,94.0,42.2995,16.562,0.0,40.6785,0.0,0.21414,0.0,0.0,0.0,0.0,89.7322,103.268,0.0,0,50.4006,0.0,396.081,21.3004,0.0,165.948,34.7305,19.8102,3.07073,0.0,83.1324,281.941,140.993,0.0,0.0,0.0,17.789,0.0,4.5728,22.26,0.0,30.8987,0.0,0.0,0.0
2023-12-05 11:30:00,62.8974,753.783,86.4504,0.0,94.95,0.0,45.8595,49.3993,73.923,127.598,0.0,83.8285,20.1242,0.0,19.2614,17.38,269.842,0,1340.77,0.0,75.1629,70.328,58.3517,27.0985,60.0141,9.88485,54.4891,26.33,0.0,72.8474,33.7753,47.52,13.7917,,215.876,29.0137,44.891,115.024,11.406,8.38025,55.056,456.501,0.0,102.8,94.0,42.2995,16.559,4.16114,40.725,0.0,0.22419,0.0,0.0,0.0,0.0,84.5795,187.837,0.0,0,63.5257,0.0,402.527,21.9937,0.0,165.759,36.5147,19.8004,3.08354,0.0,83.8124,282.023,138.993,0.0,0.0,0.0,17.589,0.0,4.5728,22.37,0.0,32.3489,0.0,0.0,0.0
2023-12-05 11:35:00,75.0938,734.423,86.3495,0.0,101.92,0.0,45.7716,52.4992,69.794,130.997,0.0,73.3715,26.5745,0.0,20.65,22.01,269.489,0,1353.83,0.0,48.368,71.3754,58.1491,27.0985,56.6641,9.88485,44.7263,23.9639,0.0,84.3776,34.0953,47.52,13.6924,,192.39,28.9429,44.886,115.018,11.456,2.07401,54.622,449.006,0.0,103.1,94.0,42.1012,16.573,4.06043,41.1886,0.0,0.36486,0.0,0.0,0.0,0.0,83.1952,175.477,0.0,0,63.1156,0.0,401.257,21.8643,0.0,165.771,38.3077,19.8102,0.0,0.0,83.8369,300.096,91.9993,0.0,0.0,0.0,18.089,0.0,4.5728,22.31,0.0,28.8321,0.0,0.0,0.0
2023-12-05 11:40:00,76.1951,732.274,86.2592,0.0,97.81,0.0,45.7093,52.4992,78.8371,130.997,0.0,96.1761,42.5537,0.0,13.1876,9.02,271.332,0,1322.6,0.0,34.3236,71.6674,57.5998,27.0985,66.004,9.88485,38.131,22.1921,0.0,85.0207,34.1845,47.52,13.4272,,216.188,29.0137,44.778,113.66,11.406,0.0,54.928,443.488,0.0,102.84,94.0,42.2995,16.419,3.55688,41.1729,0.0,0.35481,0.0,0.0,0.0,0.0,89.2268,194.932,0.0,0,61.3248,0.0,404.041,21.1417,0.0,165.441,38.7735,19.8102,0.96193,0.0,83.1488,301.442,107.994,0.0,0.0,0.0,18.189,0.0,4.5728,22.19,0.0,41.3403,0.0,0.0,0.0
2023-12-05 11:45:00,76.5962,740.038,86.23,0.0,96.27,0.0,45.9693,52.4992,82.3763,130.997,0.0,96.3805,43.8929,0.0,13.0673,12.64,270.926,0,1322.19,0.0,44.7913,72.0048,56.3595,27.0985,81.4738,9.90485,42.0729,24.0551,0.0,85.0821,34.1537,47.52,13.1323,,214.396,29.0137,43.877,111.233,11.406,0.0,55.378,436.457,0.0,102.82,94.0,42.2995,16.209,1.36873,41.3442,0.0,0.7944,0.0,0.0,0.0,0.0,93.7313,194.676,0.0,0,68.6821,0.0,400.94,20.8634,0.0,165.27,39.4239,19.8004,4.29755,0.0,81.5555,262.01,101.993,0.0,0.0,0.0,18.189,0.0,4.5728,22.15,0.0,41.5397,0.0,0.0,0.0
2023-12-05 11:50:00,80.5947,733.861,86.1291,0.0,97.39,0.0,46.8922,52.4992,83.1653,130.997,0.0,109.386,48.2741,0.0,25.1546,14.53,266.061,0,1289.03,0.0,53.6294,72.6695,57.0504,27.0985,85.4937,9.87485,47.5002,22.1413,0.0,85.0412,34.3321,47.52,12.9515,,213.117,28.9571,41.598,112.623,11.456,0.0,54.796,437.775,0.0,102.84,94.0,42.2995,16.359,1.86313,42.172,0.0,0.7944,0.0,0.0,0.0,0.0,79.7894,151.737,0.0,0,70.1653,0.0,404.285,21.6178,0.0,165.234,40.1095,19.8102,5.76364,0.0,82.391,262.037,182.994,0.0,0.0,0.0,17.789,0.0,4.5728,22.29,0.0,37.8597,0.0,0.0,0.0
2023-12-05 11:55:00,94.6931,778.613,86.1398,0.0,97.49,0.0,45.3211,45.3993,86.181,131.999,0.0,108.594,53.3034,0.0,18.6532,10.94,261.224,0,1274.85,0.0,50.2968,72.3875,59.2746,27.0985,90.2736,9.88485,50.5027,14.8652,0.0,73.0522,34.126,47.52,13.8184,,183.357,26.1816,33.887,115.008,11.456,0.33814,55.182,465.803,0.0,102.86,94.0,42.6017,16.613,2.0737,40.8395,0.0,0.2041,0.0,0.0,0.0,0.0,83.6457,192.332,2.25162,0,59.2996,0.0,401.672,22.6383,0.0,165.24,40.7335,19.7894,1.75174,0.0,84.4472,282.051,181.994,1.22472,0.0,0.0,17.989,0.0,4.5728,22.39,0.0,42.301,0.0,0.0,0.0
2023-12-05 12:00:00,93.7953,778.857,86.0389,0.0,98.3,0.0,44.6912,52.4992,79.4934,130.997,0.0,128.466,56.2039,0.0,17.4152,16.35,252.078,0,1255.85,0.0,50.663,72.7853,57.817,27.0985,91.1136,9.89485,46.9416,24.9581,0.0,84.5169,34.3598,47.52,13.4625,,178.08,28.9447,36.48,114.334,11.506,0.0,54.872,445.832,0.0,102.8,94.0,42.4002,16.754,1.07576,40.2169,0.0,0.2041,0.0,0.0,0.0,0.0,82.5031,163.758,0.0,0,66.0893,0.0,398.206,21.2247,0.18895,165.069,40.3468,19.8102,0.0,0.0,83.4232,320.879,182.994,0.0,0.0,0.0,18.289,0.0,4.5728,22.34,0.0,56.2775,0.0,0.0,0.0
2023-12-05 12:05:00,97.394,781.03,85.9805,0.0,100.4,0.0,45.1417,52.4992,86.4388,130.901,0.0,120.911,59.8441,0.0,20.0878,26.33,259.083,0,1238.69,0.0,50.3456,72.1508,58.2638,27.0985,82.8938,9.89485,49.8997,21.4899,0.0,82.7351,34.3321,48.11,13.5219,,177.929,29.0013,33.774,113.286,11.506,0.0,54.584,445.71,0.0,102.92,98.0,42.6017,16.721,1.73495,40.5973,0.0,0.2041,0.0,0.0,0.0,0.0,83.5798,161.415,0.0,0,81.2396,0.0,398.962,21.442,0.11077,165.002,39.5909,19.8004,3.00481,0.0,83.5543,320.897,175.992,0.0,0.0,0.0,18.189,0.0,4.5728,22.33,0.0,58.6885,0.0,0.0,0.0
2023-12-05 12:10:00,104.797,757.372,85.9406,0.0,100.13,0.0,45.3724,52.4992,85.263,133.997,0.0,117.058,58.1741,0.0,22.784,24.93,256.129,0,1224.75,0.0,59.9039,71.5869,57.2653,27.0985,88.4637,9.86485,52.0516,16.6886,0.0,83.3208,34.8274,48.11,12.716,,174.102,21.6008,32.891,112.702,11.506,0.0,54.802,441.95,0.0,102.82,98.0,42.6993,16.784,0.0,40.8088,0.0,0.2041,0.0,0.0,0.0,0.0,86.3594,157.908,0.0,0,75.4717,0.0,399.475,20.8804,0.0,165.093,36.2071,19.8102,1.61807,0.0,82.6696,326.455,179.993,0.0,0.0,0.0,18.189,0.0,4.5728,22.27,0.0,41.7028,0.0,0.0,0.0
2023-12-05 12:15:00,107.997,791.943,85.9698,0.0,102.52,0.0,45.8924,52.4992,98.2359,113.0,0.0,112.708,65.2152,0.0,19.0167,16.87,257.552,0,1200.82,0.0,57.4136,72.2616,59.0939,27.0985,92.6436,9.88485,52.1024,25.3668,0.0,83.9025,34.0676,47.75,13.4508,,173.94,22.9035,32.591,115.024,11.557,0.17212,55.066,450.105,0.0,102.9,98.0,42.6993,16.719,0.0,41.2635,0.0,0.2041,0.0,0.0,0.0,0.0,74.8785,157.881,0.0,0,82.3822,0.0,398.157,22.0133,0.05678,164.953,37.2354,19.7504,2.29374,0.0,83.8779,332.479,180.994,0.24674,0.0,0.1301,18.389,0.0,4.5728,22.38,0.0,56.205,0.0,0.0,0.0
2023-12-05 12:20:00,116.395,802.417,85.9512,0.0,102.47,0.0,44.9403,52.4992,94.5678,110.198,0.0,109.253,62.2037,0.0,9.7536,22.1,256.522,0,1197.06,0.0,36.8444,72.0098,59.8264,27.0985,92.8136,9.88485,58.6025,20.9955,0.0,84.4268,33.9507,47.75,13.5521,,126.204,16.9526,33.189,115.008,11.557,0.24292,55.146,449.86,25.3999996185,105.05,98.0,42.6993,16.662,2.63218,40.3995,0.0,0.19405,0.0,0.0,0.0,0.0,84.8652,95.2575,0.0,0,86.2788,0.0,403.894,21.6617,0.0,164.977,36.418,19.8102,0.0,0.0,84.0663,301.085,180.994,0.70433,0.0,0.26468,18.289,0.0,4.5728,22.34,0.0,66.7009,0.0,0.0,0.0
2023-12-05 12:25:00,114.895,809.57,85.8291,0.0,101.67,0.0,44.4605,52.4992,92.603,102.501,0.0,117.075,62.5345,0.0,10.7965,25.47,256.563,0,1224.51,0.0,47.2816,72.1911,59.2892,27.0985,82.9037,9.86485,47.7034,20.5671,0.0,85.0207,33.7753,47.75,13.3601,,126.144,15.4251,31.184,114.997,11.506,0.38941,55.09,443.0,25.3099994659,105.01,98.0,42.6017,16.593,5.79995,40.037,0.0,0.23424,0.0,0.0,0.0,0.0,64.6391,106.162,0.0,0,80.1813,0.0,403.845,21.2222,0.05306,164.752,37.3497,19.7296,0.8954,0.0,84.6029,389.526,183.994,0.99443,0.0,0.44114,18.689,0.0,4.5728,22.39,0.0,75.2028,0.0,0.0,0.0
2023-12-05 12:30:00,112.598,794.653,85.7495,0.0,99.86,0.0,45.3101,52.4992,91.9467,118.397,0.0,135.071,63.4635,0.0,20.265,23.51,256.495,0,1229.8,0.0,65.7023,72.3724,58.3004,27.0985,94.3936,9.88485,56.33,28.3534,0.0,85.0125,34.2706,47.75,12.8727,,119.245,15.2463,33.083,113.181,11.456,0.0,54.822,440.876,0.0,105.06,98.0,42.9007,16.592,0.0,40.8133,0.0,0.2041,0.0,0.0,0.0,0.0,69.9345,163.731,0.0,0,86.3996,0.0,403.748,21.2296,0.0,164.611,37.9825,19.7296,5.38399,0.0,83.7837,389.755,182.994,0.0,0.0,0.0,19.689,0.0,4.5728,22.12,0.0,71.4504,0.0,0.0,0.0
2023-12-05 12:35:00,108.498,846.217,85.691,0.0,100.02,0.0,46.5406,48.3993,97.9742,122.798,0.0,141.808,58.7442,0.0,15.1844,18.63,256.508,0,1224.34,0.0,49.0517,73.6413,60.0119,27.0985,98.2135,9.89485,54.7684,26.4617,0.0,84.9838,33.8615,47.75,13.6499,,161.04,26.6259,27.373,114.982,11.456,0.29419,55.17,459.699,99.7900009155,105.0,101.0,42.6993,16.396,1.149,41.8427,0.0,0.2041,0.0,0.0,0.0,0.0,75.4937,147.581,3.12322,0,73.0217,0.0,404.773,22.7066,0.60967,164.428,35.9434,19.7198,7.80774,0.0,83.2512,389.554,179.993,2.07709,0.0,0.73722,20.589,0.0,4.5728,22.25,0.0,68.2237,0.0,0.0,0.0
2023-12-05 12:40:00,112.596,843.897,85.7495,0.0,101.6,1.4234,46.0426,52.4992,97.4507,129.102,0.0,130.092,60.4434,0.0,15.1803,24.07,256.129,0,1254.36,0.0,49.9184,73.2889,59.7482,27.0985,96.9935,9.87485,51.4612,26.315,0.0,85.0534,33.5969,49.12,13.7559,,166.387,28.8172,29.585,115.008,11.456,0.51881,54.768,459.919,62.8100013733,105.0,101.0,42.8,16.389,4.7837,41.4488,0.0,0.2041,0.0,0.0,0.0,0.0,68.3854,150.73,0.0,0,83.2905,0.0,397.131,22.4503,0.40304,164.355,36.5587,19.7296,6.5156,0.1675,84.2506,389.325,96.9918,1.83484,1.97839,0.76115,19.189,0.0,4.5728,22.39,0.0,78.484,0.0,0.0,0.0
2023-12-05 12:45:00,120.796,818.701,85.7096,0.0,101.09,1.53329,45.8119,52.4992,102.564,118.898,0.0,133.185,61.1527,0.0,14.8331,26.31,249.395,0,1300.95,0.0,70.2678,73.314,60.5295,27.0985,88.0237,9.88485,51.1629,31.3646,0.0,85.0002,34.0676,49.12,14.0431,,182.894,29.0261,29.786,115.008,11.355,0.45533,54.266,456.257,147.38999939,104.92,100.75,43.0014,16.36,1.95468,41.2284,0.0,0.22419,0.0,0.0,0.0,0.0,70.4839,156.242,1.46548,0,87.154,0.0,403.479,22.2843,0.4775,164.392,36.0401,19.7101,5.149,0.1295,84.734,389.371,157.997,1.72119,1.99036,0.73423,19.289,0.0,4.5728,22.49,0.0,86.5508,0.0,0.0,0.0
2023-12-05 12:50:00,123.597,799.219,85.6008,0.0,102.46,3.8055,46.4015,52.4992,100.662,119.2,0.0,133.353,64.3937,0.0,15.0723,24.82,223.406,0,1316.28,0.0,60.3128,74.9959,58.4982,27.0985,96.3735,9.88485,67.8638,25.3969,0.0,72.9047,34.0953,49.12,13.4953,,164.363,29.0898,24.571,113.981,11.255,0.0,54.18,437.897,131.309997559,104.98,100.75,43.0014,16.294,5.68093,41.758,0.0,0.23424,0.0,0.0,0.0,0.0,60.9256,166.551,0.0,0,82.8547,0.0,401.038,21.5641,0.0,164.404,37.3409,19.5904,2.86748,0.0,81.7398,387.997,157.997,0.0,0.0,0.0,19.489,0.0,4.5728,22.41,0.0,81.3844,0.0,0.0,0.0
2023-12-05 12:55:00,120.998,806.079,85.5902,0.0,102.15,3.82224,45.962,52.4992,95.2202,127.797,0.0,104.936,61.835,0.0,11.8933,26.42,232.674,0,1360.76,0.0,57.8531,75.7059,58.2419,27.0985,111.193,9.88485,53.2704,31.8359,0.0,84.2465,34.0676,49.12,13.5183,,138.33,24.47,26.071,114.271,11.205,0.0,54.602,440.168,84.6200027466,105.24,100.75,42.8,16.343,6.06546,41.4034,0.0,0.2041,0.0,0.0,0.0,0.0,55.0588,126.917,0.0,0,82.0563,0.0,404.114,21.9205,0.0,164.147,37.9649,19.5001,0.2417,0.0,81.6865,389.499,93.9998,0.0,0.0,0.0,19.489,0.0,4.5728,22.42,0.0,91.8985,0.0,0.0,0.0
2023-12-05 13:00:00,127.596,816.114,85.5902,0.0,101.88,6.41157,45.0025,52.4992,106.232,117.703,0.0,129.479,73.0938,0.0,11.8984,20.65,179.03,0,1413.03,0.0,57.3159,75.58,59.8923,27.0985,99.7635,9.87485,56.5712,29.5214,0.0,82.985,33.9507,49.08,13.8153,,160.304,21.3122,32.003,115.029,11.155,0.25025,54.336,453.01,89.3899993896,104.8,100.5,43.0014,16.204,5.56191,40.499,0.0,0.21414,0.0,0.0,0.0,0.0,66.298,150.437,1.27749,0,84.1914,0.0,400.403,22.0841,0.01582,164.141,38.545,19.4195,7.69055,0.0,84.2875,389.38,153.996,0.51591,0.54282,0.30356,17.789,0.0,4.5728,22.25,0.0,83.6322,0.0,0.0,0.0
2023-12-05 13:05:00,134.797,839.307,85.5397,0.0,97.78,6.56228,46.4417,52.4992,97.3843,83.6999,0.0,139.411,65.1945,0.0,10.5201,21.39,221.36,0,1433.13,0.0,71.7143,76.1792,60.1974,27.0985,92.5936,9.87485,67.7432,28.666,0.0,83.5584,33.8615,49.08,13.9059,,167.173,20.4963,33.193,115.008,11.155,0.39918,54.648,448.322,154.289993286,105.07,100.25,43.1022,16.006,5.43374,41.8217,0.0,0.2041,0.0,0.0,0.0,0.0,67.902,134.397,1.86709,0,81.3642,0.0,402.893,22.2086,0.0,164.147,36.5059,19.4305,4.95247,0.0,83.7509,387.823,167.999,0.88975,1.20677,0.38132,19.689,0.0,4.5728,22.52,0.0,107.76,0.0,0.0,0.0
2023-12-05 13:10:00,135.299,857.227,85.4813,0.0,100.87,5.61405,47.5221,52.4992,101.123,91.6033,0.0,128.643,68.0046,0.0,10.622,21.7,169.49,0,1446.56,0.0,89.2561,77.8158,59.4821,27.0985,104.793,9.88485,70.0221,38.0297,0.0,84.0991,34.0091,48.1,14.0815,,140.686,19.1581,32.79,114.924,11.155,0.0,54.546,442.878,0.0,105.06,100.0,43.1022,16.087,4.56397,42.9974,0.0,0.23424,0.0,41.1,0.0,0.0,54.8721,100.165,0.0,0,79.7455,0.0,399.5,14.1201,0.0,164.16,36.0313,19.4403,2.01419,0.0,81.0598,389.471,180.994,0.0,0.0,0.0,17.989,0.0,4.5728,22.04,0.0,86.6777,0.0,0.0,0.0
2023-12-05 13:15:00,131.696,873.536,85.5291,0.0,99.85,7.45191,47.1705,52.4992,110.556,93.1003,0.0,149.139,64.5536,0.0,11.0351,23.3,101.334,0,1462.11,0.0,93.016,78.2287,59.4675,8.90059,94.6536,9.87485,70.9933,34.0021,0.0,84.7012,34.0676,49.14,14.1998,,145.843,18.8554,34.899,114.992,11.155,0.0,54.662,442.023,116.330001831,104.98,99.5,43.1998,16.058,6.35843,42.471,0.0,0.22419,0.0,29.7,0.0,0.0,66.0343,101.126,0.0,0,82.0307,0.0,402.673,22.5919,0.0,163.867,36.2422,17.8997,3.76104,0.0,84.0909,389.398,180.994,0.0,0.26169,0.07926,15.989,0.0,4.5728,22.46,0.0,102.413,0.0,0.0,0.0
2023-12-05 13:20:00,130.697,924.294,85.5902,0.0,100.74,6.59473,47.2914,52.5992,111.736,106.902,0.0,144.726,67.5138,0.0,12.7089,24.82,97.1333,0,1500.17,0.0,87.6326,78.5962,61.8625,22.4994,100.053,9.86485,71.3614,36.6372,0.0,85.0043,33.5969,49.14,14.5859,,137.403,17.7651,35.692,115.003,11.105,0.52613,54.872,461.726,273.619995117,104.86,99.0,43.5019,15.869,6.94438,42.5661,0.0,0.21414,0.0,27.7,0.0,0.0,58.5635,88.7572,2.15763,0,85.4841,0.0,401.941,23.1852,0.14986,163.861,36.6202,18.9996,4.56001,0.0545,88.6333,297.377,139.993,0.01645,2.2027,0.85087,16.589,0.0,4.5728,22.25,0.0,84.2486,0.0,0.0,0.0
2023-12-05 13:25:00,0.0,0.0,0.0,0.0,0.0,0.0,0.0,0.0,0.0,0.0,0.0,0.0,0.0,0.0,0.0,0.0,0.0,0,0.0,0.0,0.0,0.0,0.0,0.0,0.0,0.0,0.0,0.0,0.0,0.0,0.0,0.0,0.0,,0.0,0.0,0.0,0.0,0.0,0.0,0.0,0.0,174.759994507,0.0,0.0,0.0,0.0,0.0,0.0,0.0,0.0,0.0,0.0,0.0,0.0,0.0,0.0,0.0,0,0.0,0.0,0.0,0.0,0.0,0.0,0.0,0.0,0.0,0.0,0.0,0.0,0.0,0.0,0.0,0.0,0.0,0.0,0.0,0.0,0.0,0.0,0.0,0.0,0.0
2023-12-05 13:40:00,0.0,0.0,0.0,0.0,0.0,0.0,0.0,0.0,114.49,0.0,0.0,0.0,0.0,0.0,0.0,24.76,0.0,0,0.0,0.0,0.0,0.0,0.0,26.2989,0.0,0.0,0.0,0.0,0.0,0.0,0.0,0.0,0.0,,0.0,0.0,0.0,0.0,10.854,0.0,0.0,0.0,0.0,0.0,0.0,0.0,15.64,0.0,0.0,0.0,0.0,0.0,0.0,0.0,0.0,0.0,0.0,0.0,0,0.0,0.0,0.0,0.0,0.0,0.0,0.0,0.0,0.0,0.0,0.0,0.0,0.0,0.0,0.0,0.0,0.0,0.0,4.5728,22.22,0.0,0.0,0.0,0.0,0.0
2023-12-05 13:45:00,0.0,0.0,0.0,0.0,0.0,0.0,0.0,0.0,114.49,0.0,0.0,0.0,0.0,0.0,0.0,24.76,0.0,0,0.0,0.0,0.0,0.0,0.0,26.2989,0.0,0.0,0.0,0.0,0.0,0.0,0.0,0.0,0.0,,0.0,0.0,0.0,0.0,10.854,0.0,0.0,0.0,584.010009766,0.0,0.0,0.0,15.64,0.0,0.0,0.0,0.0,0.0,0.0,0.0,0.0,0.0,0.0,0.0,0,0.0,0.0,0.0,0.0,0.0,0.0,0.0,0.0,0.0,0.0,0.0,0.0,0.0,0.0,0.0,0.0,0.0,0.0,4.5728,22.22,0.0,0.0,0.0,0.0,0.0
2023-12-05 13:50:00,146.295,916.115,85.4308,0.0,104.33,5.45287,48.3021,26.0996,119.471,15.3983,0.0,156.826,72.7739,0.0,7.73171,24.71,80.8055,0,1516.43,0.0,32.7855,79.3616,58.6838,21.9989,108.703,9.33486,90.4491,36.031,0.0,84.9674,34.2429,48.63,14.0293,,79.5757,11.2655,36.007,113.06,10.503,0.0,54.47,437.36,584.010009766,104.98,94.25,43.5019,15.174,5.02174,43.685,0.0,0.2041,0.0,37.5,0.0,0.0,55.6521,65.2644,0.0,0,91.8819,0.0,397.937,20.7266,0.0,163.787,37.2003,18.6102,4.05951,0.0,84.1523,296.049,85.9979,0.0,0.0,0.0,16.489,0.0,4.5728,22.36,0.0,88.2729,0.0,0.0,0.0
2023-12-05 13:55:00,153.797,955.496,85.3008,0.0,102.43,5.85058,68.7004,26.1996,116.588,48.0968,0.0,157.841,63.4635,0.0,5.0391,22.9,187.512,0,1539.67,0.0,37.3999,80.122,28.0632,25.301,114.303,9.17486,84.6981,42.6604,0.0,85.0002,34.2122,47.13,6.03443,,73.9863,10.8955,0.0,115.008,10.403,6.06332,53.958,481.135,701.0,104.93,93.5,43.5019,14.946,4.9485,73.3288,0.0,0.19405,0.0,34.1,0.0,0.0,52.1584,62.7558,7.89136,0,82.0856,0.0,400.818,7.86511,0.76605,163.635,36.3917,14.9004,4.40986,0.0,88.6252,295.958,102.993,1.43108,3.7579,1.42211,0.0,0.0,4.5728,22.38,0.0,94.4182,0.0,0.0,0.0
2023-12-05 14:00:00,153.995,914.626,85.2689,0.0,102.17,6.55496,50.0526,52.4992,109.572,51.2966,0.0,154.81,68.184,0.0,4.92288,21.98,270.533,0,1511.08,0.0,41.7334,81.2399,58.547,27.0985,122.273,9.03486,89.4716,35.2558,0.0,84.9838,33.7753,44.05,8.56986,,72.9389,10.5964,33.795,113.292,10.302,0.16968,54.334,437.555,518.789978027,104.97,92.5,43.4012,14.719,9.70016,45.33,0.0,0.2041,0.0,151.261,0.0,0.0,52.4221,59.0662,0.0,0,80.1886,0.0,413.562,19.4009,0.0,163.336,33.0869,18.1402,5.37545,0.0,78.0534,295.958,64.9931,0.0,0.0,0.0,20.089,0.0,4.5728,22.21,0.0,88.4905,0.0,0.0,0.0
2023-12-05 14:05:00,146.399,942.995,85.2901,0.0,103.58,6.40948,44.6217,52.4992,111.213,59.2001,0.0,157.992,59.7842,0.0,4.60928,23.31,211.211,0,1570.34,0.0,44.5899,80.8018,60.6296,26.9001,114.803,8.91486,83.7967,33.9878,0.0,84.947,33.9784,44.05,13.5322,,65.9698,9.37859,33.389,114.997,10.201,0.0,54.118,468.611,670.770019531,104.82,91.25,43.9017,14.556,13.0785,40.6188,0.0,0.22419,0.0,170.244,0.0,0.0,53.6855,55.9625,0.0,0,79.9066,0.0,415.54,21.63,0.0,163.238,35.3809,18.1097,4.05524,0.0,75.8784,295.958,66.9936,0.0,0.0,0.0,22.989,0.0,4.5728,22.27,0.0,89.7594,0.0,0.0,0.0
2023-12-05 14:10:00,148.794,957.913,85.2689,0.0,103.96,4.14251,47.3793,52.4992,108.853,59.097,0.0,153.13,68.2145,0.0,4.60928,26.52,154.897,0,1610.47,0.0,37.2839,81.4715,59.9972,27.0985,114.933,8.77487,72.047,32.969,0.0,85.0616,33.9784,44.05,11.9624,,58.8093,7.95901,33.388,114.06,10.051,0.0,53.914,488.46,791.299987793,105.03,90.25,44.1001,14.479,8.77546,42.6849,0.0,0.23424,0.0,173.08,0.0,0.0,36.5466,51.458,0.0,0,79.1302,0.0,404.749,22.2989,0.0,163.342,34.3877,16.3701,2.14481,0.0,73.13,295.875,67.9938,0.0,0.0,0.0,24.289,0.0,4.5728,22.25,0.0,88.7805,0.0,0.0,0.0
2023-12-05 14:15:00,158.395,999.564,85.2397,0.0,103.58,4.16135,47.9103,52.4992,103.349,62.7981,0.0,145.403,65.203,0.0,4.91443,25.92,158.149,0,1688.06,0.0,28.3299,82.1815,61.9895,27.0985,114.093,8.62487,70.3649,40.5299,0.0,85.0371,33.8615,44.05,13.1133,,75.7386,10.4442,38.403,115.008,9.95,0.5066,54.08,536.922,608.229980469,104.95,89.0,44.2008,14.36,6.54154,43.1227,0.0,0.2041,0.0,212.694,0.0,0.0,43.8965,55.1842,2.43961,0,81.8915,0.0,416.004,15.8706,0.59478,163.311,34.2207,15.8904,2.80644,0.1585,76.3331,279.002,112.995,2.42103,2.53468,1.00938,24.789,0.0,4.5728,22.24,0.0,91.9529,0.0,0.0,0.0
2023-12-05 14:20:00,156.998,1001.98,85.1892,0.0,104.01,3.71339,31.7931,50.5992,100.728,77.3003,0.0,165.028,65.4936,0.0,5.95712,28.26,165.967,0,1734.99,0.0,33.5668,82.675,60.6638,9.09896,124.543,8.45487,82.0257,37.5981,0.0,84.992,33.9507,43.89,14.5111,,73.1907,9.78393,40.584,115.003,9.9,0.0,53.992,554.574,535.210021973,104.9,87.75,43.9994,14.255,4.09705,44.6751,0.0,0.21414,0.0,190.986,0.0,0.0,45.3358,47.8965,0.0,0,82.1881,0.0,445.326,16.7666,0.0,163.232,34.4668,17.5103,1.59915,0.0035,79.2044,278.892,106.994,0.12711,0.0,0.10617,21.389,0.0,4.5728,22.17,0.0,101.379,0.0,0.0,0.0
2023-12-05 14:25:00,165.096,1043.63,85.1706,0.0,105.84,5.02376,39.0918,16.9997,100.072,42.6997,0.0,168.466,70.0932,0.0,8.06707,27.04,140.127,0,1783.87,0.0,28.3299,83.6065,61.7038,25.3986,138.833,8.30487,76.4587,35.0852,0.0,85.0657,33.8338,43.89,14.7016,,69.7867,9.2246,40.297,114.992,9.85,0.46754,53.622,578.817,637.66998291,104.9,86.5,44.2008,14.163,5.89151,48.8938,0.0,0.22419,0.0,120.889,0.0,0.0,43.534,49.7734,1.96109,0,82.3273,0.0,461.318,26.5934,0.49239,163.073,34.8184,16.22,1.02235,0.0,80.9779,298.457,72.995,1.80792,1.9425,0.78807,21.889,0.0,4.5728,22.31,0.0,96.9924,0.0,0.0,0.0
2023-12-05 14:30:00,151.996,1064.9,85.1999,0.0,105.23,3.23614,48.9723,33.1995,100.99,44.1005,0.0,162.745,76.6827,0.0,13.1947,24.11,116.063,0,1851.0,0.0,57.145,83.9792,62.009,19.7009,128.163,8.10488,88.786,39.865,0.0,77.3775,33.8338,43.48,10.5175,,59.474,8.00858,43.567,114.992,9.8,0.66285,54.104,617.002,818.270019531,104.71,85.0,44.3015,14.195,5.31472,44.2386,0.0,0.21414,0.0,115.404,0.0,0.0,60.0247,46.0746,1.68765,0,77.2955,0.0,459.78,24.445,0.70089,162.988,33.166,16.0601,2.22354,0.2875,83.0218,303.511,86.9982,2.66328,2.75898,1.16789,19.589,0.0,4.5728,22.43,0.0,92.2066,0.0,0.0,0.0
2023-12-05 14:35:00,161.996,1086.26,85.1706,0.0,105.89,2.57363,51.3124,38.4994,105.314,56.7967,0.0,155.708,72.7434,0.0,15.5223,23.58,78.0548,0,1907.01,0.0,74.0581,84.2712,61.4231,9.19966,128.253,7.94488,83.5174,34.3583,0.0,85.0452,33.9199,44.93,9.77203,,60.179,8.00504,41.7,115.003,9.865,0.0,54.052,709.484,772.150024414,104.61,83.75,44.4999,1.665,8.63813,46.5292,0.0,0.2041,0.0,138.644,0.0,0.0,29.1637,46.6239,0.0,0,79.2731,0.0,474.477,20.5362,0.04375,163.226,34.335,15.4997,3.12078,0.0285,81.5022,299.034,74.9954,0.03439,0.04038,0.02841,19.989,0.0,4.5728,22.22,0.0,93.0768,0.0,0.0,0.0
2023-12-05 14:40:00,145.998,1079.03,85.0698,0.0,105.59,3.42244,42.9517,51.8992,92.142,46.2978,0.0,168.626,73.7542,0.0,29.226,24.32,85.5751,0,1931.23,0.0,46.4942,84.1806,58.7253,9.99924,130.883,7.76488,78.7121,41.3599,0.0,84.7503,33.803,43.92,8.7849,,55.8183,7.38375,43.77,111.197,6.251,0.0,54.008,693.614,812.820007324,104.72,82.25,44.4999,1.997,4.19776,29.8283,0.0,0.22419,0.0,261.778,0.0,0.0,33.2506,37.8988,0.0,0,83.0927,0.0,500.577,18.5147,0.0,163.134,32.6211,15.1799,6.13962,0.0,79.6385,272.035,105.994,0.0,0.0,0.0,18.689,0.0,4.5728,22.21,0.0,78.4296,0.0,0.0,0.0
2023-12-05 14:45:00,154.599,1087.41,85.1096,0.0,105.89,4.13204,50.7521,30.5995,97.189,55.1007,0.0,162.467,74.2534,0.0,29.0806,23.76,143.745,0,1962.26,0.0,35.9167,86.23,58.8669,11.1986,130.553,7.58488,81.721,40.6609,0.0,85.0043,34.1845,42.88,8.41472,,44.71,5.91638,43.545,111.044,2.946,0.0,53.564,682.359,894.380004883,104.65,81.0,46.9993,2.626,5.38796,31.9001,0.0,0.26438,0.0,320.886,0.0,0.0,38.634,33.3211,0.0,0,81.8329,0.0,517.521,39.079,0.0,163.134,33.0781,14.8698,7.74853,0.0,64.6861,272.877,85.9979,0.0,0.0,0.0,34.989,0.0,4.5728,22.19,0.0,71.0878,0.0,0.0,0.0
2023-12-05 14:50:00,165.298,1119.78,85.0512,0.0,105.49,4.66163,41.3404,30.2995,103.673,52.6974,0.0,169.639,74.6038,0.0,18.516,22.25,139.369,0,2002.23,0.0,31.6686,86.2099,59.2233,14.3999,125.113,7.41489,74.237,44.4624,0.0,85.0985,33.9784,42.88,7.32083,,41.9707,6.17127,42.575,113.823,2.985,0.0,53.4,702.818,904.200012207,104.68,79.5,46.9993,2.315,3.14488,32.9772,0.0,0.2041,0.0,339.302,0.0,0.0,35.8544,26.9947,0.0,0,87.1284,0.0,555.535,17.4038,0.0,163.25,34.2559,11.2198,5.45479,0.0005,62.9105,296.425,73.9952,0.0,0.0,0.0,35.489,0.0,4.22984,22.12,0.0,97.1918,0.0,0.0,0.0
2023-12-05 14:55:00,152.294,1147.42,85.0591,0.0,105.96,3.98447,34.862,46.1993,102.17,64.8032,0.0,153.936,81.9049,0.0,14.6816,23.57,126.808,0,2040.07,0.0,31.3268,86.4214,58.6569,8.79988,131.623,7.21489,82.927,37.3069,0.0,85.0412,33.8922,42.88,6.99034,,41.2859,5.8208,43.419,114.25,2.885,0.0,53.55,746.105,828.489990234,104.47,78.0,47.3014,2.312,6.49577,45.3106,0.0,0.22419,0.0,293.141,0.0,0.0,35.4699,33.3852,0.0,0,83.1623,0.0,583.636,11.6298,0.0,162.902,35.1963,14.76,4.06012,2.13247,74.2277,297.945,79.9966,0.0,0.0,0.0,26.589,0.0,4.22984,22.33,0.0,95.8322,0.0,0.0,0.0
2023-12-05 15:00:00,154.398,1180.84,85.0804,0.0,105.47,3.39104,25.0913,51.4992,102.365,74.8009,0.0,174.032,82.0551,0.0,10.9768,28.13,98.678,0,2049.62,0.0,32.9869,87.4788,58.6642,25.9998,128.303,7.03489,83.0921,42.3875,0.0,85.0493,34.0953,42.88,7.02822,,39.5134,5.67211,43.327,114.129,2.533,3.26787,53.518,801.843,799.450012207,104.1,76.25,47.4021,1.996,3.80407,61.9214,0.0,0.25433,0.0,337.352,0.0,0.0,25.0767,31.2428,0.0,0,94.4784,0.0,613.056,12.3891,0.0,162.921,35.9698,6.62984,2.93095,0.0285,64.3052,277.812,65.9934,0.0,0.0,0.0,35.089,0.0,4.22984,22.1,0.0,89.6506,0.0,0.0,0.0
2023-12-05 15:05:00,160.198,1212.07,85.0512,0.0,105.41,4.65954,42.2815,50.4992,91.4194,37.0005,0.0,164.552,72.7532,0.0,11.3173,25.08,225.276,0,2067.88,0.0,34.1405,89.352,57.1896,22.7008,132.563,6.7849,85.4661,42.8326,0.0,85.0657,33.9507,42.88,6.27507,,40.9837,5.67211,43.299,111.423,2.483,1.6321,53.494,824.109,697.559997559,103.97,74.25,47.4998,2.025,4.75624,19.4111,0.0,0.23424,0.0,330.125,0.0,0.0,28.3287,34.9508,0.0,0,88.3882,0.0,654.854,21.066,0.0,162.945,34.8096,3.02011,1.97391,0.0,62.1097,277.61,41.9966,0.0,0.0,0.0,36.189,0.0,4.22984,22.31,0.0,99.7478,0.0,0.0,0.0
2023-12-05 15:10:00,156.798,1240.9,84.9503,0.0,104.84,5.08237,60.0797,50.2992,97.3843,30.7999,0.0,157.7,77.6934,0.0,10.8032,22.83,162.255,0,2084.8,0.0,35.874,89.3822,56.8063,8.10102,125.983,6.5849,87.0467,41.3591,0.0,85.0248,33.8922,42.88,6.29453,,52.3337,7.10054,43.225,110.538,2.533,0.99001,53.468,839.466,731.890014648,103.73,72.5,45.0004,2.265,2.4033,16.9464,0.0,0.22419,0.0,324.348,0.0,0.0,38.656,37.4136,0.0,0,83.3783,0.0,701.755,16.0391,0.0,163.067,32.3047,13.9604,0.0,0.0085,62.4824,296.342,38.9959,0.0,0.0,0.0,34.789,0.0,4.22984,22.44,0.0,94.11,0.0,0.0,0.0
2023-12-05 15:15:00,168.799,1294.47,85.0591,0.0,102.34,6.76114,22.1433,38.1994,114.029,31.8986,0.0,142.953,72.6336,0.0,21.2838,24.76,69.1931,0,2122.49,0.0,38.3642,89.8858,63.1711,11.5007,127.143,6.4149,74.5988,39.5246,0.0,85.0043,33.8615,40.98,7.78138,,51.3065,8.71305,42.947,115.008,2.834,4.03449,52.888,916.86,779.820007324,103.34,70.75,45.2995,2.961,5.74502,15.8625,0.0,0.23424,0.0,349.475,0.0,0.0,38.4472,44.1795,2.03799,0,84.9238,0.0,663.131,10.5043,0.34347,162.963,32.8584,10.6497,0.0,3.38145,65.4725,303.273,51.9989,1.91858,2.12195,0.73423,37.189,0.0,4.22984,25.2,0.0,93.9831,0.0,0.0,0.27581
2023-12-05 15:20:00,174.297,1284.65,85.091,0.0,102.54,5.8935,33.8109,21.0997,113.572,32.9011,0.0,131.655,69.6245,0.0,9.34042,26.17,47.6893,0,2120.03,0.0,40.5493,90.7418,62.4387,9.0013,128.273,6.19491,84.0823,37.2037,0.0,85.0452,33.7446,38.65,7.96442,,48.4665,8.09531,42.644,113.418,2.934,4.13214,52.942,954.531,963.25,103.17,69.0,45.6016,2.628,4.91188,16.8564,0.0,0.22419,0.0,328.577,0.0,0.0,39.1614,44.1154,0.0,0,85.865,0.0,701.144,17.1768,0.0,163.024,24.9394,9.28983,0.0,0.0,63.273,295.665,52.9991,0.0,0.0,0.0,36.889,0.0,4.22984,24.94,0.0,93.5118,0.0,0.0,0.75418
2023-12-05 15:25:00,167.099,1293.37,85.0591,0.0,102.93,5.32309,83.5614,22.8997,104.267,44.8009,0.0,134.794,68.8249,0.0,6.31142,27.76,52.364,0,2103.16,0.0,34.7814,92.4841,60.9519,27.0985,133.913,5.94491,80.3562,36.5555,0.0,84.992,34.0368,38.65,8.02483,,56.6642,7.76077,42.565,112.239,2.331,3.97345,52.822,959.756,920.489990234,102.98,67.25,45.9007,2.312,0.0,24.4389,0.0,0.23424,0.0,339.334,0.0,0.0,35.9094,40.9934,0.0,0,82.6496,0.0,742.625,21.1661,0.0,163.006,32.9024,12.0597,0.0,0.0005,62.5603,295.079,53.9993,0.0,0.0,0.0,36.689,0.0,4.22984,25.91,0.0,83.034,0.0,0.0,0.75647
2023-12-05 15:30:00,160.196,1289.29,85.1202,0.0,103.08,4.83432,54.352,19.7997,106.361,28.1975,0.0,134.302,73.0046,0.0,6.30886,26.36,60.494,0,2124.84,0.0,31.5099,92.8013,61.0739,24.5991,130.583,5.70491,83.3333,41.1711,0.0,85.078,34.0676,38.65,7.78445,,64.5397,7.59261,42.456,112.455,2.23,4.13703,52.296,960.488,929.739990234,102.55,65.25,46.1021,1.859,2.08286,38.4453,0.0,0.22419,0.0,337.977,0.0,0.0,28.4715,31.7281,0.0,0,91.3472,0.0,783.789,18.0923,0.0,163.079,34.1944,11.5494,0.0,0.0,61.7615,295.775,47.9979,0.0,0.0,0.0,36.789,0.0,4.22984,26.05,0.0,93.6569,0.0,0.0,0.0
2023-12-05 15:35:00,165.997,1323.18,84.8813,0.0,102.7,4.69407,57.1096,20.0997,103.482,25.6981,0.0,162.388,73.9739,0.0,10.324,27.69,51.9575,0,2162.87,0.0,29.8741,93.1387,60.8225,5.90066,128.143,5.46492,70.9869,41.5773,0.0,85.0371,34.0091,39.68,7.40352,,59.4035,8.35728,42.144,114.997,2.23,7.45251,51.888,1001.55,940.570007324,102.17,63.5,46.3004,1.241,0.0,49.972,0.0,0.23424,0.0,349.228,0.0,0.0,28.5374,42.266,0.0,0,89.7066,0.0,828.98,19.2374,0.0,162.963,31.0918,11.2198,0.0,0.0035,77.0212,298.338,51.9989,0.0,0.0,0.01645,22.789,0.0,4.22984,26.1,0.0,101.234,0.0,0.0,0.0
2023-12-05 15:40:00,152.698,1368.83,84.09,0.0,104.75,5.164,52.3525,23.1996,100.138,16.7029,0.0,160.963,71.9243,0.0,10.4417,25.69,50.3044,0,2197.25,0.0,34.5129,93.0783,61.3498,11.5984,120.453,5.27492,82.5652,33.3046,0.0,85.0575,33.9784,40.69,0.59488,,56.2614,7.99442,42.03,115.003,2.18,9.82315,51.612,1060.9,934.630004883,101.51,61.5,46.7002,1.045,0.0,46.7025,0.0,0.22419,0.0,362.925,0.0,0.0,29.6251,38.4024,1.86709,0,85.0043,0.0,849.22,2.16434,0.40862,162.768,31.9092,10.7205,0.0,0.1305,80.9452,304.051,134.992,1.01836,1.05425,0.41422,20.789,0.0,4.22984,27.14,0.0,96.5573,0.0,0.0,0.0
2023-12-05 15:45:00,161.798,1385.9,83.729,0.0,103.97,6.59996,44.1126,41.8994,110.228,19.7997,0.0,158.175,77.8741,0.0,29.0355,26.1,62.0387,0,2227.74,0.0,38.7549,93.9494,60.6882,25.301,131.463,5.01492,83.3968,39.8364,0.0,85.0248,34.0091,40.69,13.4277,,36.2001,5.14818,41.871,114.581,2.13,13.3022,51.452,1064.79,850.710021973,100.82,59.25,46.9017,0.968,0.0,41.2265,0.0,0.24429,0.0,348.905,0.0,0.0,31.7125,22.7008,0.0,0,75.4461,0.0,887.747,23.4855,0.35463,161.877,35.0469,10.2701,0.0,0.0,81.7193,297.862,65.9934,0.0,0.0,0.0,20.389,0.0,4.22984,26.87,0.0,90.557,0.0,0.0,0.0
2023-12-05 15:50:00,179.597,1415.81,83.1714,0.0,104.61,4.20426,11.7317,18.4997,108.396,27.0028,0.0,159.788,74.743,0.0,7.8487,23.39,49.1662,0,2277.26,0.0,60.7584,92.6049,61.4817,27.599,133.093,4.79493,67.9019,41.5535,0.0,85.0002,34.0676,39.68,16.2227,,28.6368,3.82065,41.633,115.029,2.08,13.4804,51.476,1103.29,675.150024414,100.18,57.25,47.3014,0.914,3.24559,42.1359,0.0,0.2041,0.0,360.71,0.0,0.0,44.2701,20.8057,0.61952,0,85.6416,0.0,932.792,6.74937,0.09215,159.869,35.627,9.34965,0.0,1.54048,84.1032,300.655,155.997,1.33239,1.46099,0.51292,18.389,0.0,4.22984,26.87,0.0,93.1855,0.0,0.0,0.0
2023-12-05 15:55:00,164.096,1427.18,82.7413,0.0,103.85,5.59312,16.7306,48.2993,106.955,21.5026,0.0,128.791,77.0037,0.0,5.97965,25.28,46.9034,0,2319.91,0.0,29.5872,93.4761,60.9421,6.09903,122.733,4.54493,95.5146,42.0201,0.0,81.2933,34.0091,36.54,28.4201,,30.379,4.36405,41.219,115.003,2.08,13.3486,49.532,1156.54,903.780029297,99.49,55.0,47.4998,0.946,1.06661,50.1198,0.0,0.24429,0.0,273.727,0.0,0.0,46.5443,30.5013,0.0,0,91.9295,0.0,981.402,7.83337,0.00093,158.654,35.8643,9.38017,0.0,2.62346,64.8683,299.3,42.9968,0.10019,0.10617,0.02542,35.689,0.0,4.22984,26.87,0.0,86.859,0.0,0.0,0.0
2023-12-05 16:00:00,155.297,1414.22,82.1014,0.0,107.08,4.54231,13.2699,34.9995,110.162,13.9014,0.0,149.554,72.2344,0.0,6.45094,24.55,63.3937,0,2327.72,0.0,32.578,95.8226,58.3883,26.1006,117.103,4.27493,87.8275,38.1511,0.0,85.0739,33.7446,37.05,11.8395,,64.6303,8.47587,40.919,111.56,1.98,2.21317,49.098,1156.24,970.390014648,98.74,53.0,47.7012,1.01,0.0,58.8235,0.0,0.23424,0.0,223.842,0.0,0.0,35.0964,60.0183,47.4379,0,91.4131,0.0,1027.99,5.42611,0.0,157.165,32.6123,8.3694,0.99062,0.0,61.0406,294.044,36.9954,0.0,0.0,0.0,36.389,0.0,4.22984,27.0,0.0,85.9888,0.0,0.0,0.0
2023-12-05 16:05:00,166.897,1446.08,81.1509,0.0,106.18,4.45231,16.1117,17.8997,109.377,9.19776,0.0,141.375,76.9537,0.0,6.80858,23.32,51.9033,0,2383.53,0.0,39.4202,95.9032,58.8571,9.99924,118.643,4.07494,84.387,35.3534,0.0,61.5588,34.2122,37.05,28.459,,80.5626,11.6602,40.727,114.824,1.98,17.294,48.926,1181.05,778.059997559,97.87,50.75,47.3014,1.028,2.55894,71.5983,0.0,0.21414,0.0,303.516,0.0,0.0,28.8341,64.6326,0.0,0,84.6052,0.0,1091.59,6.77623,0.0,156.042,33.1572,6.90939,0.5304,2.22847,62.8101,299.043,28.9936,0.0,0.0,0.0015,36.189,0.0,4.22984,26.99,0.0,94.3638,0.0,0.0,0.0
2023-12-05 16:10:00,167.895,1450.4,80.4207,0.0,104.83,5.14098,17.4301,14.4998,102.041,7.30259,0.0,139.67,73.2146,0.2987,20.0888,23.11,46.944,0,2392.05,0.0,76.6277,96.729,58.1051,16.7987,125.293,3.79494,82.0574,36.3039,0.0,85.0575,33.5969,37.05,28.3464,,77.7729,10.9398,40.177,113.06,1.98,21.2222,48.776,1200.82,747.409973145,97.27,48.5,46.9993,1.157,8.07965,88.0283,0.0,0.23424,0.0,333.203,0.0,0.0,32.3497,64.715,0.0,0,85.8979,0.0,1138.9,6.70298,1.34128,155.444,35.2842,8.08985,0.92775,1.63147,42.8298,298.201,23.9925,0.0,0.0,0.0,36.089,0.0,4.22984,26.88,0.0,94.2732,0.0,0.0,0.0
2023-12-05 16:15:00,173.396,1457.31,79.7092,0.0,105.58,4.93166,17.2323,13.4998,101.646,7.70085,0.0,153.487,77.4432,3.89631,7.13037,25.78,34.3154,0,2405.82,0.0,84.1413,98.0684,56.4987,9.40108,117.473,3.56495,92.29,38.5185,0.0,33.2698,33.8338,38.58,27.9869,,143.496,19.4926,39.684,111.044,2.08,21.3126,48.942,1199.33,674.070007324,96.64,46.25,46.7002,1.177,10.6889,88.2991,0.0,0.21414,0.0,342.353,0.0,0.0,32.976,94.7997,0.0,0,83.3674,0.0,1172.84,6.51255,0.0,154.18,28.9472,7.59056,0.0,0.0,54.7799,285.612,21.992,0.0,0.0,0.0,40.189,0.0,4.22984,26.99,0.0,92.406,0.0,0.0,0.0
2023-12-05 16:20:00,176.297,1496.57,78.6206,0.0,105.21,4.45545,27.9332,13.9998,111.869,7.79698,0.0,125.162,72.426,6.0956,6.9161,25.42,30.9279,0,2440.98,0.0,29.8497,97.5498,57.0846,20.9003,113.623,3.28495,97.5078,38.7581,0.0,43.2599,33.9199,39.6,28.0719,,59.323,8.98387,39.247,112.507,2.13,23.2071,48.786,1229.32,769.690002441,94.5,44.0,46.5019,1.156,10.2495,88.2156,0.0,0.2041,0.0,368.292,0.0,0.0,28.6803,47.1,1.53384,0,74.1387,0.0,1113.19,8.7245,0.10704,152.392,32.7266,7.16941,1.04067,5.07442,65.8248,265.772,19.9915,1.03032,1.13201,0.43217,37.689,0.0,4.22984,26.74,0.0,87.7654,0.0,0.0,0.0
2023-12-05 16:25:00,157.796,1494.4,77.3196,0.0,105.89,6.12061,13.0025,13.8998,104.525,6.69833,0.0,137.421,77.315,5.69734,7.56147,26.12,34.2206,0,2440.64,0.0,19.9985,97.5095,57.3581,9.49874,118.973,3.04495,86.7738,39.1453,0.0,85.0248,33.8615,39.6,26.196,,43.0584,6.64564,38.841,110.333,2.03,22.8678,48.534,1246.26,943.809997559,94.04,41.5,45.9007,1.285,15.5688,88.3993,0.0,0.24429,0.0,348.418,0.0,0.0,52.6638,39.794,0.0,0,81.6754,0.0,1170.93,4.74495,0.0,150.231,33.7285,6.69942,0.50538,0.0875,62.9248,265.672,14.9991,0.0,0.0,0.0,36.889,0.0,4.22984,26.78,0.0,93.4393,0.0,0.0,0.0
2023-12-05 16:30:00,166.098,1526.13,75.8301,0.0,106.61,6.3404,13.0501,12.9998,107.869,5.59968,0.0,142.605,75.8331,2.89624,15.8336,24.13,30.6027,0,2471.86,0.0,20.029,99.2518,58.3737,3.89868,120.333,2.80496,72.8405,41.8233,0.0,83.5256,34.2429,39.6,28.4508,,41.3564,6.46864,38.393,110.307,2.03,25.9587,48.512,1288.72,970.109985352,91.52,39.25,45.6016,1.263,12.7306,70.4529,0.0,0.23424,0.0,364.192,0.0,0.0,40.4028,41.9181,2.08072,0,79.6466,0.0,1227.41,4.93538,0.32113,147.668,31.4258,6.10004,0.0,2.28047,63.486,285.823,14.9991,0.27964,0.12711,0.46806,36.689,0.0,4.22984,26.76,0.0,105.839,0.0,0.0,0.0
2023-12-05 16:35:00,165.899,1494.25,74.8,0.0,106.86,8.55085,13.2332,11.9998,100.795,5.09842,0.0,120.983,76.4544,5.69734,9.46278,24.76,27.2558,0,2489.98,0.0,15.024,99.9517,57.7243,3.80102,110.243,2.55496,82.5716,39.0787,0.0,84.4268,34.0091,39.6,11.4468,,58.5274,8.929,37.792,108.706,2.432,28.8176,48.156,1282.34,1001.45001221,88.28,37.0,44.8997,1.566,17.2351,82.6776,0.0,0.25433,0.0,357.788,0.0,0.0,23.5935,70.6477,0.0,0,87.6191,0.0,1249.96,4.51057,0.0,145.306,31.6807,5.63982,0.61097,0.0275,61.9827,323.598,12.9986,0.03439,0.05832,0.0,36.289,0.0,4.22984,26.83,0.0,94.2188,0.0,0.0,0.0
2023-12-05 16:40:00,166.495,1470.4,73.3211,0.0,107.0,7.55238,9.92264,12.1998,77.7238,4.89929,0.0,104.698,70.0029,4.299,9.51296,21.23,23.489,0,2497.72,0.0,13.2845,99.987,55.9542,5.00038,112.213,2.33496,91.8837,38.97,0.0,83.9803,34.2122,39.6,4.78694,,156.185,22.5141,37.119,103.337,2.181,28.0925,47.728,1279.15,1026.4699707,86.19,34.75,44.2008,1.355,17.052,84.5373,0.0,0.22419,0.0,342.073,0.0,0.0,21.2204,114.896,9.94217,0,78.9178,0.0,1276.36,4.00519,0.0,142.602,32.3047,5.22965,2.74601,0.0,62.2817,274.873,12.9986,0.0,0.0,0.0,24.989,0.0,4.22984,26.83,0.0,102.431,0.0,0.0,0.0
2023-12-05 16:45:00,165.296,1522.42,70.9501,0.0,107.5,3.73223,15.4928,12.7998,61.208,6.80133,0.0,93.1273,73.1133,3.59983,6.53645,17.91,17.676,0,2533.53,0.0,17.0687,100.007,56.2374,12.3003,100.933,2.08497,86.6151,32.2255,0.0,85.0616,34.3321,39.96,3.4327,,61.891,10.7274,36.691,103.4,2.281,28.6638,46.512,1326.8,940.849975586,82.48,32.25,43.5996,4.051,16.5026,86.2632,0.0,0.23424,0.0,372.577,0.0,0.0,20.9238,33.9254,29.1344,0,80.91,0.0,1301.43,7.27916,0.49239,139.501,30.6611,4.7499,4.21759,5.16642,37.718,296.141,12.9986,2.79188,3.09096,1.09014,26.189,0.0,4.22984,27.01,0.0,91.2459,0.0,0.0,0.0
2023-12-05 16:50:00,159.298,1480.53,67.1507,0.0,105.64,3.79084,31.1302,14.9998,53.6727,9.30076,0.0,81.4557,68.2939,4.299,6.144,15.73,14.1259,0,2544.99,0.0,24.8631,100.062,54.5919,18.4985,103.613,1.85497,58.4628,32.8634,0.0,85.0371,34.1537,39.96,3.94918,,30.5805,4.79063,36.08,101.305,2.432,28.4099,45.646,1302.73,1128.64001465,79.3,30.0,42.6993,4.285,19.1486,19.6532,0.0,0.23424,0.0,344.166,0.0,0.0,16.5182,23.0945,59.136,0,64.2582,0.0,1323.55,19.9063,0.0,136.315,26.0819,4.27015,2.4097,0.1155,69.0831,296.352,13.9989,29.5114,0.0,0.0,39.689,0.0,4.22984,26.84,0.0,86.8046,0.0,0.0,0.0
2023-12-05 16:55:00,156.596,1504.89,62.5707,0.0,105.65,4.41253,10.7906,14.6998,44.239,9.10163,0.0,74.3709,60.7755,9.09583,0.93846,14.4,11.0365,0,2573.53,0.0,10.4768,100.068,54.8556,7.79889,94.3536,0.51499,44.1931,33.6728,0.0,81.58,33.8922,39.96,0.7575,,0.0,0.0,35.557,99.6939,2.382,27.2258,45.016,1325.04,1266.18994141,75.53,27.5,42.2019,1.796,14.1405,18.4164,0.0,0.2041,0.0,358.847,0.0,0.0,16.7489,12.1996,73.8335,0,71.425,0.0,1319.79,23.046,0.16475,132.238,23.4979,3.7904,1.62295,2.66746,50.729,271.998,12.9986,30.4206,0.28861,0.18393,35.689,0.0,4.22984,26.77,0.0,82.7621,0.0,0.0,0.0
2023-12-05 17:00:00,156.599,1499.52,61.36,0.0,105.12,7.88311,27.5816,12.3998,32.6372,9.49989,0.0,75.0973,52.2841,13.0961,3.31277,15.85,8.65168,0,2592.3,0.0,28.6717,98.003,54.0206,4.29847,94.2936,1.36498,40.5494,27.1624,0.0,82.0552,33.803,38.59,4.8983,,8.65598,2.36567,34.798,97.7197,3.03,27.5309,44.286,1344.65,866.739990234,72.44,25.25,41.3993,1.482,16.2188,17.133,0.0,0.22419,520.87,268.581,0.0,0.0,18.7265,7.7409,76.8072,0,66.6166,0.0,1320.6,13.7587,0.28762,128.075,24.7899,3.33018,3.15984,5.12442,69.6852,334.337,10.9982,2.31635,2.02924,0.91966,33.189,0.0,4.22984,27.01,0.0,86.7865,0.0,0.0,0.0
2023-12-05 17:05:00,146.694,1486.78,57.7916,0.0,104.96,8.67436,58.9004,12.4998,26.6723,9.60288,0.0,69.2973,54.4143,9.99855,3.51309,16.56,20.2369,0,2613.88,0.0,18.4604,94.1055,53.1515,3.70031,81.5038,0.56499,37.8009,22.6523,0.0,80.3267,33.7446,37.56,20.2394,,20.58,3.02235,33.844,92.9239,3.932,26.9914,43.412,1323.9,946.020019531,68.56,23.0,40.5997,3.701,15.3857,24.5041,0.0,0.26438,749.54,176.507,0.0,0.0,30.8885,19.0936,74.6368,0,52.6125,0.0,1320.21,17.8311,0.0,123.015,23.911,2.88949,3.88251,1.87347,65.3455,292.534,8.99771,0.0,0.0,0.0,9.789,0.0,4.22984,26.82,0.0,87.3484,0.0,0.0,0.0
2023-12-05 17:10:00,135.197,1490.2,54.4409,0.0,105.43,11.1318,74.9114,14.1998,26.8715,5.09842,0.0,66.1433,69.2241,12.1978,3.40966,18.85,20.2776,0,2627.92,0.0,20.0778,88.9442,51.9478,3.49889,75.3338,0.83499,28.2983,22.3833,0.0,76.7754,34.0368,37.56,28.2993,,25.1623,4.11978,32.788,86.6804,4.502,26.2321,42.658,1320.19,1111.54003906,64.92,20.5,39.4003,3.852,11.2383,24.9118,0.0,0.2041,745.7,98.883,0.0,0.0,27.4388,49.8009,73.9361,0,53.539,0.0,1322.6,30.3728,0.0,116.277,17.4597,2.46956,4.56733,0.0,46.4097,232.694,8.99771,0.0,0.0,0.0,19.689,0.0,4.22984,26.89,0.0,78.8103,0.0,0.0,0.0
2023-12-05 17:15:00,122.095,1481.82,50.9999,0.0,105.32,10.732,14.1524,9.89985,29.4262,3.20325,0.0,60.5646,64.0641,12.6979,4.35635,19.52,15.1963,0,2641.93,0.0,17.8927,84.3115,50.5757,3.19982,59.3841,0.83499,28.9838,26.0071,0.0,40.149,33.8922,36.55,3.04448,,29.7647,5.11809,31.44,80.0315,4.301,24.9015,40.772,1319.97,1039.20996094,61.22,18.25,38.5,3.643,12.7672,29.3995,0.0,0.21414,739.93,246.256,0.0,0.0,24.1099,38.6587,73.7652,0,46.786,0.0,1320.79,6.18296,0.0,110.191,18.2508,2.10944,5.90463,0.79549,69.1159,222.559,13.9989,0.0,0.0,0.0,21.789,0.0,4.22984,26.89,0.0,88.0191,0.0,0.0,0.0
2023-12-05 17:20:00,114.097,1484.39,47.4395,0.0,100.6,10.4829,25.2012,8.79987,30.2114,2.20073,0.0,67.0909,50.4628,14.8972,3.64211,23.01,12.0798,0,2664.69,0.0,31.1925,77.5438,49.438,3.40124,50.6542,1.14498,54.4066,38.4011,0.0,36.0448,33.8615,36.55,3.18413,,24.4372,4.14279,29.707,73.4036,4.251,22.9801,37.89,1330.51,1211.41003418,57.18,16.25,37.5998,3.624,11.0185,39.293,0.0,0.21414,738.82,256.698,0.0,0.0,27.5816,31.0872,73.8079,0,49.3422,0.0,1315.1,28.4318,0.0,102.08,20.3074,1.75054,6.16648,0.92849,52.478,223.026,20.9918,0.0,0.0,0.0,41.189,0.0,4.22984,27.04,0.0,82.7984,0.0,0.0,0.0
2023-12-05 17:25:00,108.495,1477.82,43.81,0.0,101.12,6.0327,32.2106,7.19989,33.356,1.19821,0.0,74.3435,37.705,14.198,1.60307,21.21,10.0609,0,2666.5,0.0,24.3503,72.0149,47.9634,3.80102,47.2143,1.26498,80.7561,40.2594,0.0,42.1827,33.7446,36.55,2.81203,,24.3465,3.85074,28.177,66.6863,4.201,21.0611,35.376,1326.97,1276.32995605,53.73,14.25,36.6995,3.639,12.7672,14.4248,0.0,0.84464,743.39,273.218,0.0,0.0,21.1545,21.0071,73.7395,0,51.9716,0.0,1317.52,18.7173,0.0,96.3851,21.0721,1.42949,4.3769,0.2735,47.6877,198.59,20.9918,28.8146,0.0,0.0,41.189,0.0,4.22984,26.81,0.0,75.2028,0.0,0.0,0.0
2023-12-05 17:30:00,97.8946,1486.39,40.1699,0.0,95.19,7.09187,16.0531,6.99989,33.2232,0.0,0.0,92.4926,34.0832,21.8977,1.60307,20.42,8.86848,0,2672.94,0.0,20.6455,65.7306,46.8232,4.1001,51.3642,1.06498,77.8806,37.3894,0.0,34.4125,33.6861,33.82,3.15699,,19.8247,3.33742,26.277,59.8953,3.395,19.5718,32.452,1335.32,1311.64001465,49.35,12.25,35.5001,3.022,13.8933,14.0464,0.0,0.8145,743.62,271.821,0.0,0.0,17.8915,16.054,74.6111,0,45.9107,-3.65911,1321.21,6.06332,0.0,89.2073,22.4168,1.16947,4.64485,1.54548,52.3223,184.866,19.0,29.4935,0.0,0.05234,41.189,0.0,4.22984,26.68,0.0,78.6471,0.0,0.0,0.0
2023-12-05 17:35:00,98.5952,1478.97,36.5218,0.0,92.82,5.24145,9.57107,6.19991,35.3209,0.0,0.0,112.258,30.7542,20.6985,1.91245,25.11,0.91463,0,2661.03,0.0,19.1257,59.547,45.3217,2.80003,59.8141,0.87499,70.9361,39.1874,0.0,32.1649,33.7446,31.52,3.84461,,13.4296,2.17804,24.367,52.3199,3.094,17.3745,29.666,1326.22,1396.82995605,45.8,10.25,34.3008,2.846,15.8984,14.0514,0.0,0.96521,741.83,311.391,0.0,0.0,18.8034,8.54658,72.9192,0,56.1941,36.1486,1321.87,4.33478,0.0,82.3712,24.4559,0.9595,3.62921,0.0,53.7559,170.52,28.9936,58.16,0.0,0.0,41.089,0.0,4.22984,26.87,0.0,59.4498,0.0,0.0,0.0
2023-12-05 17:40:00,97.6976,1488.39,32.3507,0.0,88.39,4.20112,6.29343,5.09992,35.5865,1.50034,0.0,115.865,27.1348,15.5963,2.52378,26.71,0.0,0,2674.94,0.0,21.146,53.293,34.0716,3.00145,71.7439,0.92499,66.7911,37.9885,0.0,28.3617,33.9784,19.25,3.61152,,14.4266,2.09485,22.4,45.2656,3.044,15.8901,26.666,1336.91,1197.81994629,41.59,8.75,22.8992,3.019,17.5189,9.00121,0.0,0.94512,1010.38,327.891,25.7,0.0,15.3207,12.3278,68.6638,0,53.843,79.5209,1321.13,3.35088,2.00587,75.5535,23.8495,0.79958,1.84634,9.46535,34.1074,157.977,28.9936,59.9245,0.0,0.0,41.089,0.0,4.22984,26.92,0.0,57.4558,0.0,0.0,0.0
2023-12-05 17:45:00,105.296,1491.44,28.9708,0.0,86.97,3.09275,2.14054,6.19991,45.5476,2.29686,0.0,129.293,25.294,17.1982,2.52954,24.72,0.0,0,2675.48,0.0,48.9967,47.0691,32.5188,2.29954,72.2339,1.12498,66.5308,38.4931,0.0,27.1524,33.9199,24.27,3.1639,,17.881,2.03644,20.439,38.9589,2.943,14.2959,23.804,1342.6,639.099975586,38.0,7.25,31.4015,2.698,18.2513,7.90923,0.0,71.0885,1520.5,354.758,34.1,0.0,15.2438,16.6308,62.3661,0,42.4134,80.058,1318.25,3.49493,0.04002,68.0949,24.1659,0.67995,2.66484,9.98235,46.3319,142.44,29.9938,1.69427,0.0,0.0,31.089,0.0,4.22984,26.85,0.0,57.3833,0.0,0.0,0.0
2023-12-05 17:50:00,95.0952,1493.17,25.6812,0.0,92.22,4.11216,5.06294,6.09991,54.7235,3.20325,0.0,120.349,27.7452,24.597,2.42854,25.5,3.39428,0,2674.87,0.0,38.2422,40.9409,30.4485,2.10117,78.4338,1.18498,81.0418,39.2691,19.4,24.5176,34.126,23.27,2.62054,,16.5113,2.56568,18.712,11.2052,2.843,12.7285,20.768,1337.84,385.890014648,33.76,6.0,29.3019,2.211,13.3715,8.01419,0.0,70.3676,1776.91,349.435,34.0,0.0,11.772,15.2941,55.8975,0,35.7262,79.7223,1323.14,4.33967,2.92923,60.7584,29.246,0.6006,2.82902,9.97235,12.5123,116.64,22.9922,0.0,63.2024,24.5348,9.189,0.0,4.22984,26.85,0.0,56.6219,0.0,0.0,0.0
2023-12-05 17:55:00,86.6953,1487.8,22.0517,0.0,94.28,3.53338,12.4129,6.5999,59.6376,4.50103,0.0,123.604,27.8843,21.0967,2.22579,24.39,3.42138,0,2675.97,0.0,15.6954,35.1451,28.5319,1.89975,86.0737,0.75499,80.1087,36.7165,0.0,12.9398,33.9784,21.25,2.27853,,16.1891,2.44355,17.01,10.8314,2.542,10.9267,17.944,1340.67,486.329986572,29.7,4.75,26.601,1.806,12.6207,6.08631,0.0,70.458,1787.43,349.464,34.1,0.0,8.28931,13.3166,49.2409,0,31.339,79.4049,1320.91,4.49104,4.47994,53.666,31.3906,0.56032,3.16838,9.99835,11.4007,98.0911,15.9993,59.8109,63.8664,24.6006,10.789,0.0,4.22984,26.83,0.0,59.2867,0.0,0.0,0.0
2023-12-05 18:00:00,67.1962,1521.35,18.6505,0.0,97.53,3.53233,9.4905,5.49992,66.8448,5.59968,0.0,108.197,27.9429,15.0963,2.195,22.94,3.15038,0,2677.17,0.0,8.95094,29.3291,26.5544,1.60067,91.4536,0.49499,89.0145,35.639,0.0,8.82125,34.0676,18.24,1.81984,,15.0913,2.25946,15.117,8.29927,2.291,9.61074,14.834,1337.47,547.599975586,25.94,3.75,23.7018,1.575,9.78256,5.54694,0.0,70.5485,1780.5,346.483,33.8,0.0,7.98169,13.93,42.7124,0,29.9034,80.1862,1319.94,14.7622,30.7955,46.6957,31.8125,0.5005,2.50248,10.0093,8.60774,80.9247,10.9982,59.9634,63.7228,24.5796,11.089,0.0,4.22984,26.8,0.0,61.7702,0.0,0.0,0.0
2023-12-05 18:05:00,63.4968,1527.75,15.4299,0.0,101.85,3.2016,32.6097,5.59991,61.5361,2.59899,0.0,41.9654,27.6341,15.8972,2.85133,22.39,0.96883,0,2672.92,0.0,7.63867,24.198,23.8981,1.29854,102.313,0.35499,87.0404,36.3896,16.9,7.16774,34.3598,16.22,1.46925,,14.3864,2.1391,13.24,7.37274,2.141,8.27283,12.14,1337.03,616.630004883,22.17,3.25,21.001,1.162,11.1559,4.37876,0.0,70.4681,1776.28,343.256,33.8,0.0,7.82788,20.7965,36.5856,0,25.4795,80.1007,1317.69,13.3925,19.0358,39.9268,32.4981,0.46022,1.27993,9.93235,6.1673,65.5344,11.9984,59.2696,63.66,24.5079,17.989,0.0,4.22984,26.82,0.0,63.7824,0.0,0.0,0.0
2023-12-05 18:10:00,60.4957,1529.09,12.3023,0.0,102.3,3.1545,23.8608,5.09992,62.4541,0.0,0.0,116.796,30.1537,12.4987,2.95283,22.62,2.36448,0,2671.72,0.0,6.82689,18.387,20.148,1.10018,102.283,0.275,79.9055,36.1611,0.0,7.53382,34.0953,15.22,0.99942,,17.3875,2.25592,11.441,8.40982,1.991,6.79087,9.528,1331.54,476.619995117,18.38,2.75,17.9004,0.915,12.3461,4.39699,0.0,70.5284,1794.48,422.752,34.0,0.0,7.95972,20.5402,30.7665,0,25.7212,80.3449,1314.0,10.3603,46.5689,33.4203,33.834,0.4004,1.27382,9.85135,6.25613,50.84,10.9982,58.48,63.8215,24.5228,14.789,0.0,4.22984,26.73,0.0,58.8154,0.0,0.0,0.0
2023-12-05 18:15:00,53.493,1544.01,9.47993,0.0,105.64,2.2565,8.80201,5.69991,64.1572,0.0,0.0,109.308,30.443,12.1978,2.53517,23.56,0.0,0,2674.11,0.0,8.60914,14.3285,16.8179,0.801099,94.6336,0.275,73.5958,34.2742,0.0,4.54246,33.7446,8.07,1.38118,,15.3632,2.19751,9.713,7.3043,1.891,5.79721,7.038,1339.42,536.200012207,15.01,2.25,14.7997,0.766,12.3552,4.29541,0.0,70.5585,1794.44,424.858,33.9,0.0,7.91577,16.3287,24.426,0,23.6045,79.9725,1319.62,3.26787,47.1441,27.2679,35.4337,0.36012,0.50172,9.93135,21.8204,35.4681,8.99771,58.9795,63.6151,24.5108,4.889,0.0,3.88688,26.78,0.0,50.4766,0.0,0.0,0.0
2023-12-05 18:20:00,59.2957,1541.69,6.91247,0.0,104.17,1.74576,7.96338,4.89993,66.5166,0.0,0.0,72.4224,40.1929,12.1978,2.65626,24.87,0.0,0,2672.01,0.0,32.755,9.95262,13.688,0.59968,92.8536,0.0,65.7373,28.3074,19.7,3.65133,33.9199,6.02,1.25779,,17.3271,1.96033,8.088,5.09854,1.689,4.43488,4.504,1333.2,672.979980469,11.92,2.0,11.9005,0.556,12.6024,4.40322,0.0,70.6364,1789.58,420.494,33.6,0.0,7.76196,12.2454,18.7607,0,23.8645,80.1984,1320.26,2.78691,47.414,21.7075,33.3946,0.3003,0.85023,9.99235,16.1664,11.8654,4.9968,60.1219,63.9531,24.6514,7.989,0.0,3.88688,26.79,0.0,49.679,0.0,0.0,0.0
2023-12-05 18:25:00,59.0976,1542.17,4.80169,0.0,103.83,0.84671,10.8821,3.89994,77.9856,3.69764,0.0,98.1323,52.704,12.7997,2.85901,23.7,0.0,0,2674.67,0.0,20.383,3.04395,10.8559,0.401312,83.4137,0.0,61.6494,27.9892,0.0,3.8144,34.0953,6.06,1.12461,,12.8153,1.71429,6.449,3.22442,1.639,3.52422,2.852,1338.08,691.479980469,9.08,1.75,9.09896,0.395,12.8496,4.40952,0.0,70.6087,1789.11,421.229,33.9,0.0,11.0359,11.0002,14.6078,0,26.6331,80.1434,1318.81,2.50614,33.009,16.4218,33.9131,0.24049,0.45472,9.99535,4.28058,7.85535,3.99657,60.0292,63.989,24.6155,11.089,0.0,3.88688,26.76,0.0,46.4885,0.0,0.0,0.0
2023-12-05 18:30:00,56.6945,1544.69,3.14228,0.0,104.76,0.52645,5.94186,2.09997,94.5678,0.0,0.0,92.3354,54.2336,14.2998,2.65792,23.03,0.0,0,2676.53,0.0,13.315,2.16777,8.3534,0.401312,80.3438,0.0,56.7108,24.8089,0.0,3.86214,34.0953,5.06,1.12602,,10.3882,1.47533,5.01,1.67144,1.588,2.55009,1.804,1339.69,714.900024414,6.52,1.5,6.8986,0.289,11.7418,4.30864,0.0,70.7871,1790.83,450.77,33.9,0.0,11.1568,7.86908,9.83108,0,32.7709,80.3143,1318.55,1.71023,32.0074,11.8013,34.2207,0.17945,0.36622,9.97935,4.35789,4.87068,4.9968,60.2146,63.9292,24.5138,2.789,0.0,3.88688,26.73,0.0,46.416,0.0,0.0,0.0
2023-12-05 18:35:00,53.5985,1534.8,1.96077,0.0,103.93,0.14862,1.86221,3.69994,106.951,1.80247,0.0,85.4795,53.1045,14.9989,2.49638,21.29,0.0,0,2666.59,0.0,8.82277,1.42252,6.056,0.199893,69.7439,0.0,55.5619,24.117,0.0,3.29485,33.803,2.89,0.98739,,8.64591,1.23815,3.655,0.74491,1.538,1.54177,0.966,1343.38,704.890014648,4.23,1.25,4.60059,0.241,10.8812,4.83199,0.0,70.9855,1777.89,440.058,33.8,0.0,13.9474,7.10918,2.1149,0,41.7249,79.765,1318.72,0.49683,43.0262,8.09033,35.8467,0.11963,0.0,9.83535,3.20333,2.30716,2.99634,58.3933,63.5942,24.4331,2.089,0.0,3.88688,26.84,0.0,44.6214,0.0,0.0,0.0
2023-12-05 18:40:00,50.1975,1536.22,1.17221,0.0,103.26,0.0,0.0,3.09995,113.9,1.8986,0.0,75.4604,50.1357,16.5964,1.87693,17.84,0.0,0,2668.23,0.0,7.10155,0.85855,3.88556,0.199893,70.8339,0.0,51.6326,25.5024,0.0,3.15802,33.9784,1.03,1.13178,,7.58846,1.00273,2.478,0.0,1.488,1.08278,0.442,1355.73,468.679992676,2.66,0.75,2.90074,0.221,10.6798,4.10298,0.0,71.1363,1774.38,449.31,33.7,0.0,16.1556,1.68002,0.95277,0,42.3731,80.1862,1319.67,0.42359,32.4766,4.92866,35.3809,0.08057,0.0,9.99535,2.01114,0.54017,0.0,59.6942,63.7886,24.5408,1.289,0.0,3.88688,26.74,0.0,40.7602,0.0,0.0,0.0
2023-12-05 18:45:00,53.2928,1549.91,0.67041,0.0,104.08,0.0,0.0,2.09997,110.494,1.50034,0.0,69.9992,47.2523,18.8975,2.20813,17.43,0.0,0,2675.58,0.0,6.23484,0.4255,2.22782,0.199893,64.934,0.0,0.0,27.4583,0.0,2.64525,34.0091,1.03,0.70275,,6.55116,0.81334,1.407,0.0,1.488,0.58717,0.0,1372.53,402.220001221,1.69,0.25,1.60067,0.225,11.5129,2.95687,0.0,70.9554,1790.49,449.119,34.0,0.0,22.9123,1.45113,1.01259,0,40.0732,79.8688,1322.31,0.20142,31.8566,2.73747,34.9678,0.0,0.0,9.99635,1.13766,0.0,0.0,59.9813,63.7527,24.4839,0.0,0.0,3.88688,26.91,0.0,39.9626,0.0,0.0,0.0
2023-12-05 18:50:00,55.5992,1537.9,0.30135,0.0,103.08,0.0,0.0,1.79997,104.595,0.99908,0.0,68.098,46.1549,20.3976,1.60147,19.41,0.0,0,2664.76,0.0,5.41695,0.0,0.70436,0.300603,61.8079,0.0,0.0,24.9891,0.0,1.9856,34.1845,0.01,0.07934,,5.83612,0.62571,0.36,0.0,1.438,0.0,0.0,1363.59,521.66998291,1.02,0.0,0.89876,0.154,11.1559,1.9032,0.0,71.2066,1784.48,444.9,33.9,0.0,30.8556,1.46029,0.0,0,40.271,80.1007,1325.33,0.0,1.103,1.16274,36.1016,0.0,0.0,0.0235,0.0,0.0,0.0,58.9795,63.8903,24.5198,0.0,0.0,3.88688,26.78,0.0,39.1468,0.0,0.0,0.0
2023-12-05 18:55:00,55.2977,1536.73,0.0,0.0,100.48,0.0,0.0,1.09998,90.3725,0.69696,0.0,70.219,46.4247,22.6986,0.98461,19.46,0.0,0,2667.25,0.0,3.86053,0.0,0.28687,0.199893,73.0639,0.0,0.0,28.1978,0.0,1.17402,33.6554,0.01,0.07934,,4.12406,0.43809,0.0,0.0,1.438,0.0,0.0,1355.9,477.089996338,0.54,0.0,0.3006,0.031,12.0623,0.77552,0.0,71.1865,1781.64,440.53,33.6,0.0,28.7572,1.46944,0.0,0,36.8432,79.826,1321.09,0.0,0.0,0.0,36.6466,0.0,0.0,0.0,0.0,0.0,0.0,58.477,63.8903,24.5647,0.0,0.0,3.88688,26.78,0.0,39.4912,0.0,0.0,0.0
2023-12-05 19:00:00,54.0988,1535.63,0.0,0.0,97.12,0.0,0.0,0.0,79.8215,0.0,0.0,71.2398,47.9725,23.0969,0.36912,19.89,0.0,0,2670.18,0.0,1.51675,0.0,0.0,0.099184,77.5338,0.0,0.0,27.9828,0.0,0.89059,33.8922,0.0,0.06938,,2.79469,0.29294,0.0,0.0,1.388,0.0,0.0,1367.06,332.600006104,0.2,0.0,0.09918,0.0,12.5933,0.12987,0.0,71.1463,1782.08,448.016,34.0,0.0,30.6358,1.07576,0.0,0,36.9567,79.6368,1318.33,0.0,13.2183,0.0,36.9454,0.0,0.0,0.0,0.0,0.0,0.0,59.7182,63.7079,24.3972,0.0,0.0,4.22984,26.7,0.0,44.1319,0.0,0.0,0.0
2023-12-05 19:05:00,55.4947,1546.5,0.0,0.0,94.93,0.0,0.0,0.0,74.4504,0.0,0.0,72.7703,51.1134,23.1987,0.36912,18.83,0.0,0,2676.02,0.0,1.01625,0.0,0.0,0.001526,80.9838,0.0,0.0,26.3427,0.0,0.74435,33.8922,0.0,0.06938,,1.75738,0.0,0.0,0.0,1.338,0.0,0.0,1377.15,348.619995117,0.0,0.0,0.09918,0.0,12.0897,0.0,0.0,71.2066,1790.6,453.918,34.2,0.0,29.8009,0.0,0.0,0,34.2321,80.0275,1319.89,0.0,3.20102,0.0,36.418,0.0,0.0,0.0405,0.0,0.0,0.0,59.9215,63.8604,24.5467,0.0,0.0,4.22984,26.73,0.0,43.4431,0.0,0.0,0.0
2023-12-05 19:10:00,55.1982,1541.47,0.0,0.0,94.12,0.0,0.0,0.0,75.1691,0.0,0.0,70.1381,45.7838,23.1987,0.16259,17.98,0.0,0,2671.7,0.0,0.69276,0.0,0.0,0.001526,85.1237,0.0,15.717,26.2443,6.0,0.4109,34.1845,0.0,0.0,,0.0,0.0,0.0,0.0,1.338,0.0,0.0,1384.74,341.670013428,0.0,0.0,0.00153,0.0,11.046,0.0,0.0,71.3674,1783.04,462.013,33.9,0.0,34.4152,0.0,0.0,0,31.6063,80.2289,1298.09,0.0,2.61089,0.0,36.9981,0.0,0.0,1.66147,0.0,0.0,0.0,59.9455,63.663,24.472,0.0,0.0,4.22984,26.85,0.0,41.7028,0.0,0.0,0.0
2023-12-05 19:15:00,60.2955,1541.61,0.0,0.0,91.76,0.0,0.0,0.0,68.7471,0.0,0.0,73.077,40.2344,21.4994,0.06142,17.74,0.0,0,2672.4,0.0,0.0,0.0,0.0,0.001526,86.7237,0.0,44.1042,28.7192,6.0,0.0,33.8922,0.0,0.0,,1.47539,0.17435,0.0,0.0,1.338,0.0,0.0,1386.37,377.100006104,0.0,0.0,0.00153,0.0,11.7418,0.0,0.0,71.3071,1778.16,458.591,33.9,0.0,35.8434,0.0,0.0,0,31.4745,80.0885,1265.52,0.0,19.2406,0.0,38.4308,0.0,0.0,4.81243,0.0,0.0,0.0,59.8348,63.6899,24.4929,0.0,0.0,4.22984,26.91,0.0,39.89,0.0,0.0,0.0
2023-12-05 19:20:00,61.7979,1545.23,0.0,0.0,88.02,0.0,0.0,0.0,69.5323,0.0,0.0,74.9966,42.0532,20.3976,0.0,17.26,0.0,0,2673.99,0.0,0.0,0.0,0.0,0.001526,88.1137,0.0,40.8668,26.38,0.0,0.0,34.0953,0.0,0.0,,0.0,0.0,0.0,0.0,1.338,0.0,0.0,1378.07,374.609985352,0.0,0.0,0.00153,0.0,11.5038,0.0,0.0,71.287,1782.77,460.774,33.9,0.0,35.0964,0.0,0.0,0,30.277,94.078,1239.34,0.0,1.79738,0.0,37.086,0.0,0.0,0.0765,0.0,0.0,0.0,47.2257,63.2981,24.4779,0.0,0.0,4.22984,26.85,0.0,39.1831,0.0,0.0,0.0
2023-12-05 19:25:00,64.9991,1539.42,0.0,0.0,90.84,0.04919,0.0,0.0,69.9893,0.0,0.0,69.9077,42.8943,15.6981,0.0,18.37,0.0,0,2672.06,0.0,0.0,0.0,0.0,0.001526,53.0942,0.0,40.7208,28.2653,0.0,0.0,33.9199,0.0,0.0,,0.0,0.0,0.0,0.0,1.338,0.0,0.0,1377.73,427.809997559,0.0,0.0,0.00153,0.0,11.3848,0.0,0.0,34.9266,1782.62,465.558,34.0,0.0,58.3438,0.0,0.0,0,30.4271,140.832,1206.6,0.0,2.33165,0.0,37.3321,0.0,0.0,0.0,0.0,0.0,0.0,0.0,62.4996,24.4151,0.0,0.0,4.22984,26.84,0.0,36.1376,0.0,0.0,0.0
2023-12-05 19:30:00,60.9985,1538.51,0.0,0.0,88.02,0.24805,0.0,0.0,69.0089,0.0,0.0,67.2847,43.263,15.0963,0.0,16.94,0.0,0,2674.53,0.0,0.0,0.0,0.0,0.001526,81.2438,0.0,36.1885,26.5276,0.0,0.0,34.2429,0.0,0.0,,0.0,0.0,0.0,0.0,1.338,0.0,0.0,1371.41,426.359985352,0.0,0.0,0.00153,0.0,9.39803,0.0,0.0,35.0874,1785.57,462.407,34.0,0.0,65.6059,0.0,0.0,0,31.7418,140.417,1181.14,0.0,2.30187,0.0,36.6553,0.0,0.03052,0.0,0.0,0.0,0.0,0.0,56.2638,17.5543,0.0,0.0,4.22984,26.79,0.0,38.0048,0.0,0.0,0.0
2023-12-05 19:35:00,57.6989,1541.98,0.0,0.0,89.46,0.70437,0.0,0.0,73.923,0.0,0.0,65.478,46.2245,14.2998,0.0,15.34,0.0,0,2673.06,0.0,0.0,0.0,0.0,0.001526,77.2138,0.0,31.853,27.1179,0.0,0.0,34.1537,0.0,0.0,,0.0,0.0,0.0,0.0,1.338,0.0,0.0,1373.31,630.289978027,0.0,0.0,0.00153,0.0,8.09796,0.0,0.0,0.85469,1770.45,457.021,33.7,0.0,75.4278,0.0,0.0,0,33.3825,146.056,1158.07,0.0,0.0,0.0,35.6446,0.0,0.0,0.0,0.0,0.0,0.0,0.0,0.41721,0.2258,0.0,0.0,4.22984,26.9,0.0,38.748,0.0,0.0,0.0
2023-12-05 19:40:00,58.9945,1540.47,0.0,0.0,88.52,0.83729,0.0,0.0,74.841,0.0,0.0,67.686,45.2735,12.9988,0.0,16.12,0.0,0,2673.92,0.0,0.0,0.0,0.0,0.001526,74.5439,0.0,30.6152,26.7482,0.0,0.0,34.126,0.0,0.0,,0.0,0.0,0.0,0.0,1.338,0.0,0.0,1380.37,646.950012207,0.0,0.0,0.00153,0.0,8.50996,0.0,0.0,0.83459,1781.2,467.965,33.9,0.0,89.4575,0.0,0.0,0,31.4598,149.633,1156.07,0.0,2.71887,0.0,34.5108,0.0,0.0293,0.0,0.0,0.0,0.0,0.0,0.0,0.0,0.0,0.0,4.22984,26.71,0.0,39.0018,0.0,0.0,0.0
2023-12-05 19:45:00,57.1942,1544.08,0.0,0.0,88.5,1.32397,0.0,0.0,73.8566,0.0,0.0,66.6194,43.6732,12.897,0.0,16.45,0.0,0,2672.79,0.0,0.0,0.0,0.0,0.001526,69.9239,0.0,31.1802,26.2158,0.0,0.0,33.9507,0.0,0.0,,0.0,0.0,0.0,0.0,1.338,0.0,0.0,1374.41,964.119995117,0.0,0.0,0.00153,0.0,8.2536,0.0,0.0,0.84464,1476.27,460.123,33.6,0.0,110.925,0.0,0.0,0,30.4857,150.182,1161.46,0.0,2.17714,0.0,31.2939,0.0,4.13519,0.0,0.0,0.0,0.0,0.0,0.0,0.0,0.0,0.0,4.22984,26.87,0.0,37.6785,0.0,0.0,0.0
2023-12-05 19:50:00,58.0973,1541.56,0.0,0.0,82.87,1.21512,0.0,0.0,72.8058,0.0,0.0,68.2261,43.3533,12.5961,0.0,17.38,0.0,0,2675.19,0.0,0.0,0.0,0.0,0.001526,67.414,0.0,31.0024,25.6476,0.0,0.0,33.7446,0.0,0.0,,0.0,0.0,0.0,0.0,1.338,0.0,0.0,1374.19,1109.26000977,0.0,0.0,0.00153,0.0,9.16915,0.0,0.0,0.84464,1239.01,459.165,33.9,0.0,112.793,0.0,0.0,0,33.7121,150.195,1159.43,0.0,13.6521,0.0,31.2851,0.0,7.71313,0.0025,0.0,0.0,0.0,0.0,0.0,0.0,0.0,0.0,4.22984,26.98,0.0,38.9293,0.0,0.0,0.0
2023-12-05 19:55:00,58.2963,1540.61,0.0,0.0,73.75,1.19419,0.0,0.0,68.3526,0.0,0.0,66.5919,42.7149,12.4987,0.0,20.51,0.0,0,2674.89,0.0,0.0,0.0,0.0,0.001526,66.394,0.0,30.0312,26.7466,0.0,0.0,34.0091,0.0,0.0,,0.0,0.0,0.0,0.0,1.338,0.0,0.0,1380.49,1221.52001953,0.0,0.0,0.00153,0.0,11.1193,0.0,0.0,0.83459,987.1,465.687,33.9,0.0,127.251,0.0,0.0,0,31.5111,149.773,1159.12,0.0,19.6762,0.0,30.0107,0.0,9.52834,0.0,0.0,0.0,0.0,0.0,0.0,0.04935,0.0,0.0,4.22984,26.62,0.0,39.6363,0.0,0.0,0.0
2023-12-05 20:00:00,57.0929,1552.53,0.0,0.0,59.73,1.64423,0.0,0.0,68.8136,0.0,0.0,64.9058,44.5643,12.1978,0.0,20.56,0.0,0,2675.92,0.0,0.0,0.0,0.0,0.001526,65.354,0.0,35.7252,26.2546,0.0,0.0,33.8615,0.0,0.0,,0.0,0.0,0.0,0.0,1.338,0.0,0.0,1381.95,1261.30004883,0.0,0.0,0.00153,0.0,13.2799,0.0,0.0,0.70397,830.73,465.426,34.1,0.0,127.361,0.0,0.0,0,28.9329,149.657,1161.49,0.0,31.3875,0.0,29.1845,0.0,9.05959,0.0205,0.0,0.0,0.0,0.0,0.0,0.16599,0.0,0.0,4.22984,26.9,0.0,40.597,0.0,0.0,0.0
2023-12-05 20:05:00,57.3969,1545.06,0.0,0.0,55.6,1.75308,0.0,0.0,73.6613,0.0,0.0,61.9654,45.4847,12.397,0.0,18.25,0.0,0,2674.72,0.0,0.0,0.0,0.0,0.001526,64.304,0.0,39.7306,27.9693,0.0,0.0,33.8615,0.0,0.0,,0.0,0.0,0.0,0.0,1.338,0.0,0.0,1381.54,1223.14001465,0.0,0.0,0.00153,0.0,15.9808,0.0,0.0,0.23424,845.56,468.532,34.0,0.0,128.328,0.0,0.0,0,29.9657,149.847,1184.51,0.0,30.9519,0.0,28.9296,0.0,7.95972,0.0,0.0,0.0,0.0,0.0,0.0,0.0,0.0,0.0,4.22984,26.9,0.0,41.2859,0.0,0.0,0.0
2023-12-05 20:10:00,56.6934,1539.17,0.0,0.0,51.33,1.67354,0.0,0.0,71.1066,0.0,0.0,69.6376,46.5943,11.7996,0.0,19.41,0.0,0,2665.71,0.0,0.0,0.0,0.0,0.001526,63.824,0.0,41.1081,27.4917,0.0,0.0,33.803,0.0,0.0,,0.0,0.0,0.0,0.0,1.338,0.0,0.0,1372.92,1215.41003418,0.0,0.0,0.00153,0.0,15.1293,0.0,0.0,0.25433,740.17,459.478,33.6,0.0,134.579,0.0,0.0,0,31.1815,150.384,1215.93,0.0,31.6984,0.0,29.914,0.0,6.27451,0.0045,0.0,0.0,0.0,0.0,0.0,0.0,0.0,0.0,4.22984,26.97,0.0,41.2859,0.0,0.0,0.0
2023-12-05 20:15:00,58.7986,1546.64,0.0,0.0,45.63,1.594,0.0,0.0,64.6807,0.0,0.0,77.9583,50.1234,13.7997,0.0,22.29,0.0,0,2670.89,0.0,0.0,0.0,0.0,0.001526,60.7141,0.0,43.5075,27.1592,0.0,0.0,33.6861,0.0,0.0,,0.0,0.0,0.0,0.0,1.338,0.0,0.0,1377.02,1133.42004395,0.0,0.0,0.00153,0.0,22.6734,0.0,0.0,0.23424,751.4,458.977,33.9,0.0,132.228,0.0,0.0,0,32.8588,150.353,1230.12,0.0,0.0,0.0,29.413,0.0,6.66331,0.0,0.0,0.0,0.0,0.0,0.0,0.0,0.0,0.0,4.22984,27.08,0.0,39.745,0.0,0.0,0.0
2023-12-05 20:20:00,62.4978,1540.78,0.0,0.0,41.48,1.39095,0.0,0.0,63.9619,0.0,0.0,76.8277,51.852,12.897,0.0,21.69,0.0,0,2672.89,0.0,0.0,0.0,0.0,0.001526,59.3741,0.0,46.7512,28.0987,0.0,0.0,34.126,0.0,0.0,,0.0,0.0,0.0,0.0,1.338,0.0,0.0,1373.26,1020.30999756,0.0,0.0,0.00153,0.0,38.6129,0.0,0.0,0.25433,748.31,461.729,33.9,0.0,127.097,0.0,0.0,0,34.9682,150.311,1246.99,0.0,0.0,0.0,28.2968,0.0,5.29793,0.0,0.0,0.0,0.0,0.0,0.0,0.0,0.0,0.0,3.88688,26.87,0.0,39.31,0.0,0.0,0.0
2023-12-05 20:25:00,62.9971,1542.71,0.0,0.0,37.96,1.38258,0.0,0.0,65.6026,0.0,0.0,78.2116,55.2432,12.6979,0.0,21.64,0.0,0,2675.55,0.0,0.0,0.0,0.0,0.001526,64.024,0.0,47.5256,32.0438,0.0,0.0,33.7446,0.0,0.0,,0.0,0.0,0.0,0.0,1.338,0.0,0.0,1380.1,935.469970703,0.0,0.0,0.00153,0.0,43.209,0.0,0.0,0.22419,762.87,465.328,34.2,0.0,127.778,0.0,0.0,0,35.6384,149.889,1248.11,0.0,0.0,0.0,28.1035,0.0,5.6965,0.0,0.0,0.0,0.0,0.0,0.0,0.0,0.0,0.0,3.88688,26.96,0.0,41.3403,0.0,0.0,0.0
2023-12-05 20:30:00,69.6975,1523.4,0.0,0.0,36.87,0.86764,0.0,0.0,65.7979,0.0,0.0,74.1405,56.7727,12.6979,0.0,20.94,0.0,0,2665.69,0.0,0.0,0.0,0.0,0.001526,68.964,0.0,47.4939,33.9568,0.0,0.0,34.0368,0.0,0.0,,0.0,0.0,0.0,0.0,1.338,0.0,0.0,1369.8,949.590026855,0.0,0.0,0.00153,0.0,46.2028,0.0,0.0,0.25433,736.2,460.277,33.6,0.0,125.12,0.0,0.0,0,39.0698,124.065,1240.64,0.0,0.0,0.0,27.9189,0.0,6.35691,0.0,0.0,0.0,0.0,0.0,0.0,0.0,0.0,0.0,3.88688,26.95,0.0,43.8963,0.0,0.0,0.0
2023-12-05 20:35:00,79.6989,1526.79,0.0,0.0,35.65,0.49819,0.0,0.0,68.2862,0.0,0.0,69.8406,58.9444,13.5962,0.0,20.25,0.0,0,2655.95,0.0,0.0,0.0,0.0,0.001526,71.8439,0.0,50.7439,35.9937,0.0,0.0,33.8338,0.0,0.0,,0.0,0.0,0.0,0.0,1.338,0.0,0.0,1378.46,1200.52001953,0.0,0.0,0.00153,0.0,44.097,0.0,0.0,0.25433,495.39,366.014,33.6,0.0,116.528,0.0,0.0,0,40.3735,80.3754,1236.22,0.0,30.7211,0.0,29.7295,0.0,9.17678,0.0065,0.0,0.0,0.0,0.26767,0.25571,0.12113,0.0,0.0,3.88688,26.95,0.0,47.4674,0.0,0.0,0.0
2023-12-05 20:40:00,81.5959,1524.64,0.0,0.0,32.75,0.0,0.0,0.0,69.2706,0.0,0.0,67.8233,60.6351,12.397,0.0,19.98,0.0,0,2666.86,0.0,0.0,0.0,0.0,0.001526,73.6739,0.0,52.6356,36.8601,0.0,0.0,33.6277,0.0,0.0,,0.0,0.0,0.0,0.0,1.338,0.0,0.0,1378.24,1068.06994629,0.0,0.0,0.00153,0.0,35.079,0.0,0.0,0.21414,501.57,344.798,34.2,0.0,115.353,0.0,0.0,0,41.2268,79.7406,1233.44,0.0,1.49021,0.0,29.2724,0.0,11.0823,0.0,0.0,0.0,0.0,0.0,0.0,0.0,0.0,0.0,3.88688,26.74,0.0,50.0778,0.0,0.0,0.0
2023-12-05 20:45:00,91.3966,1519.59,0.0,0.0,26.89,0.0,0.0,0.0,73.0714,0.0,0.0,65.594,59.4754,12.6979,0.0,19.8,0.0,0,2656.56,0.0,0.0,0.0,0.0,0.001526,78.2238,0.0,56.7934,37.0561,0.0,0.0,33.8338,0.0,0.0,,0.0,0.0,0.0,0.0,1.338,0.0,0.0,1374.26,1001.57000732,0.0,0.0,0.00153,0.0,31.4626,0.0,0.0,0.2041,489.72,339.499,33.6,0.0,111.079,0.0,0.0,0,41.8933,49.9184,1221.94,0.0,0.0,0.0,31.6894,0.0,13.348,0.0,0.0,0.0,0.0,0.0,0.08524,0.0,0.0,0.0,3.88688,27.06,0.0,56.3319,0.0,0.0,0.0
2023-12-05 20:50:00,98.3973,1535.12,0.0,0.0,24.34,0.0,0.0,0.0,76.5441,0.0,0.0,66.9642,57.4649,13.5962,0.0,19.85,0.0,0,2676.02,0.0,0.0,0.0,0.0,0.001526,82.0538,0.0,58.2787,37.3965,0.0,0.0,33.8338,0.0,0.0,,0.0,0.0,0.0,0.0,1.338,0.0,0.0,1392.75,909.109985352,0.0,0.0,0.00153,0.0,31.0597,0.0,0.0,0.22419,504.49,353.232,33.9,0.0,109.123,0.0,0.0,0,42.5196,1.28481,1189.49,0.0,0.26155,0.0,31.3115,0.0,14.5174,0.1755,0.0,0.0,0.0,2.43598,2.54664,0.21085,0.0,0.0,3.88688,27.05,0.0,63.4198,0.0,0.0,0.0
2023-12-05 20:55:00,115.798,1526.7,0.0,0.0,20.69,0.0,0.0,0.0,77.2004,0.0,0.0,64.2649,61.5128,12.0961,0.0,18.92,0.0,0,2671.92,0.0,0.0,0.0,0.0,0.001526,86.9837,0.0,58.5326,36.0643,0.0,0.0,33.8922,0.0,0.0,,0.0,0.0,0.0,0.0,1.338,0.0,0.0,1384.15,905.349975586,0.0,0.0,0.00153,0.0,27.6448,0.0,0.0,0.30457,486.75,344.054,34.2,0.0,111.595,0.0,0.0,0,43.8892,0.0,1180.26,0.0,0.0,0.0,35.8819,0.0,14.0694,0.0165,0.0,0.0,0.0,0.25571,0.5189,0.14206,0.0,0.0,3.88688,26.76,0.0,66.2477,0.0,0.0,0.0
2023-12-05 21:00:00,131.798,1523.4,0.0,0.0,18.96,0.0,0.0,0.0,82.1145,0.0,0.0,63.9963,59.3936,10.6977,0.0,17.43,0.0,0,2671.67,0.0,0.0,0.0,0.0,0.001526,89.0036,0.0,63.1601,36.3499,0.0,0.0,34.0368,0.0,0.0,,0.0,0.0,0.0,0.0,1.338,0.0,0.0,1375.7,869.780029297,0.0,0.0,0.00153,0.0,26.775,0.0,0.0,0.23424,493.7,344.888,33.8,0.0,110.749,0.0,0.0,0,45.4676,0.0,1175.74,0.0,0.0,0.0,35.7237,0.0,13.3773,0.0095,0.0,0.0,0.0,0.0,0.0,0.0,0.0,0.0,3.88688,26.66,0.0,72.103,0.0,0.0,0.0
2023-12-05 21:05:00,143.396,1530.36,0.0,0.0,16.8,0.0,0.0,0.0,85.9154,0.0,0.0,61.5015,52.0131,11.596,0.0,17.22,0.0,0,2671.21,0.0,0.0,0.0,0.0,0.001526,86.9737,0.0,68.2511,37.2085,0.0,0.0,33.5969,0.0,0.0,,0.0,0.0,0.0,0.0,1.338,0.0,0.0,1349.29,830.849975586,0.0,0.0,0.00153,0.0,26.1982,0.0,0.0,0.2041,495.86,347.34,34.1,0.0,115.836,0.0,0.0,0,47.7198,0.0,1178.55,0.0,1.87184,0.0,35.504,0.0,12.9012,0.0615,0.0,0.0,0.0,0.64152,0.79704,0.06131,0.0,0.0,3.88688,22.67,0.0,80.1698,0.0,0.0,0.0
2023-12-05 21:10:00,146.395,1527.65,0.0,0.0,12.79,0.0,0.0,0.0,86.8998,0.0,0.0,64.7746,43.4034,14.4989,0.0,17.15,0.0,0,2675.24,0.0,0.0,0.0,0.0,0.001526,86.0237,0.0,65.604,38.1194,0.0,0.0,34.0676,0.0,0.0,,0.0,0.0,0.0,0.0,1.338,0.0,0.0,1328.27,755.380004883,0.0,0.0,0.00153,0.0,23.3417,0.0,0.0,0.22419,505.01,349.03,34.1,0.0,117.561,0.0,0.0,0,45.9693,0.0,1178.58,0.0,0.0605,0.0,33.1309,0.0,12.4044,0.1955,0.0,0.0,0.0,0.82396,0.63554,0.4202,0.0,0.0,3.88688,22.23,0.0,83.5778,0.0,0.0,0.0
2023-12-05 21:15:00,133.894,1528.33,0.0,0.0,11.6,0.0,0.0,0.0,90.5053,0.0,0.0,68.4993,45.9547,14.198,0.0,16.89,0.0,0,2674.97,0.0,0.0,0.0,0.0,0.001526,86.9937,0.0,65.5025,39.5334,0.0,0.0,34.1845,0.0,0.0,,0.0,0.0,0.0,0.0,1.338,0.0,0.0,1308.71,760.049987793,0.0,0.0,0.00153,0.0,23.7995,0.0,0.0,0.22419,501.54,349.591,34.1,0.0,112.441,0.0,0.0,0,45.8778,0.0,1182.26,0.0,0.14241,0.0,32.2344,0.0,10.4158,0.1585,0.0,0.0,0.0,1.38622,1.55969,0.17197,0.0,0.0,3.88688,22.47,0.0,88.418,0.0,0.0,0.0
2023-12-05 21:20:00,127.494,1532.16,0.0,0.0,10.14,0.0,0.0,0.0,93.5171,0.0,0.0,69.3812,47.7736,13.8971,0.0,17.22,0.0,0,2673.72,0.0,0.0,0.0,0.0,0.001526,90.1636,0.0,66.8482,40.2229,0.0,0.0,33.6277,0.0,0.0,,0.0,0.0,0.0,0.0,1.338,0.0,0.0,1308.59,715.789978027,0.0,0.0,0.00153,0.0,24.596,0.0,0.0,0.25433,505.17,350.001,34.2,0.0,113.661,0.0,0.0,0,44.0906,0.0,1182.75,0.0,0.0,0.0,29.7822,0.0,9.63455,0.0715,0.0,0.0,0.0,0.8419,1.00938,0.19889,0.0,0.0,3.88688,22.25,0.0,86.3333,0.0,0.0,0.0
2023-12-05 21:25:00,127.597,1525.72,0.0,0.0,8.17,0.0,0.0,0.0,99.6773,0.0,0.0,76.3699,47.8846,13.0961,0.0,16.94,0.0,0,2665.18,0.0,0.0,0.0,0.0,0.001526,90.3536,0.0,74.1671,41.6321,0.0,0.0,33.8922,0.0,0.0,,0.0,0.0,0.0,0.0,1.338,0.0,0.0,1295.53,740.789978027,0.0,0.0,0.00153,0.0,21.7029,0.0,0.0,0.23424,495.88,338.18,34.1,0.0,123.724,0.0,0.0,0,43.0323,0.0,1159.78,0.0,0.0,0.0,29.7646,0.0,9.53689,0.0,0.0,0.0,0.0,0.0015,0.0,0.0015,0.0,0.0,3.88688,22.31,0.0,83.8316,0.0,0.0,0.0
2023-12-05 21:30:00,129.197,1513.66,0.0,0.0,8.0,0.0,0.0,0.0,96.9273,0.0,0.0,79.06,49.8854,15.7999,0.0,18.13,0.0,0,2668.77,0.0,0.0,0.0,0.0,0.001526,93.9336,0.0,75.2082,43.2531,0.0,0.0,34.0953,0.0,0.0,,0.0,0.0,0.0,0.0,1.338,0.0,0.0,1264.47,628.510009766,0.0,0.0,0.00153,0.0,19.295,0.0,0.0,0.24429,493.3,345.257,34.1,0.0,128.229,0.0,0.0,0,45.8851,0.0,1156.38,0.0,0.0,0.0,28.1738,0.0,8.64332,0.0,0.0,0.0,0.0,0.0,0.0,0.0,0.0,0.0,3.88688,22.01,0.0,80.8587,0.0,0.0,0.0
2023-12-05 21:35:00,143.796,1527.31,0.0,0.0,6.15,0.0,0.0,0.0,97.189,0.0,0.0,78.9685,51.7043,17.3973,0.0,19.68,0.0,0,2675.68,0.0,0.0,0.0,0.0,0.001526,94.9536,0.0,80.4006,41.7916,0.0,0.0,34.0091,0.0,0.0,,0.0,0.0,0.0,0.0,1.338,0.0,0.0,1301.24,768.75,0.0,0.0,0.00153,0.0,17.9034,0.0,0.0,0.23424,264.74,351.71,34.1,0.0,129.613,0.0,0.0,0,50.9535,0.0,1186.93,0.0,0.06981,0.0,27.4443,0.0,7.39574,0.0545,0.0,0.0,0.0,0.45011,0.61161,0.18094,0.0,0.0,3.88688,22.36,0.0,77.1244,0.0,0.0,0.0
2023-12-05 21:40:00,146.896,1525.74,0.0,0.0,4.1,0.0,0.0,0.0,99.8765,0.0,0.0,78.8952,54.3142,19.8975,0.0,20.57,0.0,0,2676.31,0.0,0.0,0.0,0.0,0.001526,97.7035,0.0,83.3904,44.1537,0.0,0.0,33.9507,0.0,0.0,,0.0,0.0,0.0,0.0,1.338,0.0,0.0,1303.73,666.150024414,0.0,0.0,0.00153,0.0,13.9483,0.0,0.0,0.25433,252.83,353.845,34.1,0.0,129.437,0.0,0.0,0,50.1149,0.0,1162.93,0.0,0.0,0.0,26.7851,0.0,4.93965,0.0,0.0,0.0,0.0,0.08225,0.0,0.13907,0.0,0.0,3.88688,22.38,0.0,75.0216,0.0,0.0,0.0
2023-12-05 21:45:00,144.797,1527.99,0.0,0.0,1.17,0.0,0.0,0.0,101.384,0.0,0.0,81.033,56.7434,20.8976,0.0,20.57,0.0,0,2677.21,0.0,0.0,0.0,0.0,0.001526,103.593,0.0,79.1121,44.94,0.0,0.0,34.0676,0.0,0.0,,0.0,0.0,0.0,0.0,1.338,0.0,0.0,1305.88,687.979980469,0.0,0.0,0.00153,0.0,11.4031,0.0,0.0,0.23424,248.38,349.118,34.1,0.0,130.305,0.0,0.0,0,50.4189,0.0,1156.92,0.0,0.25225,0.0,26.9345,0.0,3.14092,0.0885,0.0,0.0,0.0,1.58361,1.48193,0.31852,0.0,0.0,3.88688,22.57,0.0,74.4233,0.0,0.0,0.0
2023-12-05 21:50:00,149.597,1522.81,0.0,0.0,0.0,0.0,0.0,0.0,103.806,0.0,0.0,81.6678,62.8348,23.9996,0.0,21.06,0.0,0,2671.87,0.0,0.0,0.0,0.0,0.001526,102.743,0.0,72.1867,44.8996,0.0,0.0,33.8922,0.0,0.0,,0.0,0.0,0.0,0.0,1.338,0.0,0.0,1296.58,639.179992676,0.0,0.0,0.00153,0.0,9.22408,0.0,0.0,0.22419,245.27,344.051,34.1,0.0,129.13,0.0,0.0,0,48.9394,0.0,1160.12,0.0,0.0,0.0,26.4159,0.0,2.86137,0.0,0.0,0.0,0.0,0.0,0.0,0.02542,0.0,0.0,3.88688,22.49,0.0,77.2331,0.0,0.0,0.0
2023-12-05 21:55:00,150.796,1523.4,0.0,0.0,0.0,0.0,0.0,0.0,106.17,0.0,0.0,84.0314,67.0536,26.8981,0.0,21.68,0.0,0,2673.16,0.0,0.0,0.0,0.0,0.001526,98.7735,0.0,74.8908,43.2285,0.0,0.0,33.9507,0.0,0.0,,0.0,0.0,0.0,0.0,1.338,0.0,0.0,1297.72,551.16998291,0.0,0.0,0.00153,0.0,10.1579,0.0,0.0,0.24429,248.99,347.831,34.1,0.0,129.492,0.0,0.0,0,53.4328,0.0,1161.07,0.0,0.0,0.0,27.2333,0.0,2.71183,0.0,0.0,0.0,0.0,0.0,0.0,0.0,0.0,0.0,3.88688,22.36,0.0,83.0159,0.0,0.0,0.0
2023-12-05 22:00:00,157.697,1523.2,0.0,0.0,0.0,0.0,0.0,0.0,106.689,0.0,0.0,83.2181,68.134,27.199,0.0,22.82,0.0,0,2668.18,0.0,0.0,0.0,0.0,0.001526,94.9236,0.0,75.6906,43.9173,0.0,0.0,34.4767,0.0,0.0,,0.0,0.0,0.0,0.0,1.338,0.0,0.0,1265.3,556.219970703,0.0,0.0,0.00153,0.0,10.7805,0.0,0.0,0.26438,244.57,337.252,33.8,0.0,132.876,0.0,0.0,0,56.249,0.0,1158.63,0.0,0.0,0.0,28.5517,0.0,2.96574,0.0,0.0,0.0,0.0,0.0972,0.0,0.0,0.0,0.0,3.88688,22.4,0.0,86.9677,0.0,0.0,0.0
2023-12-05 22:05:00,162.198,1529.41,0.0,0.0,0.0,0.0,0.0,0.0,106.166,0.0,0.0,85.832,71.6228,25.898,0.0,23.38,0.0,0,2676.58,0.0,0.0,0.0,0.0,0.001526,95.3736,0.0,66.8609,43.2357,0.0,0.0,33.8615,0.0,0.0,,0.0,0.0,0.0,0.0,1.338,0.0,0.0,1245.06,532.099975586,0.0,0.0,0.00153,0.0,12.5292,0.0,0.0,0.2041,130.64,354.726,34.1,0.0,130.888,0.0,0.0,0,57.7139,0.0,1149.67,0.0,0.0,0.0,29.624,0.0,3.80011,0.0595,0.0,0.0,0.0,0.6475,0.68638,0.17795,0.0,0.0,3.88688,22.38,0.0,93.6387,0.0,0.0,0.0
2023-12-05 22:10:00,166.996,1518.64,0.0,0.0,0.0,0.0,0.0,0.0,103.478,0.0,0.0,81.5793,71.6155,24.6988,0.0,23.91,0.0,0,2665.62,0.0,0.0,0.0,0.0,0.001526,95.6135,0.0,63.5918,41.6852,0.0,0.0,34.0676,0.0,0.0,,0.0,0.0,0.0,0.0,1.338,0.0,0.0,1206.46,707.119995117,0.0,0.0,0.00153,0.0,13.8293,0.0,0.0,0.22419,-1.71,340.27,34.1,0.0,127.921,0.0,0.0,0,53.799,0.0,1157.38,0.0,0.0,0.0,28.4199,0.0,4.51179,0.0055,0.0,0.0,0.0,0.0,0.0,0.0,0.0,0.0,3.88688,22.33,0.0,99.2583,0.0,0.0,0.0
2023-12-05 22:15:00,167.795,1525.38,0.0,0.0,0.0,0.15909,0.0,0.0,100.795,0.0,0.0,76.5591,71.1052,26.9998,0.0,22.91,0.0,0,2675.43,0.0,0.0,0.0,0.0,0.001526,95.1336,0.0,60.7036,43.4531,0.0,0.0,33.6861,0.0,0.0,,0.0,0.0,0.0,0.0,1.338,0.0,0.0,1178.07,648.849975586,0.0,0.0,0.00153,0.0,14.6441,0.0,0.0,0.19405,0.0,352.791,34.1,0.0,125.021,0.0,0.0,0,55.9121,0.0,1164.83,0.0,13.2462,0.0,27.8222,0.0,6.42771,0.0,0.0,0.0,0.0,0.0015,0.0,0.0,0.0,0.0,3.88688,22.41,0.0,101.778,0.0,0.0,0.0
2023-12-05 22:20:00,165.497,1520.47,0.0,0.0,0.82,3.17229,0.0,0.0,104.791,0.0,0.0,74.3084,70.0529,29.0973,0.0,21.25,0.0,0,2670.77,0.0,0.0,0.0,0.0,0.001526,94.5536,0.0,53.9559,42.8437,0.0,0.0,33.8615,0.0,0.0,,0.0,0.0,0.0,0.0,1.338,0.0,0.0,1150.73,648.539978027,0.0,0.0,0.00153,0.0,15.9533,0.0,0.0,0.25433,0.0,349.271,34.1,0.0,122.329,0.0,0.0,0,54.8244,0.0,1181.12,0.0,0.71206,0.0,29.8701,0.0,6.80858,0.0,0.0,0.0,0.0,0.0,0.0,0.0,0.0,0.0,3.88688,22.46,0.0,100.89,0.0,0.0,0.0
2023-12-05 22:25:00,166.297,1527.4,0.0,0.0,4.28,4.79978,0.0,0.0,101.517,0.0,0.0,72.6116,65.5839,30.6992,0.0,20.58,0.0,0,2654.12,0.0,0.0,0.0,0.0,0.001526,99.3935,0.0,57.4852,40.5831,0.0,0.0,33.9784,0.0,0.0,,0.0,0.0,0.0,0.0,1.338,0.0,0.0,1122.94,586.25,0.0,0.0,0.00153,0.0,18.2239,0.0,0.0,0.19405,0.0,350.633,34.1,0.0,119.692,0.0,0.0,0,53.3522,0.0,1212.32,0.0,0.00093,0.0,29.167,0.0,5.63546,0.0,0.0,0.0,0.0,0.20487,0.13309,0.07327,0.0,0.0,3.88688,22.57,0.0,101.289,0.0,0.0,0.0
2023-12-05 22:30:00,164.898,1524.21,0.0,0.0,8.49,7.48121,0.0,0.0,101.119,0.0,0.0,75.8389,61.8839,30.8984,0.0,17.75,0.0,0,2653.46,0.0,0.0,0.0,0.0,0.001526,99.3935,0.0,54.9969,33.9521,0.0,0.0,33.9784,0.0,0.0,,0.0,0.0,0.0,0.0,1.338,0.0,0.0,1098.89,573.739990234,0.0,0.0,0.00153,0.0,18.883,0.0,0.0,0.21414,0.0,341.662,34.1,0.0,116.704,0.0,0.0,0,53.4768,0.0,1219.76,0.0,0.0,0.0,29.1054,0.0,5.06294,0.0,0.0,0.0,0.0,0.0,0.0,0.0015,0.0,0.0,3.88688,22.46,0.0,99.639,0.0,0.0,0.0
2023-12-05 22:35:00,160.695,1524.33,0.0,0.0,10.84,11.3432,0.0,0.0,104.005,0.0,0.0,70.9331,58.2534,32.6994,0.0,18.58,0.0,0,2672.36,0.0,0.0,0.0,0.0,0.001526,96.4635,0.0,50.5345,38.0194,0.0,0.0,34.0676,0.0,0.0,,0.0,0.0,0.0,0.0,1.338,0.0,0.0,1101.73,406.619995117,0.0,0.0,0.00153,0.0,20.7141,0.0,0.0,0.184,0.0,353.17,34.1,0.0,113.826,0.0,0.0,0,54.2641,0.0,1233.24,0.0,0.09215,0.0,27.9189,0.0,3.61639,0.0905,0.0,0.0,0.0,0.69236,0.0,0.0,0.0,0.0,3.88688,22.34,0.0,99.6028,0.0,0.0,0.0
2023-12-05 22:40:00,156.496,1515.44,0.0,0.0,15.05,12.2308,0.0,0.0,106.232,0.0,0.0,67.1717,59.1946,30.3983,0.0,18.94,0.0,0,2662.91,0.0,0.0,0.0,0.0,0.001526,92.4036,0.0,50.5027,38.0305,0.0,0.0,34.2429,0.0,0.0,,0.0,0.0,0.0,0.0,1.338,0.0,0.0,1084.51,468.140014648,0.0,0.0,0.00153,0.0,20.5951,0.0,0.0,0.23424,0.0,341.802,33.5,0.0,111.189,0.0,0.0,0,55.8535,0.0,1234.51,0.0,0.0,0.0,29.2197,0.0,3.13909,0.0,0.0,0.0,0.0,0.0,0.0,0.0,0.0,0.0,3.88688,22.41,0.0,99.0045,0.0,0.0,0.0
2023-12-05 22:45:00,153.899,1522.37,0.0,0.0,17.85,20.0008,0.0,0.0,105.838,0.0,0.0,70.84,57.3147,35.3987,0.0,19.68,0.0,0,2676.09,0.0,0.0,0.0,0.0,0.001526,92.7636,0.0,49.4109,36.738,0.0,0.0,34.0676,0.0,0.0,,0.0,0.0,0.0,0.0,1.338,0.0,0.0,1075.46,427.450012207,0.0,0.0,0.00153,0.0,20.238,0.0,0.0,0.2041,0.0,347.811,34.1,0.0,115.792,0.0,0.0,0,56.4138,0.0,1219.57,0.0,0.0,0.0,27.8574,0.0,2.40726,0.0065,0.0,0.0,0.0,0.0,0.0,0.0,0.0,0.0,3.88688,22.45,0.0,102.63,0.0,0.0,0.0
2023-12-05 22:50:00,154.898,1525.4,0.0,0.0,25.35,20.9616,0.0,0.0,104.92,0.0,0.0,71.0689,57.355,35.1996,0.0,18.18,0.0,0,2674.43,0.0,0.0,0.0,0.0,0.001526,96.2335,0.0,50.1092,36.9189,0.0,0.0,33.5385,0.0,0.0,,0.0,0.0,0.0,0.0,1.338,0.0,0.0,1044.67,426.700012207,0.0,0.0,0.00153,0.0,21.2543,0.0,0.0,0.2041,0.0,342.877,33.6,0.0,114.463,0.0,0.0,0,56.4065,0.0,1212.85,0.0,0.0,0.0,28.2529,0.0,2.42863,0.0,0.0,0.0,0.0,0.0,0.0,0.0,0.0,0.0,3.88688,22.6,0.0,101.234,0.0,0.0,0.0
2023-12-05 22:55:00,146.097,1523.4,0.0,0.0,33.37,21.9622,0.0,0.0,107.345,0.0,0.0,74.8257,56.4749,37.1997,0.0,15.89,0.0,0,2674.31,0.0,0.0,0.0,0.0,0.001526,95.6835,0.0,46.6242,37.4878,0.0,0.0,33.7446,0.0,0.0,,0.0,0.0,0.0,0.0,1.338,0.0,0.0,1073.09,443.299987793,0.0,0.0,0.00153,0.0,21.3184,0.0,0.0,0.2041,0.0,348.031,34.2,0.0,117.902,0.0,0.0,0,58.948,0.0,1231.75,0.0,0.0,0.0,28.6308,0.0,2.74479,0.0015,0.0,0.0,0.0,0.0,0.0,0.0,0.0,0.0,3.88688,22.62,0.0,99.7296,0.0,0.0,0.0
2023-12-05 23:00:00,146.198,1518.49,0.0,0.0,40.33,19.2222,0.0,0.0,103.806,0.0,0.0,77.023,61.4554,38.5981,0.0,16.16,0.0,0,2670.33,0.0,0.0,0.0,0.0,0.001526,90.1136,0.0,48.5222,38.2138,0.0,0.0,34.0676,0.0,0.0,,0.0,0.0,0.0,0.0,1.338,0.0,0.0,1057.05,386.570007324,0.0,0.0,0.00153,0.0,22.0966,0.0,0.0,0.22419,0.0,342.005,33.6,0.0,122.637,0.0,0.0,0,61.0758,0.0,1216.88,0.0,0.0,0.0,29.3691,0.0,3.43755,0.0,0.0,0.0,0.0,0.0,0.0,0.0,0.0,0.0,3.88688,22.66,0.0,95.1615,0.0,0.0,0.0
2023-12-05 23:05:00,145.794,1519.08,0.0,0.0,43.17,22.7137,0.0,0.0,102.037,0.0,0.0,78.0407,60.784,40.3991,0.0,16.67,0.0,0,2669.86,0.0,0.0,0.0,0.0,0.001526,88.3137,0.0,50.3821,39.0144,0.0,0.0,33.9199,0.0,0.0,,0.0,0.0,0.0,0.0,1.338,0.0,0.0,1022.48,334.450012207,0.0,0.0,0.00153,0.0,18.5077,0.0,0.0,0.17395,0.0,340.369,34.2,0.0,124.581,0.0,0.0,0,64.3095,0.0,1179.89,0.0,0.0,0.0,30.7226,0.0,4.09552,0.0,0.0,0.0,0.0,0.0,0.0,0.0,0.0,0.0,3.88688,22.51,0.0,90.6839,0.0,0.0,0.0
2023-12-05 23:10:00,150.797,1526.06,0.0,0.0,44.08,27.6411,0.0,0.0,99.0249,0.0,0.0,82.0356,57.5442,42.0983,0.0,16.37,0.0,0,2670.65,0.0,0.0,0.0,0.0,0.001526,83.5937,0.0,50.8963,40.0531,0.0,0.0,33.9199,0.0,0.0,,0.0,0.0,0.0,0.0,1.338,0.0,0.0,1051.33,386.019989014,0.0,0.0,0.00153,0.0,12.9503,0.0,0.0,0.21414,0.0,340.888,34.1,0.0,126.405,0.0,0.0,0,65.8183,0.0,1216.91,0.0,0.0,0.0,30.5556,0.0,3.95941,0.0,0.0,0.0,0.0,0.0,0.0,0.0,0.0,0.0,3.88688,22.62,0.0,92.3698,0.0,0.0,0.0
2023-12-05 23:15:00,152.696,1520.71,0.0,0.0,48.94,28.3005,0.0,0.0,96.4038,0.0,0.0,80.6058,57.3941,44.2976,0.0,18.81,0.0,0,2673.58,0.0,0.0,0.0,0.0,0.001526,81.4238,0.0,48.6301,40.6307,0.0,0.0,33.9199,0.0,0.0,,0.0,0.0,0.0,0.0,1.338,0.0,0.0,1017.01,200.669998169,0.0,0.0,0.00153,0.0,9.58114,0.0,0.0,0.2041,0.0,339.43,34.1,0.0,127.756,0.0,0.0,0,63.4964,0.0,1199.4,0.0,0.0,0.0,31.2148,0.0,4.35065,0.0,0.0,0.0,0.0,0.0,0.0,0.0,0.0,0.0,3.88688,22.38,0.0,93.3124,0.0,0.0,0.0
2023-12-05 23:20:00,157.095,1522.59,0.0,0.0,41.3,29.77,0.0,0.0,90.8959,0.0,0.0,81.8952,57.4649,43.2976,0.0,18.4,0.0,0,2675.43,0.0,0.0,0.0,0.0,0.001526,80.8838,0.0,43.1774,39.7674,0.0,0.0,34.0368,0.0,0.0,,0.0,0.0,0.0,0.0,1.338,0.0,0.0,988.516,299.5,0.0,0.0,0.00153,0.0,7.52117,0.0,0.0,0.23424,0.0,341.235,33.8,0.0,130.36,0.0,0.0,0,66.1479,0.0,1167.08,0.0,0.0,0.0,32.9639,0.0,4.02472,0.0055,0.0,0.0,0.0,0.0,0.0,0.02542,0.0,0.0,3.88688,22.48,0.0,94.6357,0.0,0.0,0.0
2023-12-05 23:25:00,154.895,1520.91,0.0,0.0,39.19,29.4036,0.0,0.0,86.767,0.0,0.0,85.3193,60.5741,43.3993,0.0,18.98,0.0,0,2668.28,0.0,0.0,0.0,0.0,0.001526,78.9338,0.0,43.3107,38.7732,0.0,0.0,33.9507,0.0,0.0,,0.0,0.0,0.0,0.0,1.338,0.0,0.0,951.455,222.460006714,0.0,0.0,0.00153,0.0,6.31266,0.0,0.0,0.17395,0.0,336.949,34.1,0.0,131.799,0.0,0.0,0,65.2616,0.0,1152.45,0.0,0.0,0.0,32.7178,0.0,4.3061,0.0,0.0,0.0,0.0,0.0,0.0,0.0,0.0,0.0,3.88688,22.5,0.0,96.086,0.0,0.0,0.0
2023-12-05 23:30:00,149.699,1517.44,0.0,0.0,39.62,28.8134,0.0,0.0,81.5911,0.0,0.0,93.3745,63.8846,46.196,0.0,17.71,0.0,0,2674.24,0.0,0.0,0.0,0.0,0.001526,74.7939,0.0,41.4254,39.1493,0.0,0.0,33.9784,0.0,0.0,,0.0,0.0,0.0,0.0,1.338,0.0,0.0,919.155,242.869995117,0.0,0.0,0.00153,0.0,4.75624,0.0,0.0,0.17395,0.0,343.246,33.7,0.0,128.207,0.0,0.0,0,64.2838,0.0,1138.8,0.0,0.0,0.0,31.2764,0.0,3.93805,0.0,0.0,0.0,0.0,0.0,0.0,0.0,0.0,0.0,3.88688,22.37,0.0,96.6117,0.0,0.0,0.0
2023-12-05 23:35:00,148.697,1525.01,0.0,0.0,35.37,28.8406,0.0,0.0,76.216,0.0,0.0,99.675,63.2132,47.7979,0.0,19.66,0.0,0,2668.99,0.0,0.0,0.0,0.0,0.001526,76.1538,0.0,40.1622,39.7436,0.0,0.0,34.126,0.0,0.0,,0.0,0.0,0.0,0.0,1.338,0.0,0.0,901.039,141.289993286,0.0,0.0,0.00153,0.0,4.22522,0.0,0.0,0.22419,0.0,347.401,34.3,0.0,130.283,0.0,0.0,0,66.7411,0.0,1163.15,0.0,0.0,0.0,31.1885,0.0,2.98283,0.0065,0.0,0.0,0.0,0.0015,0.16898,0.0,0.0,0.0,3.88688,22.32,0.0,96.8473,0.0,0.0,0.0
2023-12-05 23:40:00,154.495,1524.11,0.0,0.0,36.85,28.2021,0.0,0.0,77.5285,0.0,0.0,100.81,63.0936,50.7981,0.0,21.13,0.0,0,2670.28,0.0,0.0,0.0,0.0,0.001526,77.3538,0.0,37.4835,38.9676,0.0,0.0,34.0676,0.0,0.0,,0.0,0.0,0.0,0.0,1.338,0.0,0.0,926.284,118.529998779,0.0,0.0,0.00153,0.0,4.0238,0.0,0.0,0.22419,0.0,339.734,33.7,0.0,128.361,0.0,0.0,0,68.1474,0.0,1180.09,0.0,0.0,0.0,30.7314,0.0,3.02617,0.0,0.0,0.0,0.0,0.01645,0.01346,0.0,0.0,0.0,3.88688,22.49,0.0,97.1011,0.0,0.0,0.0
2023-12-05 23:45:00,162.594,1520.64,0.0,0.0,27.11,26.3726,0.0,0.0,73.5324,0.0,0.0,102.278,63.3231,52.6965,0.0,21.46,0.0,0,2669.77,0.0,0.0,0.0,0.0,0.001526,80.0238,0.0,35.6299,39.3128,0.0,0.0,33.9784,0.0,0.0,,0.0,0.0,0.0,0.0,1.338,0.0,0.0,899.281,114.010002136,0.0,0.0,0.00153,0.0,4.28931,0.0,0.0,0.17395,0.0,339.918,34.0,0.0,121.11,0.0,0.0,0,68.3854,0.0,1157.58,0.0,0.0,0.0,29.6504,0.0,3.25505,0.0225,0.0,0.0,0.0,0.11814,0.0,0.0,0.0,0.0,3.88688,22.5,0.0,93.9288,0.0,0.0,0.0
2023-12-05 23:50:00,165.197,1528.26,0.0,0.0,26.46,26.7034,0.0,0.0,72.1534,0.0,0.0,103.777,63.2926,50.3999,0.0,20.68,0.0,0,2666.96,0.0,0.0,0.0,0.0,0.001526,80.7238,0.0,37.5914,35.9889,0.0,0.0,33.9199,0.0,0.0,,0.0,0.0,0.0,0.0,1.338,0.0,0.0,921.547,116.88999939,0.0,0.0,0.00153,0.0,4.49073,0.0,0.0,0.184,0.0,339.42,34.0,0.0,118.088,0.0,0.0,0,70.7988,0.0,1182.26,0.0,0.0,0.0,27.954,0.0,3.97772,0.0,0.0,0.0,0.0,0.04038,0.0,0.0,0.0,0.0,3.88688,22.57,0.0,94.6176,0.0,0.0,0.0
2023-12-05 23:55:00,170.998,1522.55,0.0,0.0,26.17,25.5207,0.0,0.0,69.3995,0.0,0.0,103.276,63.0252,50.6964,0.0,20.24,0.0,0,2658.78,0.0,0.0,0.0,0.0,0.001526,81.3738,0.0,37.8009,36.4333,0.0,0.0,33.8922,0.0,0.0,,0.0,0.0,0.0,0.0,1.338,0.0,0.0,895.497,122.989997864,0.0,0.0,0.00153,0.0,3.30053,0.0,0.0,0.1639,0.0,335.817,34.0,0.0,115.605,0.0,0.0,0,75.5743,0.0,1210.1,0.0,0.0,0.0,24.5263,0.0,4.52216,0.0,0.0,0.0,0.0,0.06131,0.0,0.0,0.0,0.0,3.88688,22.27,0.0,94.6357,0.0,0.0,0.0
2023-12-06 00:00:00,175.097,1521.76,0.0,0.0,22.11,23.7205,0.0,0.0,66.4502,0.0,0.0,99.2187,62.7433,47.3996,0.0,20.34,0.0,0,2664.71,0.0,0.0,0.0,0.0,0.001526,82.7438,0.0,37.1851,37.36,0.0,0.0,34.126,0.0,0.0,,0.0,0.0,0.0,0.0,1.338,0.0,0.0,910.097,176.850006104,0.0,0.0,0.00153,0.0,1.88144,0.0,0.0,0.23424,0.0,339.363,34.0,0.0,118.385,0.0,0.0,0,77.8375,0.0,1172.01,0.0,0.0,0.0,24.9306,0.0,3.93744,0.0055,0.0,0.0,0.0,0.01346,0.0,0.0,0.0,0.0,3.88688,22.47,0.0,92.2066,0.0,0.0,0.0
2023-12-06 00:05:00,170.395,1529.87,0.0,0.0,22.12,22.4039,0.0,0.0,59.5087,0.0,0.0,96.733,59.335,47.3996,0.0,20.54,0.0,0,2661.08,0.0,0.0,0.0,0.0,0.001526,86.1937,0.0,39.3688,37.4846,0.0,0.0,34.0953,0.0,0.0,,0.0,0.0,0.0,0.0,1.338,0.0,0.0,885.585,14.4200000763,0.0,0.0,0.00153,0.0,1.29549,0.0,0.0,0.23424,0.0,334.556,34.3,0.0,121.428,0.0,0.0,0,78.7933,0.0,1207.02,0.0,0.0,0.0,24.0429,0.0,3.09758,0.0195,0.0,0.0,0.0,0.07626,0.0,0.0,0.0,0.0,3.88688,22.32,0.0,88.5086,0.0,0.0,0.0
2023-12-06 00:10:00,166.995,1530.55,0.0,0.0,21.4,22.9921,0.0,0.0,61.1416,0.0,0.0,95.4406,58.9834,48.6962,0.0,20.39,0.0,0,2666.15,0.0,0.0,0.0,0.0,0.001526,86.2137,0.0,40.8541,37.4775,0.0,0.0,34.0953,0.0,0.0,,0.0,0.0,0.0,0.0,1.338,0.0,0.0,900.722,29.2600002289,0.0,0.0,0.00153,0.0,1.58846,0.0,0.0,0.21414,0.0,341.883,34.0,0.0,123.659,0.0,0.0,0,79.4086,0.0,1211.12,0.0,0.0,0.0,23.9638,0.0,2.9926,0.0695,0.0,0.0,0.0,0.93462,0.0,0.0,0.0,0.0,3.88688,22.46,0.0,87.2759,0.0,0.0,0.0
2023-12-06 00:15:00,163.596,1523.94,0.0,0.0,22.71,21.7529,0.0,0.0,55.704,0.0,0.0,97.8241,61.0245,48.4971,0.0,19.84,0.0,0,2661.39,0.0,0.0,0.0,0.0,0.001526,88.8736,0.0,41.3366,36.1444,0.0,0.0,33.8922,0.0,0.0,,0.0,0.0,0.0,0.0,1.338,0.0,0.0,899.525,0.0,0.0,0.0,0.00153,0.0,1.18563,0.0,0.0,0.19405,0.0,342.855,34.0,0.0,126.01,0.0,0.0,0,83.1476,0.0,1205.99,0.0,0.0,0.0,22.4256,0.0,2.65995,0.0035,0.0,0.0,0.0,0.0015,0.0,0.0,0.0,0.0,3.88688,22.5,0.0,88.0735,0.0,0.0,0.0
2023-12-06 00:20:00,158.197,1526.16,0.0,0.0,18.92,21.6042,0.0,0.0,49.9383,0.0,0.0,100.473,60.4837,50.0989,0.0,18.96,0.0,0,2663.2,0.0,0.0,0.0,0.0,0.001526,89.0436,0.0,45.031,37.1363,0.0,0.0,34.3014,0.0,0.0,,0.0,0.0,0.0,0.0,1.338,0.0,0.0,862.928,0.0,0.0,0.0,0.00153,0.0,0.0,0.0,0.0,0.22419,0.0,337.113,34.1,0.0,123.175,0.0,0.0,0,83.3381,0.0,1213.56,0.0,0.0,0.0,20.4656,0.0,2.73259,0.0,0.0,0.0,0.0,0.0,0.0,0.0,0.0,0.0,3.88688,22.61,0.0,89.7231,0.0,0.0,0.0
2023-12-06 00:25:00,154.595,1519.59,0.0,0.0,19.41,19.4713,0.0,0.0,45.6804,0.0,0.0,98.6648,61.7838,50.8999,0.0,18.3,0.0,0,2632.75,0.0,0.0,0.0,0.0,0.001526,93.4236,0.0,46.1418,35.2288,0.0,0.0,34.1537,0.0,0.0,,0.0,0.0,0.0,0.0,1.338,0.0,0.0,894.472,0.0,0.0,0.0,0.00153,0.0,0.0,0.0,0.0,0.17395,0.0,331.963,33.8,0.0,121.527,0.0,0.0,0,83.349,0.0,1210.8,0.0,0.0,0.0,18.699,0.0,2.19242,0.0,0.0,0.0,0.0,0.0,0.0,0.0015,0.0,0.0,3.88688,22.47,0.0,88.1641,0.0,0.0,0.0
2023-12-06 00:30:00,157.696,1517.17,0.0,0.0,15.24,18.9793,0.0,0.0,44.4304,0.0,0.0,95.3124,65.203,51.6964,0.0,18.13,0.0,0,2588.91,0.0,0.0,0.0,0.0,0.001526,94.4336,0.0,49.7664,35.2534,0.0,0.0,33.5969,0.0,0.0,,0.0,0.0,0.0,0.0,1.338,0.0,0.0,896.693,0.0,0.0,0.0,0.00153,0.0,1.4786,0.0,0.0,0.2041,0.0,330.614,33.8,0.0,121.582,0.0,0.0,0,82.7338,0.0,1171.76,0.0,0.0,0.0,18.2771,0.0,2.8986,0.0,0.0,0.0,0.0,0.0,0.0,0.0,0.0,0.0,3.88688,22.51,0.0,86.0613,0.0,0.0,0.0
2023-12-06 00:35:00,156.399,1523.42,0.0,0.0,15.79,18.0709,0.0,0.0,43.778,0.0,0.0,101.131,67.7751,51.1964,0.0,19.25,0.0,0,2528.21,0.0,0.0,0.0,0.0,0.001526,94.3236,0.0,51.3216,36.0722,0.0,0.0,34.2122,0.0,0.0,,0.0,0.0,0.0,0.0,1.338,0.0,0.0,896.986,0.0,0.0,0.0,0.00153,0.0,1.18563,0.0,0.0,0.2041,0.0,320.23,33.8,0.0,118.484,0.0,0.0,0,80.1227,0.0,1147.3,0.0,0.0,0.0,17.8904,0.0,2.0264,0.0,0.0,0.0,0.0,0.16599,0.24375,0.07327,0.0,0.0,3.88688,22.46,0.0,87.3484,0.0,0.0,0.0
2023-12-06 00:40:00,152.498,1522.81,0.0,0.0,16.48,17.5413,0.0,0.0,45.9421,0.0,0.0,98.3551,70.1347,53.8957,0.0,19.46,0.0,0,2516.27,0.0,0.0,0.0,0.0,0.001526,96.2135,0.0,51.0105,36.4975,0.0,0.0,33.8922,0.0,0.0,,0.0,0.0,0.0,0.0,1.338,0.0,0.0,898.549,0.0,0.0,0.0,0.00153,0.0,2.17441,0.0,0.0,0.23424,0.0,330.218,33.9,0.0,122.076,0.0,0.0,0,78.7494,0.0,1148.47,0.0,0.0,0.0,18.0222,0.0,1.48318,0.0,0.0,0.0,0.0,0.0,0.0,0.04038,0.0,0.0,3.88688,22.3,0.0,87.2215,0.0,0.0,0.0
2023-12-06 00:45:00,150.193,1527.94,0.0,0.0,16.54,15.8416,0.0,0.0,39.2545,0.0,0.0,93.7758,72.6152,56.8959,0.0,18.64,0.0,0,2514.44,0.0,0.0,0.0,0.0,0.001526,91.6336,0.0,50.7185,37.8568,0.0,0.0,34.3321,0.0,0.0,,0.0,0.0,0.0,0.0,1.338,0.0,0.0,899.672,0.0,0.0,0.0,0.00153,0.0,1.49691,0.0,0.0,0.17395,0.0,330.201,33.9,0.0,124.175,0.0,0.0,0,80.5768,0.0,1110.31,0.0,0.0,0.0,18.1189,0.0,0.08118,0.0045,0.0,0.0,0.0,0.0,0.0,0.0,0.0,0.0,3.88688,22.45,0.0,85.9344,0.0,0.0,0.0
2023-12-06 00:50:00,145.897,1520.25,0.0,0.0,15.58,16.6914,0.0,0.0,33.6841,0.0,0.0,88.0507,73.1829,57.4977,0.0,18.74,0.0,0,2507.68,0.0,0.0,0.0,0.0,0.001526,90.3636,0.0,53.3973,37.1831,0.0,0.0,33.9199,0.0,0.0,,0.0,0.0,0.0,0.0,1.338,0.0,0.0,893.495,0.0,0.0,0.0,0.00153,0.0,0.0,0.0,0.0,0.21414,0.0,318.887,34.1,0.0,123.406,0.0,0.0,0,82.3017,0.0,1097.79,0.0,0.0,0.0,16.2117,0.0,0.0,0.0,0.0,0.0,0.0,0.16599,0.11514,0.0,0.0,0.0,3.88688,22.27,0.0,85.6807,0.0,0.0,0.0
2023-12-06 00:55:00,140.496,1527.6,0.0,0.0,14.22,16.0614,0.0,0.0,31.7856,0.0,0.0,88.1743,74.4134,56.4977,0.0,17.11,0.0,0,2509.19,0.0,0.0,0.0,0.0,0.001526,91.8736,0.0,50.5598,39.6579,0.0,0.0,34.0091,0.0,0.0,,0.0,0.0,0.0,0.0,1.338,0.0,0.0,897.938,0.0,0.0,0.0,0.00153,0.0,0.0,0.0,0.0,0.23424,0.0,327.521,34.1,0.0,126.108,0.0,0.0,0,82.6972,0.0,1055.18,0.0,0.0,0.0,15.7986,0.0,0.0,0.0305,0.0,0.0,0.0,0.05234,0.0,0.05234,0.0,0.0,3.88688,22.48,0.0,88.4723,0.0,0.0,0.0
2023-12-06 01:00:00,136.394,1532.24,0.0,0.0,14.39,14.931,0.0,0.0,29.8833,0.0,0.0,85.1057,75.014,54.1966,0.0,16.03,0.0,0,2511.83,0.0,0.0,0.0,0.0,0.001526,91.7136,0.0,56.0507,40.1142,0.0,0.0,34.126,0.0,0.0,,0.0,0.0,0.0,0.0,1.338,0.0,0.0,895.814,0.0,0.0,0.0,0.00153,0.0,1.62509,0.0,0.0,0.19405,0.0,328.493,34.0,0.0,124.285,0.0,0.0,0,80.672,0.0,1014.83,0.0,0.0,0.0,15.5525,0.0,0.0,0.0,0.0,0.0,0.0,0.0,0.0,0.0,0.0,0.0,3.88688,22.35,0.0,87.5478,0.0,0.0,0.0
2023-12-06 01:05:00,130.399,1531.02,0.0,0.0,14.92,14.7405,0.0,0.0,28.6372,0.0,0.0,80.0702,72.2039,59.7988,0.0,16.78,0.0,0,2458.22,0.0,0.0,0.0,0.0,0.001526,89.8836,0.0,55.2382,39.4865,0.0,0.0,33.8615,0.0,0.0,,0.0,0.0,0.0,0.0,1.338,0.0,0.0,869.96,0.0,0.0,0.0,0.00153,0.0,2.2385,0.0,0.0,0.21414,0.0,332.829,34.3,0.0,121.714,0.0,0.0,0,82.8547,0.0,1009.65,0.0,0.0,0.0,15.8074,0.0,0.0,0.0,0.0,0.0,0.0,0.0,0.0,0.0,0.0,0.0,3.88688,22.71,0.0,82.889,0.0,0.0,0.0
2023-12-06 01:10:00,127.495,1529.6,0.0,0.0,12.87,13.3925,0.0,0.0,26.477,0.0,0.0,70.8492,72.1233,68.5959,0.0,16.31,0.0,0,2426.94,0.0,0.0,0.0,0.0,0.001526,90.2736,0.0,52.3372,39.6682,0.0,0.0,34.0676,0.0,0.0,,0.0,0.0,0.0,0.0,1.338,0.0,0.0,834.754,0.0,0.0,0.0,0.00153,0.0,1.68002,0.0,0.0,0.19405,0.0,323.806,33.7,0.0,122.307,0.0,0.0,0,82.7485,0.0,1009.94,0.0,0.0,0.0,15.9656,0.0,0.0,0.0,0.0,0.0,0.0,0.0,0.0,0.0,0.0,0.0,3.88688,22.49,0.0,87.294,0.0,0.0,0.0
2023-12-06 01:15:00,122.397,1527.92,0.0,0.0,10.18,15.2136,0.0,0.0,26.016,0.0,0.0,70.3029,68.9433,65.9984,0.0,16.73,0.0,0,2428.85,0.0,0.0,0.0,0.0,0.001526,90.1836,0.0,53.283,35.9024,0.0,0.0,34.3321,0.0,0.0,,0.0,0.0,0.0,0.0,1.338,0.0,0.0,802.185,0.0,0.0,0.0,0.00153,0.0,1.84482,0.0,0.0,0.22419,0.0,321.992,33.6,0.0,120.692,0.0,0.0,0,83.6201,0.0,981.866,0.0,0.0,0.0,16.8269,0.0,0.0,0.0,0.0,0.0,0.0,0.0,0.0,0.0,0.0,0.0,3.88688,22.53,0.0,87.5478,0.0,0.0,0.0
2023-12-06 01:20:00,124.396,1518.13,0.0,0.0,8.12,14.3114,0.0,0.0,22.4105,0.0,0.0,66.7918,67.5029,67.7994,0.0,16.73,0.0,0,2422.74,0.0,0.0,0.0,0.0,0.001526,92.4036,0.0,54.5209,36.9847,0.0,0.0,34.0676,0.0,0.0,,0.0,0.0,0.0,0.0,1.338,0.0,0.0,765.222,0.0,0.0,0.0,0.00153,0.0,1.97299,0.0,0.0,0.23424,0.0,321.569,33.6,0.0,120.56,0.0,0.0,0,83.2978,0.0,942.729,0.0,0.0,0.0,16.3787,0.0,0.0,0.0,0.0,0.0,0.0,0.0,0.04935,0.07327,0.0,0.0,3.88688,22.58,0.0,90.5933,0.0,0.0,0.0
2023-12-06 01:25:00,125.897,1521.57,0.0,0.0,7.34,11.8917,0.0,0.0,21.1058,0.0,0.0,64.95,65.3141,72.7998,0.0,15.43,0.0,0,2432.41,0.0,0.0,0.0,0.0,0.001526,92.6536,0.0,51.5755,37.4259,0.0,0.0,34.2429,0.0,0.0,,0.0,0.0,0.0,0.0,1.338,0.0,0.0,728.966,0.0,0.0,0.0,0.00153,0.0,2.45823,0.0,0.0,0.19405,0.0,325.045,34.2,0.0,121.11,0.0,0.0,0,80.6903,0.0,896.487,0.0,0.0,0.0,15.8689,0.0,0.0,0.0,0.0,0.0,0.0,0.0,0.09421,0.0,0.0,0.0,3.88688,22.37,0.0,91.264,0.0,0.0,0.0
2023-12-06 01:30:00,124.896,1525.01,0.0,0.0,6.28,12.0696,0.0,0.0,19.137,0.0,0.0,60.6546,61.6947,75.3973,0.0,15.37,0.0,0,2432.8,0.0,0.0,0.0,0.0,0.001526,93.7536,0.0,47.9255,36.8633,0.0,0.0,33.9507,0.0,0.0,,0.0,0.0,0.0,0.0,1.338,0.0,0.0,699.107,26.5400009155,0.0,0.0,0.00153,0.0,2.27512,0.0,0.0,0.17395,0.0,332.229,34.1,0.0,121.725,0.0,0.0,0,74.2156,0.0,854.689,0.0,0.0,0.0,15.6228,0.0,0.0,0.0165,0.0,0.0,0.0,0.06131,0.04935,0.04337,0.0,0.0,3.88688,22.63,0.0,95.4877,0.0,0.0,0.0
2023-12-06 01:35:00,122.298,1528.53,0.0,0.0,5.47,10.0705,0.0,0.0,14.4846,0.0,0.0,54.7143,63.5233,77.8975,0.0,15.65,0.0,0,2373.64,0.0,0.0,0.0,0.0,0.001526,91.0236,0.0,43.3425,34.1171,0.0,0.0,34.0368,0.0,0.0,,0.0,0.0,0.0,0.0,1.338,0.0,0.0,665.44,87.6800003052,0.0,0.0,0.00153,0.0,2.50401,0.0,0.0,0.25433,0.0,329.901,33.8,0.0,124.461,0.0,0.0,0,72.5017,0.0,899.515,0.0,0.0,0.0,15.4998,0.0,0.0,0.0,0.0,0.0,0.0,0.0,0.0015,0.0015,0.0,0.0,3.88688,22.45,0.0,97.0649,0.0,0.0,0.0
2023-12-06 01:40:00,122.398,1526.89,0.0,0.0,4.9,8.18245,0.0,0.0,7.14269,0.0,0.0,56.2799,59.2642,75.4991,0.0,15.86,0.0,0,2352.33,0.0,0.0,0.0,0.0,0.001526,88.6637,0.0,45.799,32.9253,0.0,0.0,34.126,0.0,0.0,,0.0,0.0,0.0,0.0,1.338,0.0,0.0,640.952,116.379997253,0.0,0.0,0.00153,0.0,2.54063,0.0,0.0,0.19405,0.0,331.462,33.8,0.0,122.175,0.0,0.0,0,69.4841,0.0,934.355,0.0,0.0,0.0,13.698,0.0,0.0,0.0,0.0,0.0,0.0,0.0,0.04636,0.0,0.0,0.0,3.88688,22.39,0.0,99.0227,0.0,0.0,0.0
2023-12-06 01:45:00,128.298,1518.59,0.0,0.0,3.65,8.9538,0.0,0.0,10.4845,0.0,0.0,54.6853,56.3845,77.3975,0.0,16.27,0.0,0,2356.58,0.0,0.0,0.0,0.0,0.001526,91.6836,0.0,46.9416,40.887,0.0,0.0,34.1845,0.0,0.0,,0.0,0.0,0.0,0.0,1.338,0.0,0.0,609.384,134.220001221,0.0,0.0,0.00153,0.0,2.98924,0.0,0.0,0.19405,0.0,333.826,34.1,0.0,126.032,0.0,0.0,0,66.7265,0.0,929.984,0.0,0.0,0.0,12.7927,0.0,0.0,0.0055,0.0,0.0,0.0,0.0,0.06131,0.0015,0.0,0.0,3.88688,22.39,0.0,93.675,0.0,0.0,0.0
2023-12-06 01:50:00,124.595,1519.84,0.0,0.0,3.65,7.64553,0.0,0.0,12.4533,0.0,0.0,53.3349,53.4536,76.5965,0.0,16.44,0.0,0,2354.11,0.0,0.0,0.0,0.0,0.001526,90.3836,0.0,50.2742,39.2937,0.0,0.0,34.2122,0.0,0.0,,0.0,0.0,0.0,0.0,1.338,0.0,0.0,600.888,126.279998779,0.0,0.0,0.00153,0.0,3.29137,0.0,0.0,0.21414,0.0,333.327,34.0,0.0,126.79,0.0,0.0,0,70.2934,0.0,898.343,0.0,0.0,0.0,11.5007,0.0,0.0,0.0255,0.0,0.0,0.0,0.0,0.0,0.0,0.0,0.0,3.88688,22.69,0.0,84.7561,0.0,0.0,0.0
2023-12-06 01:55:00,122.997,1532.09,0.0,0.0,3.83,7.52098,0.0,0.0,7.92981,0.0,0.0,48.9357,53.5549,82.1988,0.0,16.0,0.0,0,2365.73,0.0,0.0,0.0,0.0,0.001526,89.2036,0.0,47.3987,38.1035,0.0,0.0,33.7753,0.0,0.0,,0.0,0.0,0.0,0.0,1.338,0.0,0.0,605.039,176.990005493,0.0,0.0,0.00153,0.0,3.99634,0.0,0.0,0.22419,0.0,339.857,34.0,0.0,127.383,0.0,0.0,0,63.7308,0.0,880.129,0.0,0.0,0.0,9.74282,0.0,0.0,0.0595,0.0,0.0,0.0,1.15294,0.0015,0.0,0.0,0.0,3.88688,22.55,0.0,76.0005,0.0,0.0,0.0
2023-12-06 02:00:00,115.894,1530.89,0.0,0.0,4.59,9.53258,0.0,0.0,0.0,0.0,0.0,47.1748,51.4137,84.0971,0.0,15.15,0.0,0,2346.62,0.0,0.0,0.0,0.0,0.001526,92.8436,0.0,47.3733,36.6166,0.0,0.0,34.0091,0.0,0.0,,0.0,0.0,0.0,0.0,1.338,0.0,0.0,593.466,136.929992676,0.0,0.0,0.00153,0.0,4.12451,0.0,0.0,0.19405,0.0,326.092,33.7,0.0,126.13,0.0,0.0,0,64.9979,0.0,924.955,0.0,0.0,0.0,8.50355,0.0,0.0,0.0,0.0,0.0,0.0,0.21683,0.3245,0.03738,0.0,0.0,3.88688,22.62,0.0,75.0216,0.0,0.0,0.0
2023-12-06 02:05:00,119.399,1524.47,0.0,0.0,3.48,8.67436,0.0,0.0,0.0,0.0,0.0,43.2517,50.2235,90.6994,0.0,15.57,0.0,0,2282.33,0.0,0.0,0.0,0.0,0.001526,94.4136,0.0,50.0266,31.3471,0.0,0.0,34.1845,0.0,0.0,,0.0,0.0,0.0,0.0,1.338,0.0,0.0,557.723,156.630004883,0.0,0.0,0.00153,0.0,3.45617,0.0,0.0,0.2041,0.0,329.352,34.0,0.0,128.053,0.0,0.0,0,63.881,0.0,963.408,0.0,0.0,0.0,8.23987,0.0,0.0,0.0,0.0,0.0,0.0,0.04337,0.0,0.0,0.0,0.0,3.88688,22.56,0.0,71.2872,0.0,0.0,0.0
2023-12-06 02:10:00,114.098,1533.31,0.0,0.0,1.89,7.4226,0.0,0.0,0.0,0.0,0.0,42.6505,49.9733,94.6997,0.0,15.07,0.0,0,2279.04,0.0,0.0,0.0,0.0,0.001526,93.7836,0.0,44.1994,30.5854,0.0,0.0,34.0676,0.0,0.0,,0.0,0.0,0.0,0.0,1.338,0.0,0.0,562.46,150.990005493,0.0,0.0,0.00153,0.0,3.12657,0.0,0.0,0.22419,0.0,334.078,34.2,0.0,126.932,0.0,0.0,0,70.5095,0.0,970.293,0.0,0.0,0.0,6.43809,0.0,0.0,0.0215,0.0,0.0,0.0,0.07028,0.04636,0.0314,0.0,0.0,3.88688,22.42,0.0,70.0546,0.0,0.0,0.0
2023-12-06 02:15:00,105.099,1524.11,0.0,0.0,1.57,5.83489,0.0,0.0,0.0,0.0,0.0,35.6588,52.195,95.1997,0.0,14.69,0.0,0,2268.86,0.0,0.0,0.0,0.0,0.001526,91.9536,0.0,46.3767,28.9604,0.0,0.0,33.7138,0.0,0.0,,0.0,0.0,0.0,0.0,1.338,0.0,0.0,552.181,137.270004272,0.0,0.0,0.00153,0.0,2.96178,0.0,0.0,0.22419,0.0,324.373,33.7,0.0,128.943,0.0,0.0,0,68.5759,0.0,989.19,0.0,0.0,0.0,4.65388,0.0,0.0,0.0,0.0,0.0,0.0,0.0,0.04337,0.0015,0.0,0.0,3.88688,22.58,0.0,67.4986,0.0,0.0,0.0
2023-12-06 02:20:00,99.4955,1532.36,0.0,0.0,1.1,7.9637,0.0,0.0,0.0,0.0,0.0,33.0785,55.1345,99.1956,0.0,13.38,0.0,0,2277.31,0.0,0.0,0.0,0.0,0.001526,89.4636,0.0,40.6764,29.4603,0.0,0.0,33.9199,0.0,0.0,,0.0,0.0,0.0,0.0,1.338,0.0,0.0,561.068,183.169998169,0.0,0.0,0.00153,0.0,3.45617,0.0,0.0,0.1639,0.0,335.267,34.0,0.0,130.448,0.0,0.0,0,72.5274,0.0,969.17,0.0,0.0,0.0,3.86285,0.0,0.0,0.0525,0.0,0.0,0.0,0.96452,0.0,0.02243,0.0,0.0,3.88688,22.44,0.0,62.459,0.0,0.0,0.0
2023-12-06 02:25:00,89.997,1528.43,0.0,0.0,0.33,8.07465,0.0,0.0,0.0,0.0,0.0,30.1915,58.8028,100.196,0.0,12.59,0.0,0,2274.18,0.0,0.0,0.0,0.0,0.001526,85.9937,0.0,43.6599,26.9069,0.0,0.0,34.0368,0.0,0.0,,0.0,0.0,0.0,0.0,1.338,0.0,0.0,556.063,208.229995728,0.0,0.0,0.00153,0.0,3.27306,0.0,0.0,0.19405,0.0,331.301,33.7,0.0,131.349,0.0,0.0,0,77.2735,0.0,960.796,0.0,0.0,0.0,2.79936,0.0,0.0,0.0005,0.0,0.0,0.0,0.0,0.10019,0.04935,0.0,0.0,4.287,22.29,0.0,59.468,0.0,0.0,0.0
2023-12-06 02:30:00,87.4991,1526.84,0.0,0.0,0.0,10.4704,0.0,0.0,0.0,0.0,0.0,28.3024,57.7432,100.696,0.0,11.55,0.0,0,2276.01,0.0,0.0,0.0,0.0,0.001526,86.2037,0.0,41.8888,29.2889,0.0,0.0,34.1845,0.0,0.0,,0.0,0.0,0.0,0.0,1.338,0.0,0.0,562.753,247.61000061,0.0,0.0,0.00153,0.0,3.64843,0.0,0.0,0.19405,0.0,336.675,34.0,0.0,130.877,0.0,0.0,0,76.054,0.0,913.236,0.0,0.0,0.0,1.74466,0.0,0.0,0.0,0.0,0.0,0.0,0.0,0.0,0.0,0.0,0.0,4.287,22.41,0.0,51.3649,0.0,0.0,0.0
2023-12-06 02:35:00,74.0968,1524.08,0.0,0.0,0.0,11.9607,0.0,0.0,0.0,0.0,0.0,24.4892,51.3429,99.2974,0.0,10.3,0.0,0,2269.96,0.0,0.0,0.0,0.0,0.001526,85.5737,0.0,40.3844,29.4412,0.0,0.0,34.0676,0.0,0.0,,0.0,0.0,0.0,0.0,1.338,0.0,0.0,555.233,261.540008545,0.0,0.0,0.00153,0.0,2.26596,0.0,0.0,0.19405,0.0,335.194,34.0,0.0,130.591,0.0,0.0,0,77.3248,0.0,932.67,0.0,0.0,0.0,0.72511,0.0,0.0,0.0,0.0,0.0,0.0,0.0,0.05533,0.0,0.0,0.0,4.287,22.6,0.0,45.6365,0.0,0.0,0.0
2023-12-06 02:40:00,62.597,1532.16,0.0,0.0,0.0,15.0315,0.0,0.0,0.0,0.0,0.0,22.5681,46.7933,101.098,0.0,9.9,0.0,0,2276.13,0.0,0.0,0.0,0.0,0.001526,84.7137,0.0,40.6954,26.3792,0.0,0.0,34.0676,0.0,0.0,,0.0,0.0,0.0,0.0,1.338,0.0,0.0,562.826,272.369995117,0.0,0.0,0.00153,0.0,1.63424,0.0,0.0,0.19405,0.0,335.757,34.0,0.0,130.525,0.0,0.0,0,77.8192,0.0,889.236,0.0,0.0,0.0,0.61085,0.0,0.0,0.0,0.0,0.0,0.0,0.40824,0.08823,0.03439,0.0,0.0,4.287,22.62,0.0,40.9958,0.0,0.0,0.0
2023-12-06 02:45:00,57.2979,1534.78,0.0,0.0,0.0,16.7919,0.0,0.0,0.0,0.0,0.0,20.2747,46.6639,100.696,0.0,9.21,0.0,0,2286.12,0.0,0.0,0.0,0.0,0.001526,76.2938,0.0,42.5173,24.0901,0.0,0.0,33.9507,0.0,0.0,,0.0,0.0,0.0,0.0,1.338,0.0,0.0,564.486,231.380004883,0.0,0.0,0.00153,0.0,0.0,0.0,0.0,0.2041,0.0,334.536,34.2,0.0,129.745,0.0,0.0,0,74.732,0.0,920.072,0.0,0.0,0.0,0.0,0.0,0.0,0.0175,0.0,0.0,0.0,0.0,0.0,0.0,0.0,0.0,4.287,22.39,0.0,33.9985,0.0,0.0,0.0
2023-12-06 02:50:00,50.1962,1528.21,0.0,0.0,0.55,14.6401,0.0,0.0,0.0,0.0,0.0,19.1669,40.343,99.0983,0.0,8.33,0.0,0,2275.3,0.0,0.0,0.0,0.0,0.001526,71.5439,0.0,35.5093,24.8756,0.0,0.0,34.0368,0.0,0.0,,0.0,0.0,0.0,0.0,1.338,0.0,0.0,556.869,252.330001831,0.0,0.0,0.00153,0.0,0.0,0.0,0.0,0.24429,0.0,334.335,33.9,0.0,126.416,0.0,0.0,0,72.4614,0.0,947.929,0.0,0.0,0.0,0.0,0.0,0.0,0.0,0.0,0.0,0.0,0.0,0.0,0.0,0.0,0.0,4.287,22.41,0.0,31.6419,0.0,0.0,0.0
2023-12-06 02:55:00,52.6985,1522.4,0.0,0.0,2.77,18.6235,0.0,0.0,0.0,0.0,0.0,18.8144,36.0937,96.3989,0.0,9.01,0.0,0,2266.64,0.0,0.0,0.0,0.0,0.001526,68.394,0.0,42.6506,21.647,0.0,0.0,33.9784,0.0,0.0,,0.0,0.0,0.0,0.0,1.338,0.0,0.0,554.818,267.160003662,0.0,0.0,0.00153,0.0,0.0,0.0,0.0,0.2041,0.0,335.779,33.9,0.0,128.449,0.0,0.0,0,71.7803,0.0,983.941,0.0,0.0,0.0,0.0,0.0,0.0,0.0065,0.0,0.0,0.0,0.0,0.0,0.04038,0.0,0.0,4.287,22.54,0.0,30.1192,0.0,0.0,0.0
2023-12-06 03:00:00,52.6986,1533.46,0.0,0.0,3.4,18.9396,0.0,0.0,0.0,0.0,0.0,17.5143,32.5243,95.7971,0.0,7.65,0.0,0,2285.31,0.0,0.0,0.0,0.0,0.001526,65.804,0.0,35.211,20.798,0.0,0.0,33.7753,0.0,0.0,,0.0,0.0,0.0,0.0,1.338,0.0,0.0,567.025,247.190002441,0.0,0.0,0.00153,0.0,0.0,0.0,0.0,0.22419,0.0,338.933,33.9,0.0,127.471,0.0,0.0,0,72.2893,0.0,959.6,0.0,0.0,0.0,0.0,0.0,0.0,0.1105,0.0,0.0,0.0,0.9735,0.0,0.0,0.0,0.0,4.287,22.57,0.0,30.8262,0.0,0.0,0.0
2023-12-06 03:05:00,49.6966,1534.97,0.0,0.0,3.78,20.813,0.0,0.0,0.0,0.0,0.0,14.1543,29.2137,96.098,0.0,6.96,0.0,0,2234.34,0.0,0.0,0.0,0.0,0.001526,60.7141,0.0,34.6016,20.2687,0.0,0.0,34.0368,0.0,0.0,,0.0,0.0,0.0,0.0,1.338,0.0,0.0,559.481,267.350006104,0.0,0.0,0.00153,0.0,0.0,0.0,0.0,0.19405,0.0,347.386,33.9,0.0,128.449,0.0,0.0,0,71.4617,0.0,1003.16,0.0,0.0,0.0,0.88331,0.0,0.0,0.0045,0.0,0.0,0.0,0.04935,0.0,0.0015,0.0,0.0,4.287,22.61,0.0,30.1373,0.0,0.0,0.0
2023-12-06 03:10:00,48.1968,1530.14,0.0,0.0,5.38,23.3144,0.0,0.0,0.0,0.0,0.0,15.9487,30.5431,97.399,0.0,7.41,0.0,0,2226.45,0.0,0.0,0.0,0.0,0.001526,60.3841,0.0,33.3892,20.3473,0.0,0.0,34.0368,0.0,0.0,,0.0,0.0,0.0,0.0,1.338,0.0,0.0,553.085,348.950012207,0.0,0.0,0.00153,0.0,0.0,0.0,0.0,0.22419,0.0,332.795,33.9,0.0,129.723,0.0,0.0,0,68.521,0.0,998.37,0.0,0.0,0.0,1.48977,0.0,0.0,0.0,0.0,0.0,0.0,0.0,0.22879,0.0,0.0,0.0,4.287,22.44,0.0,31.6419,0.0,0.0,0.0
2023-12-06 03:15:00,47.6966,1527.26,0.0,0.0,7.07,22.7702,0.0,0.0,0.0,0.0,0.0,14.287,25.6529,98.2973,0.0,7.0,0.0,0,2233.14,0.0,0.0,0.0,0.0,0.001526,57.7741,0.0,27.2255,15.7848,0.0,0.0,34.1845,0.0,0.0,,0.0,0.0,0.0,0.0,1.338,0.0,0.0,557.968,324.559997559,0.0,0.0,0.00153,0.0,0.0,0.0,0.0,0.22419,0.0,339.887,33.9,0.0,132.645,0.0,0.0,0,68.5393,0.0,985.699,0.0,0.0,0.0,1.41946,0.0,0.0,0.0,0.0,0.0,0.0,0.0,0.0,0.0,0.0,0.0,4.287,22.49,0.0,30.5543,0.0,0.0,0.0
2023-12-06 03:20:00,44.7958,1526.21,0.0,0.0,6.38,21.6524,0.0,0.0,0.0,0.0,0.0,12.5216,23.585,102.298,0.0,6.37,0.0,0,2226.21,0.0,0.0,0.0,0.0,0.001526,51.5242,0.0,26.1845,14.4843,0.0,0.0,33.9507,0.0,0.0,,0.0,0.0,0.0,0.0,1.338,0.0,0.0,558.26,307.320007324,0.0,0.0,0.00153,0.0,0.0,0.0,0.0,0.2041,0.0,335.314,33.9,0.0,126.976,0.0,0.0,0,68.1218,0.0,1001.4,0.0,0.0,0.0,1.19973,0.0,0.0,0.0,0.0,0.0,0.0,0.0,0.01346,0.0,0.0,0.0,4.287,19.46,0.0,30.6087,0.0,0.0,0.0
2023-12-06 03:25:00,39.6981,1535.07,0.0,0.0,6.42,22.6383,0.0,0.0,0.0,0.0,0.0,9.96872,21.6037,103.599,0.0,5.54,0.0,0,2242.88,0.0,0.0,0.0,0.0,0.001526,47.6543,0.0,25.226,12.2832,0.0,0.0,33.8338,0.0,0.0,,0.0,0.0,0.0,0.0,1.338,0.0,0.0,564.974,341.429992676,0.0,0.0,0.00153,0.0,0.0,0.0,0.0,0.19405,0.0,342.817,33.9,0.0,127.042,0.0,0.0,0,67.3417,0.0,983.38,0.0,0.0,0.0,0.93605,0.0,0.0,0.0075,0.0,0.0,0.0,0.20487,0.0,0.0,0.0,0.0,4.287,21.25,0.0,30.5724,0.0,0.0,0.0
2023-12-06 03:30:00,40.9948,1524.21,0.0,0.0,6.65,22.653,0.0,0.0,0.0,0.0,0.0,9.06996,18.8437,103.497,0.0,4.73,0.0,0,2231.43,0.0,0.0,0.0,0.0,0.001526,43.3044,0.0,21.7728,12.3578,0.0,0.0,34.1845,0.0,0.0,,0.0,0.0,0.0,0.0,1.338,0.0,0.0,552.377,327.119995117,0.0,0.0,0.00153,0.0,0.0,0.0,0.0,0.25433,0.0,330.175,33.8,0.0,125.603,0.0,0.0,0,65.3458,0.0,1007.06,0.0,0.0,0.0,0.79542,0.0,0.0,0.0,0.0,0.0,0.0,0.0015,0.0,0.0015,0.0,0.0,4.287,22.15,0.0,29.8654,0.0,0.0,0.0
2023-12-06 03:35:00,39.4962,1525.55,0.0,0.0,5.46,21.6817,0.0,0.0,0.0,0.0,0.0,7.5639,19.3832,103.696,0.0,4.2,0.0,0,2272.5,0.0,0.0,0.0,0.0,0.001526,40.8844,0.0,22.014,11.7365,0.0,0.0,33.9199,0.0,0.0,,0.0,0.0,0.0,0.0,1.338,0.0,0.0,557.992,343.440002441,0.0,0.0,0.00153,0.0,0.0,0.0,0.0,0.184,0.0,342.101,34.0,0.0,120.143,0.0,0.0,0,65.9538,0.0,966.875,0.0,0.0,0.0,1.04152,0.0,0.0,0.0,0.0,0.0,0.0,0.0314,0.0,0.0,0.0,0.0,4.287,22.23,0.0,29.8473,0.0,0.0,0.0
2023-12-06 03:40:00,36.0973,1527.09,0.0,0.0,3.52,19.2829,0.0,0.0,0.0,0.0,0.0,5.81369,19.8434,105.196,0.0,4.23,0.0,0,2273.5,0.0,0.0,0.0,0.0,0.001526,40.4044,0.0,21.265,11.9436,0.0,0.0,33.9507,0.0,0.0,,0.0,0.0,0.0,0.0,1.338,0.0,0.0,556.551,360.269989014,0.0,0.0,0.00153,0.0,0.0,0.0,0.0,0.17395,0.0,336.86,34.1,0.0,122.988,0.0,0.0,0,70.0591,0.0,1003.06,0.0,0.0,0.0,1.47219,0.0,0.0,0.0,0.0,0.0,0.0,0.0,0.04935,0.0,0.0,0.0,4.287,22.16,0.0,29.6479,0.0,0.0,0.0
2023-12-06 03:45:00,36.5953,1542.15,0.0,0.0,2.97,21.8115,0.0,0.0,0.0,0.0,0.0,6.65675,17.6132,104.099,0.0,4.19,0.0,0,2295.15,0.0,0.0,0.0,0.0,0.001526,40.2644,0.0,19.8431,12.799,0.0,0.0,33.803,0.0,0.0,,0.0,0.0,0.0,0.0,1.338,0.0,0.0,575.106,367.359985352,0.0,0.0,0.00153,0.0,0.0,0.0,0.0,0.23424,0.0,353.428,34.1,0.0,123.768,0.0,0.0,0,66.9792,0.0,964.556,0.0,0.0,0.0,1.22609,0.0,0.0,0.1795,0.0,0.0,0.0,2.44495,0.0,0.04636,0.0,0.0,4.287,22.33,0.0,27.2188,0.0,0.0,0.0
2023-12-06 03:50:00,33.6969,1527.55,0.0,0.0,2.06,25.483,0.0,0.0,0.0,0.0,0.0,6.80629,19.8947,102.399,0.0,4.12,0.0,0,2335.46,0.0,0.0,0.0,0.0,0.001526,39.6644,0.0,17.9007,13.6456,0.0,0.0,33.7446,0.0,0.0,,0.0,0.0,0.0,0.0,1.338,0.0,0.0,554.281,285.510009766,0.0,0.0,0.00153,0.0,0.0,0.0,0.0,0.22419,0.0,337.478,34.1,0.0,127.075,0.0,0.0,0,67.7446,0.0,1007.99,0.0,0.0,0.0,0.75148,0.0,0.0,0.0,0.0,0.0,0.0,0.0,0.16001,0.09421,0.0,0.0,4.287,22.33,0.0,25.6235,0.0,0.0,0.0
2023-12-06 03:55:00,30.8959,1529.58,0.0,0.0,3.54,28.4722,0.0,0.0,0.0,0.0,0.0,6.30579,21.2851,100.598,0.0,4.09,0.0,0,2301.84,0.0,0.0,0.0,0.0,0.001526,39.8344,0.0,15.4885,13.8099,0.0,0.0,34.1845,0.0,0.0,,0.0,0.0,0.0,0.0,1.338,0.0,0.0,564.266,338.660003662,0.0,0.0,0.00153,0.0,0.0,0.0,0.0,0.2041,0.0,344.087,34.1,0.0,122.208,0.0,0.0,0,69.3596,0.0,1047.32,0.0,0.0,0.0,0.63722,0.0,0.0,0.0,0.0,0.0,0.0,0.0,0.01645,0.0,0.0,0.0,4.287,22.32,0.0,25.7504,0.0,0.0,0.0
2023-12-06 04:00:00,28.7981,1534.44,0.0,0.0,3.64,28.7694,0.0,0.0,0.0,0.0,0.0,6.11353,19.4431,102.399,0.0,4.56,0.0,0,2339.42,0.0,0.0,0.0,0.0,0.001526,39.8344,0.0,14.5808,13.0235,0.0,0.0,33.48,0.0,0.0,,0.0,0.0,0.0,0.0,1.338,0.0,0.0,558.48,281.200012207,0.0,0.0,0.00153,0.0,0.0,0.0,0.0,0.21414,0.0,339.608,34.3,0.0,124.548,0.0,0.0,0,68.8139,0.0,1092.1,0.0,0.0,0.0,0.83937,0.0,0.0,0.0165,0.0,0.0,0.0,0.24973,0.0,0.0,0.0,0.0,4.287,22.47,0.0,23.6657,0.0,0.0,0.0
2023-12-06 04:05:00,24.3953,1522.64,0.0,0.0,2.19,25.9707,0.0,0.0,0.0,0.0,0.0,6.71931,19.2428,102.798,0.0,4.49,0.0,0,2271.03,0.0,0.0,0.0,0.0,0.001526,38.3744,0.0,12.4606,11.5818,0.0,0.0,33.9784,0.0,0.0,,0.0,0.0,0.0,0.0,1.338,0.0,0.0,563.778,410.410003662,0.0,0.0,0.00153,0.0,0.0,0.0,0.0,0.21414,0.0,350.256,31.5,0.0,126.976,0.0,0.0,0,62.8812,0.0,1106.67,0.0,0.0,0.0,0.88331,0.0,0.0,0.0875,0.0,0.0,0.0,0.10916,0.0,0.0015,0.0,0.0,4.287,22.37,0.0,21.4723,0.0,0.0,0.0
2023-12-06 04:10:00,22.0956,1507.21,0.0,0.0,1.3,22.2322,0.0,0.0,0.0,0.0,0.0,5.85718,19.5431,103.497,0.0,4.55,0.0,0,2306.72,0.0,0.0,0.0,0.0,0.001526,37.2344,0.0,11.1086,11.6842,0.0,0.0,33.803,0.0,0.0,,0.0,0.0,0.0,0.0,1.338,0.0,0.0,558.09,358.470001221,0.0,0.0,0.00153,0.0,0.0,0.0,0.0,0.19405,0.0,341.835,31.1,0.0,123.812,0.0,0.0,0,62.7091,0.0,1140.0,0.0,0.0,0.0,0.74269,0.0,0.0,0.0,0.0,0.0,0.0,0.0,0.0,0.0,0.0,0.0,4.287,22.18,0.0,18.4631,0.0,0.0,0.0
2023-12-06 04:15:00,17.8965,1514.15,0.0,0.0,0.19,19.7915,0.0,0.0,0.0,0.0,0.0,6.40192,19.0732,106.798,0.0,4.3,0.0,0,2370.3,0.0,0.0,0.0,0.0,0.001526,34.9945,0.0,9.1852,11.239,0.0,0.0,34.0676,0.0,0.0,,0.0,0.0,0.0,0.0,1.338,0.0,0.0,564.291,321.869995117,0.0,0.0,0.00153,0.0,0.0,0.0,0.0,0.2041,0.0,347.442,31.3,0.0,124.362,0.0,0.0,0,62.1634,0.0,1183.97,0.0,0.0,0.0,0.61085,0.0,0.0,0.0835,0.0,0.0,0.0,0.91368,0.0,0.09421,0.0,0.0,4.287,22.31,0.0,16.4146,0.0,0.0,0.0
2023-12-06 04:20:00,16.8952,1520.57,0.0,0.0,0.0,17.512,0.0,0.0,0.0,0.0,0.0,5.77783,18.215,105.599,0.0,3.91,0.0,0,2390.95,0.0,0.0,0.0,0.0,0.001526,34.0245,0.0,9.05824,10.8423,0.0,0.0,34.0091,0.0,0.0,,0.0,0.0,0.0,0.0,1.338,0.0,0.0,593.1,264.260009766,0.0,0.0,0.00153,0.0,0.0,0.0,0.0,0.2041,0.0,341.252,30.9,0.0,123.944,0.0,0.0,0,56.9778,0.0,1217.59,0.0,0.0,0.0,0.0,0.0,0.0,0.0,0.0,0.0,0.0,0.0,0.0,0.0,0.0,0.0,4.287,22.17,0.0,16.0884,0.0,0.0,0.0
2023-12-06 04:25:00,15.3957,1523.79,0.0,0.0,0.0,17.5539,0.0,0.0,0.0,0.0,0.0,5.76638,18.4054,104.497,0.0,4.13,0.0,0,2381.55,0.0,0.0,0.0,0.0,0.001526,32.7045,0.0,6.62071,10.9264,0.0,0.0,34.0953,0.0,0.0,,0.0,0.0,0.0,0.0,1.338,0.0,0.0,614.267,266.579986572,0.0,0.0,0.00153,0.0,1.67086,0.0,0.0,0.22419,0.0,337.188,30.9,0.0,125.515,0.0,0.0,0,60.369,0.0,1250.11,0.0,0.0,0.0,0.0,0.0,0.0,0.0,0.0,0.0,0.0,0.0,0.0,0.04337,0.0,0.0,4.287,22.1,0.0,14.8919,0.0,0.0,0.0
2023-12-06 04:30:00,16.3954,1525.23,0.0,0.0,0.0,15.2408,0.0,0.0,0.0,0.0,0.0,6.52018,19.3735,106.599,0.0,4.07,0.0,0,2388.85,0.0,0.0,0.0,0.0,0.001526,31.2445,0.0,3.82135,9.43865,0.0,0.0,33.9199,0.0,0.0,,0.0,0.0,0.0,0.0,1.338,0.0,0.0,640.366,249.399993896,0.0,0.0,0.00153,0.0,2.98924,0.0,0.0,0.22419,0.0,342.338,31.2,0.0,125.109,0.0,0.0,0,57.5088,0.0,1237.59,0.0,0.0,0.0,0.0,0.0,0.0,0.0,0.0,0.0,0.0,0.04038,0.0015,0.0,0.0,0.0,4.287,22.02,0.0,13.3329,0.0,0.0,0.0
2023-12-06 04:35:00,14.1963,1524.96,0.0,0.0,0.0,13.3904,0.0,0.0,0.0,0.0,0.0,7.0985,19.2331,106.099,0.0,4.3,0.0,0,2391.1,0.0,0.0,0.0,0.0,0.001526,28.7646,0.0,3.596,8.28098,0.0,0.0,33.7446,0.0,0.0,,0.0,0.0,0.0,0.0,1.338,0.0,0.0,605.454,331.609985352,0.0,0.0,0.00153,0.0,3.39208,0.0,0.0,0.17395,0.0,341.238,30.9,0.0,122.043,0.0,0.0,0,55.187,0.0,1215.15,0.0,0.0,0.0,0.0,0.0,0.0,0.0,0.0,0.0,0.0,0.0,0.0,0.0,0.0,0.0,4.287,22.06,0.0,12.8072,0.0,0.0,0.0
2023-12-06 04:40:00,15.4973,1524.21,0.0,0.0,0.0,10.171,0.0,0.0,0.0,0.0,0.0,6.36759,17.1139,108.298,0.0,3.64,0.0,0,2447.64,0.0,0.0,0.0,0.0,0.001526,27.6446,0.0,3.28814,7.63113,0.0,0.0,34.0091,0.0,0.0,,0.0,0.0,0.0,0.0,1.338,0.0,0.0,623.886,305.579986572,0.0,0.0,0.00153,0.0,3.8407,0.0,0.0,0.19405,0.0,337.393,30.6,0.0,123.065,0.0,0.0,0,55.5495,0.0,1208.29,0.0,0.0,0.0,0.0,0.0,0.0,0.0,0.0,0.0,0.0,0.0,0.0,0.0,0.0,0.0,4.287,22.35,0.0,11.9552,0.0,0.0,0.0
2023-12-06 04:45:00,14.1949,1530.28,0.0,0.0,0.0,10.9832,0.0,0.0,0.0,0.0,0.0,7.30602,16.5731,109.196,0.0,4.05,0.0,0,2451.97,0.0,0.0,0.0,0.0,0.001526,27.0346,0.0,3.1104,7.5986,0.0,0.0,33.7753,0.0,0.0,,0.0,0.0,0.0,0.67121,1.338,0.0,0.0,595.297,286.149993896,0.0,0.0,0.00153,0.0,4.30762,0.0,0.0,0.2041,0.0,346.884,31.2,0.0,125.977,0.0,0.0,0,56.0732,0.0,1212.68,0.0,0.0,0.0,0.0,0.0,0.0,0.0,0.0,0.0,0.0,0.0,0.0,0.0,0.0,0.0,4.287,22.18,0.0,10.7769,0.0,0.0,0.0
2023-12-06 04:50:00,14.2952,1528.23,0.0,0.0,0.15,10.7006,0.0,0.0,0.0,0.0,0.0,7.91943,19.2636,109.099,0.0,3.42,0.0,0,2492.84,0.0,0.0,0.32982,0.0,0.001526,27.6446,0.0,2.64701,8.17386,0.0,0.0,34.1537,0.0,0.0,,0.0,0.0,0.0,0.93442,1.338,0.0,0.0,562.997,255.710006714,0.0,0.0,0.00153,0.0,2.04623,0.01029,0.0,0.17395,0.0,342.523,31.1,0.0,128.778,0.0,0.0,0,48.7965,0.0,1229.46,0.0,0.0,0.0,0.0,0.0,0.0,0.0,0.0,2.16068,0.0,0.0,0.0,0.0,0.0,0.0,4.287,22.28,0.0,10.5956,0.0,0.0,0.0
2023-12-06 04:55:00,12.4952,1531.97,0.0,0.0,0.16,12.5845,0.3827,0.0,0.0,0.0,0.0,5.86023,20.0546,107.196,0.0,4.06,0.0,0,2498.48,0.0,0.0,0.69741,0.0,0.001526,27.3446,0.0,3.97687,7.6224,0.0,0.0,34.3321,0.0,0.0,,0.0,0.0,0.0,2.26631,1.338,0.0,0.0,591.342,294.989990234,0.0,0.0,0.00153,0.05,1.3962,0.2091,0.0,0.184,0.0,345.477,31.2,0.0,128.965,0.0,0.0,0,40.3278,0.0,1247.94,0.0,0.0,0.0,0.0,0.1294,0.0,0.0475,0.0,4.56855,0.0,0.0015,0.2258,0.09421,0.0,0.0,4.287,22.23,0.0,9.65301,0.0,0.0,0.0
2023-12-06 05:00:00,11.5956,1532.75,0.54031,0.0,0.0,12.5531,0.92103,0.0,0.0,0.0,0.0,5.38949,19.8837,105.9,0.0,3.39,0.0,0,2512.42,0.0,0.0,1.39231,0.0,0.001526,28.5146,0.0,3.51983,6.54646,0.0,0.0,33.9199,0.0,0.0,,0.0,0.0,0.0,4.351,1.439,0.0,0.0,626.767,238.600006104,0.26,0.0,0.00153,0.119,1.49691,0.51601,0.0,0.15386,0.0,346.019,31.5,0.0,130.547,0.0,0.0,0,33.1499,0.0,1256.9,0.0,0.0,0.85756,0.0,0.20997,0.0,0.1575,0.0,7.92859,0.0,0.33048,0.24076,0.09122,0.0,0.0,4.287,22.45,0.0,9.38109,0.0,0.0,0.0
2023-12-06 05:05:00,10.7957,1547.5,0.89078,0.0,0.0,12.4233,2.08194,0.0,0.0,0.0,0.0,3.54467,20.7529,99.6957,0.08313,2.97,0.0,0,2592.52,0.0,0.0,2.24331,0.21118,0.001526,26.6946,0.0,2.59623,6.821,0.0,0.0,33.9199,0.0,0.0,,0.0,0.0,0.0,7.1569,1.439,0.0,0.348,686.51,151.479995728,0.55,0.0,0.3006,0.22,1.7258,1.44625,0.0,0.15386,0.0,359.481,32.1,0.0,132.14,0.0,0.93568,0,27.3967,0.0,1263.49,0.0,3.69248,1.85245,0.0,0.29054,0.0,0.3135,0.0,12.5978,0.0,3.17769,5.30413,1.32341,0.0,0.0,4.287,22.36,0.0,9.9068,0.0,0.0,0.0
2023-12-06 05:10:00,8.8941,1531.68,1.38196,0.0,0.0,12.8922,3.43328,0.0,0.0,0.0,0.0,1.52209,21.2839,96.6999,0.39165,2.99,1.05013,0,2629.09,0.0,1.55337,3.32593,0.42115,0.001526,24.9646,0.0,2.20902,6.67976,0.0,0.17386,34.2429,0.0,0.57277,,0.0,0.0,0.0,11.3579,1.489,0.30396,0.986,698.082,165.350006104,1.02,0.0,0.40131,0.289,2.22019,2.80985,0.0,0.2041,0.0,337.784,30.9,0.0,128.306,0.0,1.19203,0,20.6693,0.0,1302.95,0.75074,5.68067,3.21965,0.78663,0.35035,0.0,0.0045,0.07768,18.0178,0.0,0.0,0.0,0.0,0.0,0.0,4.287,22.27,0.0,9.2542,0.0,0.0,0.0
2023-12-06 05:15:00,7.39826,1525.35,1.89174,0.0,0.0,12.7185,5.13252,0.0,0.0,0.0,0.0,0.16327,19.2038,95.6998,0.79728,2.77,2.51353,0,2652.43,0.0,3.3051,7.00183,0.907,0.001526,23.1747,0.0,2.5391,5.36815,0.0,0.58144,33.8922,1.02,0.75053,,1.61639,0.13187,0.507,16.5169,1.539,0.18677,1.922,685.46,148.190002441,1.54,0.0,0.8011,0.352,2.20188,4.62458,0.0,0.19405,0.0,338.716,30.6,0.0,130.69,0.0,1.24331,0,16.26,0.0,1319.01,1.26345,0.0,4.92256,0.83058,0.41017,0.0,0.0,0.96614,52.4788,1.99611,0.0,0.0,0.0,1.089,0.0,4.287,22.37,0.0,10.5231,0.0,0.0,0.0
2023-12-06 05:20:00,8.29793,1528.72,3.51133,0.0,0.0,10.7132,7.33349,0.0,0.0,0.90295,0.0,0.0,18.6935,97.7973,1.52794,2.56,4.91188,0,2662.39,0.0,5.41695,10.3957,1.85916,0.001526,21.5747,0.315,0.82203,4.71354,0.0,1.29933,34.126,1.02,1.44147,,2.33143,0.3071,1.664,21.8655,1.589,0.91188,3.278,696.422,115.36000061,2.6,0.0,1.49996,0.403,2.00961,7.0248,0.0,0.19405,0.0,342.408,30.9,0.0,127.515,0.0,6.66087,0,13.7734,0.0,1281.73,2.33036,0.0121,7.23583,1.36672,0.48952,0.0,0.0,4.22067,69.1692,3.99657,0.0,0.0,0.0,3.189,0.0,4.287,22.22,0.0,9.38109,0.0,0.0,0.0
2023-12-06 05:25:00,8.89776,1521.06,3.16086,0.0,0.0,9.0302,9.92264,0.0,0.0,2.90112,0.0,0.0,19.3344,93.5978,2.35507,2.55,8.69233,0,2658.81,0.0,8.32227,12.9941,1.59792,0.001526,18.6047,0.36499,0.82203,4.54136,0.0,2.17011,34.1845,2.05,2.2121,,3.35866,0.42747,1.298,28.1143,1.639,0.93874,5.686,689.879,98.0500030518,3.83,0.0,1.29854,0.445,1.32296,9.84643,0.0,0.2041,0.0,338.901,30.9,0.0,130.844,2.64134,8.21607,0,11.7995,0.0,1242.84,3.20928,0.0,10.2266,1.34035,0.55055,0.0,0.0,6.56538,89.247,14.9991,0.0,0.0,0.0,5.289,0.0,4.287,22.27,0.0,9.2542,0.0,0.0,0.0
2023-12-06 05:30:00,11.3972,1535.68,7.39039,0.0,0.0,10.282,12.7718,0.0,0.0,12.1984,0.0,0.0,19.736,89.3984,3.31494,2.39,18.9226,0,2625.92,0.0,12.3446,18.9158,1.73953,0.001526,17.3747,0.45499,0.50465,3.60745,0.0,2.96269,33.803,0.73,3.44154,,5.29229,0.6027,2.091,34.5895,1.689,3.93927,7.928,700.938,39.4599990845,3.54,0.0,1.49996,0.511,0.0,13.4822,0.0,0.17395,0.0,347.642,31.3,0.0,126.306,2.5864,13.7874,0,12.2573,0.0,1209.29,5.07454,2.08779,14.3221,1.96439,0.6299,0.0,0.0045,9.68038,110.094,22.9922,1.72418,1.80792,0.55778,8.289,0.0,4.287,22.34,0.0,8.94603,0.0,0.0,0.0
2023-12-06 05:35:00,11.4967,1531.38,10.3322,0.0,0.0,8.34991,15.5514,0.0,0.0,16.902,0.0,0.0,17.5534,86.6991,4.55885,2.64,28.6515,0,2657.22,0.0,17.3068,24.1426,2.35477,0.001526,16.5448,0.52499,0.0,2.74495,0.0,6.03597,34.0676,0.73,4.67354,,13.6613,2.02228,4.786,41.4911,1.739,1.58816,10.58,702.599,82.1600036621,2.8,1.25,2.10117,0.559,0.0,16.167,0.0,0.15386,0.0,248.221,31.5,0.0,125.603,15.9258,17.1542,0,11.0524,0.0,1183.78,6.76158,3.30155,19.3088,2.72026,0.73,0.0,0.0165,13.6745,132.479,27.9934,0.09122,0.07626,0.05832,10.989,0.0,4.287,22.3,0.0,9.41735,0.0,0.0,0.0
2023-12-06 05:40:00,11.2948,1538.73,13.1705,0.0,0.0,7.82241,18.8803,0.0,0.0,22.6974,0.0,0.0,17.1334,83.898,5.81222,2.37,38.1365,0,2676.55,0.0,22.4094,29.5608,3.01884,0.001526,14.1148,0.62499,0.0,1.77691,0.0,3.88442,33.9507,0.73,5.98861,,22.6546,3.03828,8.464,47.7715,1.84,2.12772,11.994,708.19,85.3099975586,2.91,1.75,2.50095,0.609,0.0,20.1845,0.0,0.21414,0.0,146.966,31.4,0.0,128.756,24.1016,20.2048,0,8.5658,0.0,1145.47,8.80995,3.11725,24.7227,3.52886,0.88992,0.0,0.1515,17.6517,155.706,36.9954,1.86175,15.6283,23.0872,9.289,0.0,4.287,22.25,0.0,10.4506,0.0,0.0,0.0
2023-12-06 05:45:00,10.3986,1532.63,16.2902,0.0,0.0,6.3718,22.103,0.0,0.0,29.097,0.0,0.0,17.5045,80.8978,7.16749,1.47,48.299,0,2676.7,0.0,28.7816,36.1522,14.3349,0.001526,12.1648,0.75499,0.0,2.28949,0.0,4.98842,33.8338,3.07,7.24454,,33.7226,4.4083,1.905,54.9994,1.89,9.24208,14.79,700.255,53.4300003052,4.09,2.25,10.6004,0.67,0.0,24.0148,0.0,0.2041,0.0,104.638,31.0,0.0,129.833,22.0783,25.4771,0,5.68002,0.0,1102.04,10.5263,20.9812,30.6554,4.05621,0.0,0.0,0.0055,21.6433,178.173,41.9966,0.04038,0.59068,11.2438,5.689,0.0,4.287,22.24,0.0,10.5775,0.0,0.0,0.0
2023-12-06 05:50:00,8.39681,1530.21,19.9701,0.0,0.0,5.57532,25.0803,0.0,0.0,34.7002,0.0,0.0,15.5343,80.3977,8.51405,1.2,59.2203,0,2658.71,0.0,35.1965,40.9258,16.0928,0.001526,11.4648,0.92499,0.0,2.17523,0.0,7.02694,33.9507,11.83,8.74035,,48.0334,6.30933,1.87,62.2011,2.04,10.7924,19.178,699.986,154.690002441,7.91,2.5,16.2005,0.785,0.0,28.6164,0.0,0.17395,0.0,2.63421,31.3,0.0,129.668,39.3271,14.5736,0,4.63996,0.0,1045.39,12.5673,21.0221,35.6298,4.40778,0.0,0.0,0.0055,25.9686,203.012,53.9993,0.0,0.0,12.7153,5.189,0.0,4.287,22.39,0.0,12.1184,0.0,0.0,0.0
2023-12-06 05:55:00,9.09552,1537.27,23.4509,0.0,0.0,5.08342,28.3507,1.19998,0.0,42.1023,0.0,0.0,14.1341,79.3977,9.86829,1.23,71.2256,0,2603.92,0.0,43.2593,47.7388,7.12779,0.001526,10.4548,1.08498,0.00635,2.84889,0.0,8.78182,34.1845,20.72,10.2339,,59.5345,7.54836,2.573,69.6238,2.191,12.4306,22.4,703.673,141.339996338,21.43,3.0,5.00038,0.939,0.0,32.8069,0.0,0.19405,0.0,0.0,31.2,0.0,129.525,47.9332,35.7482,0,2.98833,0.0,992.657,14.6157,0.19454,41.6175,4.69783,0.0,0.0,0.0615,31.6365,226.807,63.9929,0.08823,0.11514,0.26468,7.089,0.0,4.287,22.46,0.0,12.0096,0.0,0.0,0.0
2023-12-06 06:00:00,9.19409,1534.8,27.0804,0.0,0.0,4.6229,31.9615,1.39998,0.0,49.2985,0.0,0.0,13.9242,78.2958,11.3428,0.45,83.6239,0,2543.08,0.0,49.3568,54.9597,6.21714,0.001526,10.9448,1.29498,0.0,3.65743,0.0,6.51008,34.3598,22.73,11.6332,,70.0183,8.8405,12.98,76.7886,2.292,14.4497,25.674,702.574,22.3400001526,25.1,3.5,4.7013,1.142,0.0,37.2771,0.0,0.2041,0.0,0.0,31.5,0.0,126.284,55.1293,39.4141,0,1.78347,0.0,935.209,16.9204,2.10082,50.3883,4.83845,0.0,0.0,0.0315,37.1732,247.077,72.995,0.0,0.0,17.2762,27.089,0.0,4.287,22.32,0.0,13.623,0.0,0.0,0.0
2023-12-06 06:05:00,9.39429,1536.8,30.7019,0.0,0.0,3.9426,35.5798,1.59998,0.0,56.1032,0.0,0.0,12.8939,71.8971,12.9408,-0.02,96.0763,0,2504.82,0.0,56.4675,62.5431,5.87778,0.001526,12.1248,1.50498,0.49195,4.96904,0.0,5.48352,34.0676,23.74,13.3325,,83.1005,9.6795,18.29,82.7637,2.492,16.1172,27.464,708.312,0.0,29.56,4.0,3.99939,1.405,0.0,42.4841,0.0,0.17395,0.0,0.0,31.6,0.0,127.328,68.5603,45.2076,0,1.06386,0.0,881.765,19.23,0.0,57.5357,4.92634,0.0,0.0,0.0885,29.2403,272.923,83.9975,0.86284,1.00938,0.61759,36.589,0.0,4.287,22.45,0.0,13.8405,0.0,0.0,0.0
2023-12-06 06:10:00,8.49676,1540.39,34.4615,0.0,0.0,4.50254,39.8425,1.69997,0.0,64.8032,0.0,0.0,14.0951,70.2996,14.4067,-0.13,110.128,0,2475.28,0.0,61.4908,67.6693,3.71466,0.001526,12.8048,1.71497,0.0,4.86986,0.0,33.5473,34.3014,21.58,14.7968,,96.4243,11.8248,17.472,88.4229,2.643,18.0655,30.542,706.7,0.0,33.61,5.0,2.59861,1.692,0.0,46.931,0.0,0.184,0.0,0.0,31.6,0.0,126.361,78.4298,51.1379,0,0.67201,0.0,817.92,13.7783,0.0,64.2069,4.56599,0.0,0.0,0.0,24.2145,293.01,92.9995,0.04038,0.0015,0.0,10.289,0.0,4.287,22.42,0.0,14.1668,0.0,0.0,0.0
2023-12-06 06:15:00,6.6968,1540.07,38.16,0.0,0.0,5.81395,43.6219,1.79997,6.42393,73.201,0.0,0.0,15.6942,63.9982,15.8869,-0.12,122.594,0,2474.82,0.0,67.6127,74.7693,2.49638,0.001526,13.2548,1.96497,0.7649,5.17693,0.0,38.6355,34.3321,10.52,16.5053,,114.069,10.3557,23.11,86.5593,2.793,19.7501,33.266,699.278,45.6699981689,38.09,6.25,2.00046,2.004,0.0,51.9342,0.0,0.19405,0.0,0.0,31.1,0.0,125.274,93.0877,55.6667,0,1.29458,0.0,771.85,23.4391,0.0,71.8792,4.49567,0.0,0.0,0.0235,32.4332,312.85,102.993,0.33048,0.6475,0.70433,10.989,0.0,4.287,22.5,0.0,14.5294,0.0,0.0,0.0
2023-12-06 06:20:00,6.29732,1531.09,41.7417,0.0,0.0,5.59416,47.5111,1.99997,0.0,78.5981,0.0,0.0,17.5937,65.9984,17.2401,-0.05,134.68,0,2458.46,0.0,72.2515,80.9226,2.6453,0.001526,13.1548,2.19497,2.38993,5.44433,0.0,42.6045,34.2429,28.24,17.9159,,125.892,11.823,23.604,88.1228,2.994,21.3883,36.378,693.785,0.0,43.16,7.5,2.29953,2.362,0.0,43.9188,0.0,0.184,0.0,0.0,30.9,0.0,124.482,104.834,59.794,0,1.43557,0.0,707.517,25.4289,0.0,79.3378,4.39899,0.0,0.0,0.0,32.4434,331.188,112.995,0.09122,0.03738,0.02542,11.889,0.0,4.287,22.31,0.0,13.1517,0.0,0.0,0.0
2023-12-06 06:25:00,6.69589,1510.29,45.3419,0.0,0.0,5.39321,47.4598,2.39996,1.96683,86.8997,0.0,0.0,18.1027,59.697,18.8119,-0.13,134.057,0,2453.65,0.0,80.0641,81.8643,2.52567,0.001526,14.7548,2.41496,3.27861,6.68849,0.0,46.7026,34.0676,38.52,14.4036,,149.015,14.4604,9.778,90.197,3.145,22.6554,37.49,686.485,0.0,47.75,9.0,3.00145,2.762,0.0,42.7039,0.0,0.2041,0.0,0.0,30.9,0.0,123.889,127.64,63.8785,0,0.9485,0.0,663.326,22.4869,0.0,86.3996,4.10016,0.0,0.0,0.0,46.0124,350.396,134.992,0.0,0.0,0.0,13.189,0.0,4.287,22.19,0.0,12.1546,0.0,0.0,0.0
2023-12-06 06:30:00,8.19936,1502.11,48.6608,0.0,0.0,5.05202,49.7707,2.79996,0.0,95.5997,0.0,0.0,19.3246,52.4974,23.2141,0.0,151.984,0,2403.89,0.0,86.3203,80.8068,4.75227,0.001526,13.6248,2.69496,3.42461,6.45362,0.0,50.5385,34.2122,9.5,14.9596,,139.206,10.368,30.024,94.7032,3.396,24.7965,39.106,707.677,0.0,51.43,10.75,4.79896,3.165,0.0,44.8164,0.0,0.184,0.0,0.0,31.6,0.0,122.505,28.8441,71.2444,0,0.66285,0.0,610.321,24.0055,0.0,94.3587,3.92438,0.0,0.0,0.1795,57.1126,363.827,149.995,1.44305,1.76007,0.46806,10.889,0.0,4.287,22.26,0.0,10.7044,0.0,0.0,0.0
2023-12-06 06:35:00,8.49813,1475.72,52.1814,0.0,0.0,4.29427,47.9323,3.29995,0.0,102.398,0.0,0.0,19.2856,53.4974,24.6897,0.0,171.604,0,2426.89,0.0,98.1125,80.6155,58.5177,0.001526,14.0198,2.94496,1.53298,6.50282,0.0,54.8536,34.2706,17.05,14.4599,,30.3488,3.54098,14.061,96.9248,3.597,26.276,40.386,684.385,5.13000011444,56.29,12.75,41.3016,3.601,0.0,43.129,0.0,0.17395,0.0,0.0,1.2,0.0,127.053,72.314,78.3197,0,0.65553,0.0,565.52,23.2731,0.0,101.921,4.07379,0.0,0.0,0.0275,54.9724,373.513,154.988,0.52787,0.0,0.0,19.589,0.0,4.287,22.28,0.0,9.34484,0.0,0.0,0.0
2023-12-06 06:40:00,6.09666,1459.34,55.6702,0.0,0.0,4.56534,49.0822,3.09995,0.0,108.502,0.0,0.0,18.464,52.9974,25.9686,0.0,182.458,0,2373.03,0.0,104.216,75.8469,52.5289,0.001526,13.1198,3.19495,1.54568,5.70141,0.0,59.2302,34.2429,35.67,14.6253,,161.896,3.75869,9.308,98.9095,3.847,26.8766,41.934,657.871,19.3700008392,60.09,14.5,37.5998,4.045,0.0,44.1735,0.0,0.2041,0.0,0.0,0.0,0.0,127.493,66.775,79.7211,0,0.0,0.0,534.342,23.5367,0.0,108.818,3.61675,0.0,0.0,0.0405,21.1497,382.229,158.997,0.14804,0.0,0.0,11.989,0.0,4.287,22.62,0.0,7.20577,0.0,0.0,0.0
2023-12-06 06:45:00,6.2964,1428.92,58.7394,0.0,0.0,2.92948,45.7606,4.89993,0.0,98.4974,0.0,0.0,18.3835,48.6962,26.8011,0.0,192.783,0,2314.54,0.0,109.136,91.8849,56.1276,0.001526,12.7998,3.43495,1.5552,4.5247,0.0,63.4593,34.126,41.96,13.8496,,146.406,8.61924,35.207,100.763,4.047,27.6286,46.456,628.086,0.0,64.11,16.75,42.4002,4.463,0.0,41.148,0.0,0.22419,0.0,0.0,0.0,0.0,127.13,120.664,105.271,0,0.0,0.0,508.683,22.3356,0.0,116.655,2.49174,0.0,0.0,0.0055,45.1174,390.982,161.998,0.3903,0.0,0.0,14.489,0.0,4.287,22.43,0.0,5.73742,0.0,0.0,0.0
2023-12-06 06:50:00,2.89799,1410.85,62.1804,0.0,0.0,1.65679,45.94,5.79991,0.0,108.797,0.0,0.0,17.1347,51.3999,27.3172,-0.08,204.205,0,2303.09,0.0,94.6029,72.1659,39.2401,0.001526,11.0298,3.69494,0.0,4.51517,0.0,67.2891,33.8922,41.96,13.846,,80.6532,6.31641,9.685,102.41,4.298,28.6125,46.55,606.894,0.0,67.98,18.75,41.3993,4.922,0.0,41.392,0.0,0.15386,0.0,0.0,0.0,0.0,127.372,45.1682,103.237,0,0.0,0.0,500.87,22.2086,0.0,122.93,1.64797,0.0,0.0,0.1375,69.2797,397.134,164.999,1.78698,0.0,0.0,19.789,0.0,4.287,22.41,0.0,5.42925,0.0,0.0,0.0
2023-12-06 06:55:00,4.39704,1396.74,66.2002,0.0,0.0,1.51969,45.1417,6.7999,0.0,112.8,0.0,0.0,16.6049,46.9969,27.8282,-0.11,210.696,0,2290.29,0.0,111.986,73.878,29.5988,0.001526,10.0098,3.96494,0.20948,4.51756,0.0,71.4875,34.0676,41.96,13.8112,,89.5761,8.86174,39.204,104.121,4.55,28.3683,48.064,593.735,103.680000305,71.35,21.0,45.2018,5.354,0.0,40.597,0.0,0.184,0.0,0.0,0.0,0.0,127.097,40.444,72.8081,0,0.0,0.0,495.499,22.1598,0.40304,106.053,1.52493,0.0,0.0,0.0,69.7999,397.034,167.999,1.16789,3.51565,2.44196,23.489,0.0,4.287,22.33,0.0,6.1181,0.0,0.0,0.0
2023-12-06 07:00:00,4.79767,1383.16,65.0691,0.0,0.0,1.44956,45.7203,7.79988,0.0,116.598,0.0,0.0,16.5145,46.7978,28.2399,-0.08,218.189,0,2282.02,0.0,110.906,72.1811,61.2619,0.001526,9.82985,4.19494,0.0,3.0663,0.0,75.8292,34.7413,43.24,13.8721,,60.8034,6.07923,37.578,105.69,4.801,29.8235,48.984,580.16,157.820007324,74.84,23.25,44.802,5.792,0.0,41.1674,0.0,0.184,0.0,0.0,0.0,0.0,127.152,45.0034,113.696,0,0.0,0.0,498.672,22.4576,0.40304,136.852,1.12062,0.0,0.0,0.2575,69.7672,396.823,171.0,2.80983,3.05507,1.05126,23.889,0.0,4.287,22.46,0.0,5.24797,0.0,0.0,0.0
2023-12-06 07:05:00,2.0972,1363.97,69.1208,0.0,0.0,0.0,45.951,8.89986,0.0,120.402,0.0,0.0,17.0346,49.3998,24.8607,-0.05,224.774,0,2338.78,0.0,109.117,71.6976,61.799,0.001526,8.27987,4.41493,0.0,2.97823,0.0,79.5771,33.7753,43.93,13.631,,65.7079,6.41199,37.854,107.08,5.051,27.4137,49.634,563.607,91.9899978638,78.74,25.75,44.2008,6.201,0.0,40.3553,0.0,0.19405,0.0,0.0,0.0,0.0,133.469,38.6221,75.0298,0,0.0,0.0,481.777,21.9571,0.27459,118.749,1.12062,0.0,0.0,0.1065,71.3728,397.07,174.992,1.21874,0.92564,0.50394,23.389,0.0,4.62996,22.39,0.0,2.98201,0.0,0.0,0.0
2023-12-06 07:10:00,2.19974,1333.6,72.429,0.0,0.0,0.0,44.3104,10.0998,0.0,123.1,0.0,0.0,16.6635,49.6963,25.172,-0.04,228.27,0,2359.29,0.0,115.758,71.6423,61.406,0.001526,8.65487,4.66493,0.0,2.38233,0.0,82.9809,34.3598,43.93,14.1123,,58.9503,11.0407,38.802,108.47,5.252,28.51,50.258,539.95,125.959999084,82.02,28.0,44.4999,6.621,0.0,42.5251,0.0,0.2041,0.0,0.0,0.0,0.0,128.482,58.7091,52.0436,0,0.0,0.0,463.32,22.5748,0.0,130.022,0.0,0.0,0.0,0.0155,71.4302,395.505,176.993,0.0,0.0,0.08823,22.089,0.0,4.62996,22.42,0.0,2.81886,0.0,0.0,0.0
2023-12-06 07:15:00,0.99855,1299.47,74.3114,0.0,0.0,0.0,44.911,11.3998,0.0,124.803,0.0,0.0,14.6334,48.8997,25.4884,-0.05,232.633,0,2342.42,0.0,113.079,71.3149,61.0202,0.001526,7.43989,4.90493,0.0,2.39344,0.0,85.0125,34.3321,44.93,13.0985,,73.1504,10.9221,39.159,109.343,5.453,27.9924,50.674,501.35,122.879997253,85.56,30.5,44.4999,6.992,0.0,40.4006,0.0,0.17395,0.0,0.0,0.0,0.0,130.108,70.6203,36.2267,0,0.0,0.0,462.123,21.3541,0.0,149.957,0.0,0.0,0.0,0.0,71.2212,395.367,175.992,0.0,0.0,0.0,23.289,0.0,4.62996,22.24,0.0,2.96388,0.0,0.0,0.0
2023-12-06 07:20:00,0.0,1294.81,74.9991,0.0,0.0,0.0,46.8922,11.0998,0.0,125.6,0.0,0.0,14.6542,48.6962,25.6952,-0.04,221.468,0,2362.17,0.0,119.915,71.179,61.2814,0.001526,6.2399,5.15492,0.0,1.77057,0.0,85.033,33.9199,44.93,14.0826,,69.3033,8.72721,38.564,110.949,5.704,26.4787,51.196,499.666,120.61000061,88.45,33.0,44.4999,7.375,0.0,42.1942,0.0,0.17395,0.0,0.0,0.0,0.0,121.571,51.7693,21.7258,0,0.0,0.0,463.71,22.6603,0.0,151.232,0.74269,0.0,0.0,0.0295,72.8801,395.413,176.993,0.20487,0.0,0.0,16.889,0.0,4.62996,22.41,0.0,2.80073,0.0,0.0,0.0
2023-12-06 07:25:00,0.0,1294.2,75.5805,0.0,0.0,0.0,43.6695,13.8998,0.0,126.698,0.0,0.0,13.3724,41.5983,25.9041,0.0,231.129,0,2334.78,0.0,120.177,70.756,60.7053,0.001526,6.8199,5.37492,0.0,1.94275,0.0,85.0207,34.0676,45.94,13.1625,,71.0053,10.5274,40.085,112.107,5.904,25.1334,51.718,490.486,35.6599998474,91.69,35.25,43.9017,7.752,0.0,39.3109,0.0,0.184,0.0,0.0,0.0,0.0,133.25,97.5006,7.07958,0,0.0,0.0,461.074,21.1563,0.0,152.886,0.66358,0.0,0.0,0.0275,73.3471,395.331,174.992,0.0,0.0,0.0,21.289,0.0,4.62996,22.22,0.0,1.56805,0.0,0.0,0.0
2023-12-06 07:30:00,0.0,1291.07,76.3001,0.0,0.0,0.0,43.761,15.2998,0.0,128.202,0.0,0.0,12.4031,38.5981,26.1099,0.0,242.66,0,2354.31,0.0,120.903,69.9554,60.8957,0.001526,8.43987,5.60491,0.99342,1.88482,0.0,83.9066,34.3014,44.91,13.1328,,118.651,23.0894,41.01,113.26,6.156,22.128,52.134,467.243,0.0,94.51,37.75,44.2008,8.137,0.0,39.3397,0.0,0.2041,0.0,0.0,0.0,0.0,130.097,110.959,0.0,0,0.0,0.0,458.193,20.8951,0.0,154.577,0.86574,0.0,0.0,0.0,73.6461,395.23,144.994,0.0,0.0,0.0,20.989,0.0,4.62996,22.43,0.0,1.54992,0.0,0.0,0.0
2023-12-06 07:35:00,0.0,1268.64,76.9293,0.0,0.0,0.0,43.9625,16.5998,0.0,129.699,0.0,0.0,12.0845,40.6956,26.3127,-0.07,229.571,0,2311.0,0.0,122.161,69.4216,61.2717,0.001526,8.30987,5.86491,0.73317,1.91498,0.0,47.4214,35.0,42.91,13.3048,,111.752,10.184,38.147,114.266,6.356,22.7872,52.552,453.938,3.81999993324,96.36,40.25,44.2008,8.491,0.0,39.5747,0.0,0.2041,0.0,0.0,0.0,0.0,124.922,108.872,0.0,0,0.0,0.0,445.619,21.2882,0.07353,155.969,1.07668,0.0,0.0,0.0615,74.2318,395.056,143.994,0.28861,0.0,0.0,20.689,0.0,4.62996,22.46,0.0,1.24175,0.0,0.0,0.0
2023-12-06 07:40:00,0.39796,1234.45,77.5612,0.0,0.0,0.0,43.3399,17.7997,0.0,132.301,0.0,0.0,11.9844,34.2969,26.3127,-0.05,226.875,0,2234.46,0.0,122.924,69.2303,60.6247,0.001526,7.08989,6.07491,0.0,1.76184,0.0,42.6987,34.0676,45.97,12.6541,,111.994,12.0018,40.859,114.824,6.557,21.1563,52.868,440.241,46.0800018311,97.43,42.25,44.1001,8.855,0.0,39.0408,0.0,0.23424,0.0,0.0,0.0,0.0,124.757,114.209,0.0,0,0.0,0.0,420.228,20.6314,0.0,157.378,0.7339,0.0,0.0,0.0,74.3506,394.855,173.992,0.0,0.0,0.0,20.289,0.0,4.62996,22.39,0.0,1.98499,0.0,0.0,0.0
2023-12-06 07:45:00,0.59815,1213.58,77.7205,0.0,0.0,0.0,56.78,19.1997,0.0,134.197,0.0,0.0,12.585,33.8986,26.3127,-0.04,258.013,0,2194.03,0.0,123.638,69.0087,61.1203,0.001526,5.91991,6.2849,1.05055,1.47936,0.0,58.6097,34.3906,47.18,16.8438,,84.4399,12.8249,41.276,114.987,6.757,18.3633,53.1,441.633,45.2299995422,98.14,44.5,44.3992,9.244,0.0,51.0314,0.0,0.184,0.0,0.0,0.0,0.0,121.582,112.305,0.0,0,0.0,0.0,406.799,26.8669,0.0,158.605,0.90089,0.0,0.0,0.0065,55.0052,394.717,176.993,0.0,0.0,0.0,29.789,0.0,4.62996,22.51,0.0,1.58618,0.0,0.0,0.0
2023-12-06 07:50:00,0.0,1226.06,78.2011,0.0,0.0,0.0,56.7398,20.4997,0.0,136.703,0.0,0.0,9.81521,26.5972,26.3117,0.0,103.217,0,2181.23,0.0,123.601,68.9533,63.2224,0.001526,6.23991,6.4549,0.94264,1.45397,0.0,84.9879,34.0091,47.18,17.665,,87.4209,12.5275,40.974,115.018,6.957,16.4004,53.548,480.5,167.960006714,99.02,47.0,44.1001,9.595,0.0,51.0985,0.0,0.17395,0.0,0.0,0.0,0.0,116.616,121.607,4.84077,0,0.0,0.0,406.018,28.4465,3.43186,159.905,0.0,0.0,0.0,0.3255,53.2644,394.827,165.999,4.41587,17.994,1.80194,29.589,0.0,4.62996,22.39,0.0,2.16626,0.0,0.0,0.0
2023-12-06 07:55:00,0.29541,1198.32,79.2897,0.0,0.0,0.0,56.7215,21.8997,0.0,137.101,0.0,0.0,8.43336,26.398,26.3117,0.0,83.0006,0,2144.34,0.0,123.638,68.5807,62.8171,0.001526,7.97988,6.6949,0.6443,1.81341,0.0,85.0125,34.126,47.99,17.364,,80.613,10.3486,41.015,115.045,7.158,16.8618,53.548,467.951,255.820007324,99.93,49.0,44.3015,9.914,0.0,51.0985,0.0,0.2041,0.0,0.0,0.0,0.0,118.451,70.7485,5.72091,0,0.0,0.0,400.037,27.7726,2.32979,161.462,0.0,0.0,0.0,0.1235,51.884,394.781,60.9922,2.5586,8.04367,13.9684,29.589,0.0,4.62996,22.33,0.0,0.0,0.0,0.0,0.0
2023-12-06 08:00:00,2.2974,1136.82,79.5605,0.0,0.0,0.0,55.6814,23.1996,0.0,137.699,0.0,0.0,9.13283,20.5967,26.2062,-0.06,106.117,0,2067.1,0.0,123.626,68.2635,58.5495,0.001526,7.04489,6.8649,0.0,1.46349,0.0,85.0125,33.7753,47.99,15.8776,,102.014,11.2725,41.185,111.902,7.359,11.8593,53.744,442.097,416.660003662,100.8,51.25,44.3015,9.846,0.0,49.942,0.0,0.22419,0.0,0.0,0.0,0.0,119.352,71.1696,1.6022,0,0.0,0.0,401.379,25.5509,0.0,162.683,0.0,0.0,0.0,0.0,54.9908,394.507,169.0,0.0,0.0,0.0,28.889,0.0,4.62996,22.31,0.0,1.83996,0.0,0.0,0.0
2023-12-06 08:05:00,2.4976,1145.56,79.9694,0.0,0.0,0.0,55.8792,24.5996,0.0,137.699,0.0,0.0,8.60426,21.6986,26.3066,0.0,103.258,0,2039.41,0.0,123.571,67.3571,60.8273,0.001526,5.75491,7.07489,0.0,1.7293,0.0,84.9879,36.5286,47.99,16.9963,,77.1083,9.90784,41.295,112.323,7.561,9.14443,53.744,442.634,392.410003662,101.57,53.25,44.3015,10.174,0.0,50.2542,0.0,0.184,0.0,0.0,0.0,0.0,113.177,65.9419,2.21744,0,0.49622,0.0,399.255,26.8009,3.39649,163.604,0.0,0.0,0.0,0.0275,52.3325,394.653,159.997,0.53086,0.69834,2.22065,29.089,0.0,4.62996,22.35,0.0,2.20252,0.0,0.0,0.0
2023-12-06 08:10:00,2.19974,1080.42,80.3703,0.0,0.0,0.0,61.4493,25.8996,0.0,137.197,0.0,0.0,6.73533,14.0962,26.3066,-0.05,275.56,0,1940.75,0.0,123.644,67.07,57.9294,0.001526,6.04491,7.25489,0.0,1.52935,0.0,84.865,36.8208,47.99,10.3767,,78.8908,10.0477,41.459,108.712,7.761,5.94614,53.858,438.337,531.679992676,102.22,55.5,43.5996,10.452,0.0,49.368,0.0,0.184,0.0,0.0,0.0,0.0,112.782,104.422,0.0,0,1.30007,0.0,399.768,15.1064,0.0,164.337,0.0,0.0,0.0,0.0,47.106,394.525,167.999,0.0,0.0,0.0,28.689,0.0,4.62996,22.39,0.0,2.61946,0.0,0.0,0.0
2023-12-06 08:15:00,3.0946,1072.9,80.7606,0.0,0.0,0.0,57.9702,27.0996,0.0,137.197,0.0,0.0,7.88403,15.0963,25.6799,-0.06,237.796,0,1921.56,0.0,123.626,67.2815,59.3576,0.001526,6.3449,7.43489,1.49807,2.51167,0.0,85.0043,36.6762,48.99,17.4203,,68.7997,9.90784,41.609,109.301,7.912,4.27619,54.066,436.847,498.519989014,103.05,57.5,43.3005,10.724,0.0,52.2025,0.0,0.2041,0.0,0.0,0.0,0.0,109.541,98.5077,0.0,0,1.87869,0.0,400.378,15.1113,0.0,165.643,0.0,0.0,0.0,0.0,51.5912,394.562,179.993,0.0,0.0,0.0,30.189,0.0,4.62996,22.47,0.0,3.30831,0.0,0.0,0.0
2023-12-06 08:20:00,5.19516,1035.87,81.1801,0.0,0.0,0.0,53.7917,28.4996,0.0,137.602,0.0,0.0,10.2132,11.9987,25.9,0.0,231.211,0,1861.53,0.0,103.197,67.5383,60.2438,0.001526,5.87991,7.61488,1.91385,2.00146,0.0,84.9756,39.8386,48.99,16.1219,,80.1195,10.3521,41.844,110.481,8.063,8.97597,54.014,441.633,493.440002441,103.48,59.5,43.7003,11.01,0.0,48.3983,0.0,0.184,0.0,0.0,0.0,0.0,103.509,102.847,0.0,0,2.92241,0.0,400.623,24.9821,0.31926,165.069,0.0,0.0,0.0,0.0035,48.7281,394.818,179.993,0.21085,0.0,0.11514,27.989,0.0,4.62996,22.47,0.0,3.52584,0.0,0.0,0.0
2023-12-06 08:25:00,4.49958,1058.79,81.2996,0.0,0.0,0.0,54.1506,29.6996,0.0,138.001,0.0,0.0,9.57351,12.0961,29.3386,-0.15,139.03,0,1858.92,0.0,101.689,67.6542,61.8967,0.001526,7.08489,7.77488,3.84039,2.49897,0.0,84.992,40.2508,48.99,16.7844,,120.484,17.119,42.01,113.434,8.621,8.59266,54.06,481.55,413.140014648,103.95,62.0,43.7003,11.288,0.0,48.7859,0.0,0.2041,0.0,0.0,0.0,0.0,96.9064,123.731,4.37079,0,3.49737,0.0,400.183,26.9865,4.04433,162.756,0.0,0.0,0.0,0.2515,50.4627,394.662,178.993,3.21059,3.40798,1.21276,28.289,0.0,4.62996,22.44,0.0,3.7615,0.0,0.0,0.0
2023-12-06 08:30:00,6.8944,1038.99,81.4695,0.0,0.0,0.0,50.5507,30.7995,0.0,129.397,0.0,0.0,7.06371,13.7997,28.8235,-0.11,157.946,0,1834.99,0.0,120.378,66.9794,60.2682,0.001526,6.00491,7.94488,2.1265,2.76716,0.0,85.0043,40.1616,49.38,16.237,,95.9107,14.8162,42.187,115.003,8.822,8.81971,53.92,458.064,477.880004883,104.28,64.0,43.4012,12.006,0.0,48.6537,0.0,0.184,0.0,0.0,0.0,0.0,89.6333,96.2188,4.91768,0,4.85969,0.0,402.576,24.3668,2.07662,159.606,0.0,0.0,0.0,0.0595,48.9165,394.69,179.993,0.13907,0.0,0.15402,28.089,0.0,4.62996,22.34,0.0,3.99716,0.0,0.0,0.0
2023-12-06 08:35:00,5.19501,1021.85,81.5014,0.0,0.0,0.57564,53.9492,31.9995,0.0,124.0,0.0,0.0,6.63401,13.9989,30.2725,-0.09,161.767,0,1781.81,0.0,125.048,66.8586,59.5969,0.001526,8.63487,8.03488,2.2725,2.41486,0.0,84.992,40.1923,49.38,16.1884,,111.209,14.4445,42.241,114.997,8.973,8.74647,54.152,441.096,472.140014648,104.61,66.25,43.4012,12.261,0.0,48.5382,0.0,0.19405,0.0,0.0,0.0,0.0,94.1048,81.7716,4.80659,0,6.8336,0.0,396.106,26.11,2.46569,161.553,0.0,0.0,0.0,0.0395,48.7915,394.827,176.993,0.04935,0.0643,0.0,27.489,0.0,4.62996,22.21,0.0,3.77963,0.0,0.0,0.0
2023-12-06 08:40:00,5.89586,1033.35,81.581,0.0,0.0,7.3619,54.3593,33.2995,0.0,71.6972,0.0,0.0,9.20485,16.8973,30.2725,-0.08,190.262,0,1731.52,0.0,124.901,67.352,60.0046,0.001526,8.60487,8.26487,1.42824,2.45057,0.0,84.9838,39.9862,49.38,16.4403,,94.9741,13.7241,42.295,115.024,9.123,7.04234,54.294,451.936,555.640014648,104.77,68.0,43.1022,12.504,0.0,48.9757,0.0,0.22419,0.0,0.0,0.0,0.0,96.4999,86.0105,5.17403,0,7.67956,0.0,399.573,26.5861,2.53271,162.591,0.0,0.0,0.0,0.1945,50.2047,395.148,134.992,1.69427,1.09911,24.6095,28.289,0.0,4.62996,22.21,0.0,4.66789,0.0,0.0,0.0
2023-12-06 08:45:00,6.39864,976.199,81.7111,0.0,0.0,7.59006,54.7622,34.2995,0.0,100.997,0.0,0.0,9.96292,15.8972,29.8629,-0.12,224.029,0,1661.84,0.0,124.889,67.3571,58.6813,0.001526,8.69987,8.42487,6.28428,2.96632,0.0,84.9961,40.1031,49.38,15.8372,,107.281,11.862,42.406,113.597,9.274,5.22591,54.332,440.827,574.359985352,104.92,70.25,43.5019,12.743,0.0,49.3026,0.0,0.19405,0.0,0.0,0.0,0.0,92.9842,65.5207,2.83268,0,8.79286,0.0,400.525,25.4948,1.74153,163.763,0.0,0.0,0.0,0.0,48.5417,395.431,179.993,0.0,0.0,0.0,28.489,0.0,4.62996,22.47,0.0,5.37487,0.0,0.0,0.0
2023-12-06 08:50:00,8.39574,952.639,81.6394,0.0,0.0,7.84125,54.092,35.4995,0.0,76.902,0.0,0.0,9.98489,12.897,30.2602,-0.06,196.468,0,1619.68,0.0,124.987,67.8254,58.3224,0.001526,11.7148,8.59487,7.09044,3.49795,0.0,84.9388,40.5123,49.38,13.5736,,115.821,12.1558,42.534,109.996,9.424,3.66583,54.246,437.507,595.530029297,105.02,71.75,43.5996,12.498,0.0,48.6009,0.0,0.19405,0.0,0.0,0.0,0.0,86.4472,66.5644,0.0,0,8.27283,0.0,403.797,25.2262,1.99471,164.331,0.0,0.0,0.0,0.0,47.02,394.781,179.993,0.0,0.0,0.0,28.189,0.0,4.62996,22.45,0.0,5.66491,0.0,0.0,0.0
2023-12-06 08:55:00,12.4966,941.457,81.5014,0.0,0.0,17.9704,52.6125,36.5994,0.0,67.9,0.0,0.0,12.0723,21.8977,30.2602,-0.11,245.98,0,1597.97,0.0,124.926,66.0982,60.1608,0.001526,13.9348,8.74487,7.43322,5.63159,0.0,59.7053,40.2508,49.38,13.9315,,102.92,13.5524,42.774,111.007,9.575,2.00809,54.078,445.539,592.75,104.98,73.5,43.4012,12.74,0.0,46.5811,0.0,0.17395,0.0,0.0,0.0,0.0,78.4161,68.0934,0.0,0,8.02014,0.0,402.747,25.6315,0.19268,165.686,0.0,0.0,0.0,0.0125,48.2529,394.607,178.993,0.63255,0.71031,0.0,27.389,0.0,4.287,22.22,0.0,5.75555,0.0,0.0,0.0
2023-12-06 09:00:00,17.8969,905.055,81.4589,0.0,0.0,18.2907,52.1108,37.5994,0.0,78.3989,0.0,0.0,14.4625,20.4993,30.273,-0.11,272.972,0,1593.14,0.0,124.938,66.1637,58.4591,0.001526,15.9548,8.90486,4.79255,4.72306,0.0,82.8703,40.3369,49.38,14.655,,108.822,13.9382,42.872,110.396,9.727,1.43435,54.186,439.948,568.880004883,104.98,75.25,43.4012,13.521,0.0,46.9115,0.0,0.2041,0.0,0.0,0.0,0.0,78.7457,80.2426,0.0,0,8.5182,0.0,397.473,24.6085,1.52,165.509,0.0,0.0,0.0,0.0,46.6637,394.845,180.994,0.0,0.0,0.0,27.089,0.0,4.62996,22.39,0.0,7.7496,0.0,0.0,0.0
2023-12-06 09:05:00,21.3964,887.99,81.4509,0.0,0.0,17.7841,52.6015,38.6994,0.0,109.8,0.0,1.05669,14.6932,22.0968,22.7082,0.0,267.064,0,1555.64,0.0,124.926,65.6299,59.6725,0.001526,19.8047,7.95488,7.93469,6.19733,0.0,60.5286,40.6907,49.38,15.7885,,109.315,13.9064,42.926,110.744,9.877,6.59312,54.124,462.361,593.91998291,105.0,77.0,43.1998,13.218,0.0,47.3724,0.0,0.19405,0.0,0.0,0.0,0.0,75.0323,91.0826,0.89296,0,7.34997,0.0,403.064,25.2262,2.53457,165.997,0.0,0.0,0.0,0.0865,48.1935,394.452,182.994,0.0,0.0,0.0,27.389,0.0,4.62996,22.51,0.0,9.47173,0.0,0.0,0.0
2023-12-06 09:10:00,20.897,903.493,81.419,0.0,0.0,18.3325,53.3303,39.6994,0.0,86.1032,0.0,1.39925,13.7032,27.199,23.3892,0.27,263.649,0,1565.67,0.0,124.877,65.0911,61.6355,0.001526,22.0047,9.28486,12.5939,7.21932,0.0,42.6598,40.017,49.38,16.2089,,139.528,18.5758,42.898,112.413,10.028,6.03159,54.272,492.39,473.390014648,104.99,78.5,43.5019,13.395,0.0,48.0165,0.0,0.21414,0.0,0.0,0.0,0.0,76.845,90.2678,2.47379,0,7.96155,0.0,402.991,26.2492,2.17714,165.783,0.0,0.0,0.0,0.2045,49.1418,394.241,46.9977,0.0,1.25762,0.35142,27.789,0.0,4.62996,22.57,0.0,12.1909,0.0,0.0,0.0
2023-12-06 09:15:00,24.6974,893.483,81.2996,0.0,0.0,16.9301,53.9602,40.6994,0.0,85.1007,0.0,3.27687,16.6439,27.199,30.2541,1.93,187.01,0,1515.92,0.0,124.907,64.7739,61.4109,0.001526,23.1947,9.30486,14.1809,7.42245,0.0,85.3115,40.3369,49.95,16.2381,,98.2271,12.8497,42.985,113.044,10.179,7.99939,54.398,488.484,568.119995117,105.09,79.75,43.5996,14.154,0.0,48.5965,0.0,0.19405,0.0,0.0,0.0,0.0,73.9007,78.0819,1.14931,0,8.68299,0.0,397.497,26.1393,2.18831,165.747,0.0,0.0,0.0,0.0275,48.9492,394.177,181.994,0.0,0.0,0.0,28.189,0.0,4.62996,22.38,0.0,15.0188,0.0,0.0,0.0
2023-12-06 09:20:00,22.7986,887.233,81.2597,0.0,0.0,17.0012,54.9416,41.6994,0.0,103.702,0.0,7.23201,15.2328,32.6994,30.2541,4.07,159.003,0,1512.33,0.0,124.871,65.0861,60.2756,0.001526,30.7045,9.39486,15.6218,7.64144,0.0,84.82,40.2785,50.02,16.4582,,120.585,16.9491,43.063,113.113,10.279,11.3393,54.432,484.846,610.650024414,105.01,81.25,43.5996,14.351,0.0,49.3717,0.0,0.1639,0.0,0.0,0.0,0.0,69.6269,76.4431,0.87587,0,10.8949,0.0,400.037,26.2907,0.00093,165.57,0.0,0.0,0.0,0.0315,49.9671,393.912,182.994,0.14804,0.0,0.0,28.589,0.0,4.62996,22.53,0.0,17.3573,0.0,0.0,0.0
2023-12-06 09:25:00,27.6973,873.732,81.2305,0.0,0.0,16.1807,54.4912,42.5993,0.0,93.9998,0.0,12.8389,19.8251,34.5978,30.2541,6.26,233.46,0,1480.93,0.0,124.938,65.4386,59.7433,0.001526,32.8945,9.57485,15.6536,10.7503,0.0,49.4244,40.4846,50.02,16.1971,,135.933,13.7772,42.897,114.029,10.38,11.6103,54.334,478.401,446.239990234,104.91,83.0,43.4012,14.559,0.0,49.0289,0.0,0.64368,0.0,0.0,0.0,0.0,65.1225,83.8315,0.84169,0,16.6976,0.0,404.382,26.0221,0.0,165.539,0.0,0.0,0.0,0.0,48.6892,393.472,179.993,0.0,0.0,0.0015,28.389,0.0,4.62996,22.26,0.0,18.2456,0.0,0.0,0.0
2023-12-06 09:30:00,23.2968,856.153,81.2411,0.0,0.0,13.3109,53.9895,43.4993,0.0,99.6029,0.0,17.7188,21.8137,30.3983,30.2541,8.25,268.893,0,1481.96,0.0,124.895,64.6429,59.1257,0.001526,37.0044,9.78485,20.9285,11.3136,0.0,56.8299,40.6907,50.02,15.87,,140.223,26.3286,42.908,112.049,10.419,8.77577,54.178,468.318,412.890014648,104.96,84.25,43.7003,14.695,0.0,48.4781,0.0,0.64368,0.0,0.0,0.0,0.0,61.9364,82.3117,0.80751,0,23.8938,0.0,399.133,24.9161,0.0,165.368,0.0,0.0,0.0,0.0,47.0364,393.436,179.993,0.0,0.0,0.0,28.089,0.0,4.62996,22.39,0.0,17.4661,0.0,0.0,0.0
2023-12-06 09:35:00,29.697,825.293,81.2597,0.0,0.0,9.46141,53.3815,44.2993,0.0,89.7013,0.0,25.539,21.1936,26.5972,30.2541,4.69,262.877,0,1446.6,0.0,124.895,65.1012,57.3214,0.001526,39.0544,9.86485,23.5629,9.72668,0.0,85.0985,40.2785,50.02,15.1926,,143.023,29.0987,43.025,108.522,10.519,5.8558,54.218,455.598,305.829986572,104.89,85.5,43.5996,14.887,0.0,48.041,0.0,0.67383,0.0,0.0,0.0,0.0,61.9803,106.757,0.83314,0,24.6922,0.0,398.914,24.1154,0.0,165.075,0.0,0.0,0.0,0.0,45.2936,393.179,179.993,0.0,0.0,0.0,27.889,0.0,4.62996,22.46,0.0,19.9133,0.0,0.0,0.0
2023-12-06 09:40:00,38.4957,854.127,81.2305,0.0,0.0,16.3921,51.8508,45.0993,0.0,92.2007,0.0,37.6562,23.895,36.3988,26.4571,9.43,143.407,0,1448.97,0.0,124.852,65.071,59.2575,0.001526,37.2744,9.89485,27.5619,11.6239,0.0,72.1265,40.4538,50.02,15.7496,,156.306,19.7369,43.09,108.617,10.719,4.20539,54.25,469.465,334.869995117,105.0,86.75,43.3005,15.003,2.61387,46.6561,0.0,0.61354,0.0,0.0,0.0,0.0,51.2245,118.741,0.8246,0,26.0325,0.0,402.21,25.5509,0.0,165.026,0.0,0.0,0.0,0.0,46.8521,393.198,179.993,0.0,0.09421,0.05832,26.989,0.0,4.62996,22.36,0.0,20.2033,0.0,0.0,0.0
2023-12-06 09:45:00,30.897,849.146,81.1695,0.0,0.0,17.7108,54.3008,45.8993,0.0,92.2007,0.0,52.2469,21.4426,34.8987,30.2664,10.23,177.769,0,1414.01,0.0,124.974,64.7739,57.778,0.001526,36.9144,1.81497,31.2119,13.9844,0.0,83.9967,40.3677,49.96,15.3789,,175.733,22.7,43.159,106.98,10.819,6.18051,54.136,468.074,350.260009766,105.02,87.75,43.7003,15.173,4.37171,48.7138,0.0,0.65373,0.0,0.0,0.0,0.0,47.9066,109.448,0.86732,0,28.9329,0.0,402.039,25.5412,0.0,164.746,0.0,0.0,0.0,0.0,47.4563,386.157,179.993,0.0,0.16898,0.11215,28.289,0.0,4.62996,22.5,0.0,17.7017,0.0,0.0,0.0
2023-12-06 09:50:00,32.3988,847.462,81.1004,0.0,0.0,19.2912,53.7221,46.6993,0.0,104.602,0.0,52.2667,19.5456,37.8989,28.0945,8.35,231.793,0,1401.63,0.0,124.73,64.7185,57.2579,0.001526,38.2344,3.88494,29.1362,14.205,0.0,47.0569,40.3369,48.82,15.7747,,148.511,22.3513,43.309,106.559,10.869,3.90997,54.17,472.078,345.089996338,105.0,89.25,43.7003,15.253,8.20783,48.2855,0.0,0.63364,0.0,0.0,0.0,0.0,41.4466,116.178,0.78187,0,25.0877,0.0,401.819,25.1408,0.0,164.581,0.0,0.0,0.0,0.0,47.5382,297.826,179.993,0.0,0.22879,0.0,27.989,0.0,4.62996,22.35,0.0,23.7745,0.0,0.0,0.0
2023-12-06 09:55:00,39.2945,851.856,83.9414,0.0,0.0,19.4419,53.3999,47.4993,0.0,134.698,0.0,65.446,22.9941,33.8986,23.2346,10.24,249.517,0,1368.6,0.0,124.901,65.0055,56.9015,27.0985,40.2444,3.04495,30.666,17.2432,0.0,31.5505,40.7768,48.82,15.2847,,131.924,19.2236,43.7,106.085,11.02,3.86603,53.956,469.709,333.959991455,105.01,90.5,43.5996,15.368,9.691,47.958,0.0,0.63364,0.0,0.0,0.0,0.0,36.4147,92.0256,0.85878,0,29.6214,0.0,401.111,24.9625,0.0,164.373,0.0,0.0,0.0,0.0,47.1286,295.152,179.993,0.0,0.0,0.02841,27.789,0.0,4.62996,22.45,0.0,21.5992,0.0,0.0,0.0
2023-12-06 10:00:00,33.5974,853.907,83.8909,0.0,0.0,19.7015,54.2019,48.2993,0.0,140.198,0.0,64.596,32.2741,36.7971,22.6396,9.32,254.937,0,1356.81,0.0,124.858,65.2824,59.4382,27.0985,46.9343,9.86485,32.2783,17.9081,0.0,70.8117,40.3677,49.45,15.9227,,151.553,21.3547,44.141,104.274,11.07,2.59892,54.242,473.689,207.61000061,105.03,91.75,43.7003,15.407,13.6187,48.7932,0.0,0.62359,0.0,0.0,0.0,0.0,33.3495,99.6704,0.77333,0,27.4644,0.0,397.156,25.5851,0.0,164.446,0.0,0.0,0.0,0.0,47.8147,387.823,179.993,0.0,0.0,0.0,28.189,0.0,4.62996,22.38,0.0,29.3578,0.0,0.0,0.0
2023-12-06 10:05:00,37.9975,860.816,83.8989,0.0,0.0,27.3397,54.0993,48.7993,0.0,136.998,0.0,64.8051,29.9657,38.9963,22.6591,11.05,270.275,0,1340.89,0.0,123.18,64.2804,60.1389,27.0985,52.8742,9.88485,45.6848,19.1214,0.0,44.3699,40.543,49.45,16.2166,,127.755,21.8238,44.463,115.013,11.171,2.99687,54.288,482.673,130.350006104,105.04,92.75,43.5996,15.595,14.3694,48.6769,0.0,0.64368,0.0,0.0,0.0,0.0,36.8762,96.6125,0.0,0,36.3415,0.0,403.04,25.9293,0.0,164.056,0.0,0.0,0.0,0.0075,48.6932,391.943,179.993,0.0,0.04337,0.0015,28.189,0.0,4.62996,22.42,0.0,24.3183,0.0,0.0,0.0
2023-12-06 10:10:00,47.5985,872.755,83.8909,0.0,0.0,29.7218,54.8025,49.3993,0.0,129.603,0.0,70.7668,27.8331,39.0981,22.0324,11.3,169.463,0,1333.13,0.0,102.177,64.366,60.2927,27.0985,55.0142,9.86485,38.1183,20.9249,0.0,42.6721,40.6322,49.45,16.4787,,95.3367,12.9063,44.543,115.008,11.271,0.56031,54.2,492.073,282.049987793,105.01,94.0,43.3005,15.671,16.64,49.3203,0.0,0.61354,0.0,0.0,0.0,0.0,36.5026,66.4088,0.70497,0,25.6626,0.0,399.817,26.2565,0.0,163.897,0.0,0.0,0.0,0.0755,49.7439,301.36,179.993,0.0,0.0,0.06729,28.489,0.0,4.62996,22.57,0.0,28.107,0.0,0.0,0.0
2023-12-06 10:15:00,40.8967,854.688,83.859,0.0,0.0,28.1917,55.0698,49.7992,0.0,142.903,0.0,75.6619,31.184,43.4967,30.1711,12.76,203.528,0,1314.94,0.0,124.852,64.3408,57.7194,27.0985,55.0342,9.87485,60.9067,16.6029,0.0,49.449,42.0,49.45,15.7681,,93.5239,12.6939,44.59,112.249,11.372,1.30983,54.184,466.145,351.320007324,104.96,94.75,43.1998,15.872,17.8759,49.5554,0.0,0.61354,0.0,0.0,0.0,0.0,32.5585,63.8727,0.0,0,27.5193,0.0,400.769,25.3654,0.0,163.806,0.0,0.0,0.0,0.0,48.4946,293.999,179.993,0.0,0.26767,0.11215,28.589,0.0,4.62996,22.36,0.0,28.7052,0.0,0.0,0.0
2023-12-06 10:20:00,45.5942,874.025,81.0314,0.0,0.0,37.4228,54.8318,50.2992,0.0,143.899,0.0,82.6657,27.5438,46.196,30.1711,14.07,238.812,0,1332.22,0.0,56.6812,64.6983,59.9216,18.0011,55.0042,9.88485,47.989,20.9598,0.0,62.5091,40.6322,49.45,16.4501,,80.4518,11.4708,44.944,94.8506,11.422,6.94957,54.354,483.137,172.179992676,105.01,95.75,43.1998,15.889,14.4701,49.4129,0.0,0.64368,0.0,0.0,0.0,0.0,29.8448,64.6967,0.0,0,25.7395,0.0,399.207,26.5983,0.0,163.665,0.0,0.0,0.0,0.0265,49.6927,389.682,179.993,0.0,0.0,0.0015,27.989,0.0,4.62996,22.47,0.0,22.7412,0.0,0.0,0.0
2023-12-06 10:25:00,32.8952,834.205,80.8801,0.0,0.0,31.2813,55.2493,50.5992,0.0,138.001,0.0,74.2031,31.2438,41.5983,30.1711,14.21,240.357,0,1299.51,0.0,114.745,64.2149,56.6085,25.8991,55.3842,9.87485,49.6839,16.6029,0.0,55.6155,40.6015,49.45,15.744,,105.347,15.31,44.75,110.281,11.573,2.02274,54.21,461.018,204.63999939,104.9,96.5,43.1998,15.933,17.8576,49.7547,0.0,0.2041,0.0,0.0,0.0,0.0,25.6919,86.2303,0.0,0,32.2618,0.0,399.719,25.2091,0.0,163.494,0.0,0.0,0.0,0.0,47.2801,382.348,179.993,0.0,0.23178,0.0,28.789,0.0,4.62996,22.39,0.0,34.2523,0.0,0.0,0.0
2023-12-06 10:30:00,50.2958,846.143,80.8004,0.0,0.0,32.8303,54.3593,50.8992,0.0,144.297,0.0,69.8115,36.0326,60.1971,30.1711,15.35,265.655,0,1302.46,0.0,77.3846,64.4818,57.7975,24.0009,63.984,9.89485,43.9709,16.8877,0.0,66.091,40.6599,49.45,15.6508,,108.056,15.2251,44.571,112.955,11.623,2.06668,54.204,464.509,368.480010986,105.02,97.25,43.3005,16.069,17.0062,47.5818,0.0,0.23424,0.0,0.0,0.0,0.0,19.4626,153.944,0.0,0,37.6672,0.0,400.305,25.5192,0.0,163.189,0.0,0.0,0.0,0.0,47.6815,306.075,179.993,0.0,0.0,0.02841,28.289,0.0,4.62996,22.3,0.0,41.5759,0.0,0.0,0.0
2023-12-06 10:35:00,54.0941,846.607,80.9411,0.0,0.0,32.7612,54.0517,51.2992,0.0,142.8,0.0,79.6262,38.5632,66.2993,30.0585,16.89,249.07,0,1275.63,0.0,124.81,65.5946,59.0109,19.0997,57.9741,9.88485,36.0806,22.9736,0.0,79.2248,40.3677,49.45,15.6759,,106.677,28.6898,43.387,113.892,11.673,0.0,54.148,472.126,239.270004272,104.98,98.0,43.3005,16.142,20.8423,48.7229,0.0,0.17395,0.0,0.0,0.0,0.0,15.6063,126.441,0.0,0,40.8789,0.0,400.623,25.4997,0.0,162.823,0.6548,0.0,0.0,0.0,47.9498,294.813,143.994,0.0,0.02841,0.0015,28.189,0.0,4.62996,22.43,0.0,35.2494,0.0,0.0,0.0
2023-12-06 10:40:00,70.7977,866.7,80.9199,0.0,0.0,29.793,54.4326,51.4992,0.0,93.4985,0.0,64.9485,44.9744,65.5957,30.165,12.42,245.628,0,1267.11,0.0,74.0948,65.4738,60.0851,22.4994,62.424,9.88485,42.841,23.8488,0.0,84.9756,40.6322,49.45,16.3072,,149.861,29.0385,42.483,114.997,11.724,0.0,54.056,481.941,73.1500015259,104.96,98.25,43.5996,16.271,16.3836,48.9434,0.0,0.21414,0.0,0.0,0.0,0.0,11.3875,166.23,0.0,0,36.1694,0.0,406.14,26.0539,0.00093,162.811,0.0,0.0,0.0,0.0,48.9656,389.004,174.992,0.0,0.0,0.02841,28.289,0.0,4.287,22.54,0.0,35.6844,0.0,0.0,0.0
2023-12-06 10:45:00,69.2951,874.195,83.721,0.0,0.0,34.0129,55.3811,51.7992,0.0,110.802,0.0,80.3815,43.5755,66.2993,30.0636,15.63,261.725,0,1251.48,0.0,40.8057,65.6802,60.3269,21.8006,58.1541,9.88485,43.7487,21.2447,0.0,84.7135,40.5123,46.48,16.4777,,156.921,19.5174,43.998,115.024,11.724,0.0,53.514,485.969,105.989997864,105.0,98.5,43.5996,15.677,14.4884,49.8745,0.0,0.19405,0.0,0.0,0.0,0.0,8.21241,125.681,0.0,0,43.805,0.0,400.305,26.4884,0.01582,162.835,11.4831,0.0,0.0,0.0105,50.1125,389.05,100.993,0.0,0.07028,0.0314,28.889,0.0,4.287,22.56,0.0,38.748,0.0,0.0,0.0
2023-12-06 10:50:00,64.6985,855.396,83.6998,0.0,0.0,31.5513,55.9121,51.9992,10.9435,138.303,0.0,91.3329,41.2537,60.0997,30.0636,16.08,261.685,0,1232.47,0.0,44.2298,65.9471,58.4445,15.7,65.144,9.89485,47.4622,20.9067,0.0,76.2184,40.1339,34.68,15.8715,,157.273,22.2504,44.642,113.718,11.774,0.72877,54.032,469.05,250.039993286,105.02,99.0,43.4012,16.235,12.6024,50.4123,0.0,0.37491,0.0,0.0,0.0,0.0,7.06981,127.32,0.0,0,33.9245,0.0,405.457,25.9611,0.0,162.829,11.6589,0.0,0.0,0.0,49.5739,378.174,177.993,0.0,0.0,0.0015,29.189,0.0,4.287,22.4,0.0,43.7513,0.0,0.0,0.0
2023-12-06 10:55:00,68.8965,867.14,83.2298,0.0,0.0,32.9014,55.0808,52.1992,7.73254,108.9,0.0,87.3793,43.4742,70.4987,30.0636,14.78,262.565,0,1245.33,0.0,50.3639,66.1536,60.4514,27.0985,71.9939,9.87485,38.2452,26.8339,0.0,73.7444,40.2508,40.37,16.6292,,149.962,21.8415,44.66,114.982,11.824,1.61257,54.032,481.648,128.449996948,104.94,99.25,43.9017,16.348,15.3582,49.5343,0.0,0.33472,0.0,0.0,0.0,0.0,5.11421,124.097,0.0,0,35.7702,0.0,398.694,26.4274,0.00093,162.542,12.3708,0.0,0.0,0.1055,50.1207,377.871,145.994,0.0,0.18094,0.08524,28.689,0.0,4.287,22.24,0.0,60.6644,0.0,0.0,0.0
2023-12-06 11:00:00,79.1965,850.367,83.6095,0.0,0.0,24.4908,55.1504,52.2992,8.19348,101.601,0.0,85.2537,29.7154,53.1965,30.036,14.07,262.105,0,1230.9,0.0,46.5187,66.209,59.3893,27.0985,70.2939,9.87485,43.717,30.5632,0.0,56.6968,40.3954,47.46,15.7215,,157.333,29.0261,42.888,112.555,11.924,0.0,54.074,467.683,118.230003357,105.0,99.5,43.9017,16.34,12.7398,49.4756,0.0,0.184,0.0,0.0,0.0,0.0,2.77409,124.225,0.0,0,35.6017,0.0,401.282,23.3121,0.0,162.506,14.9812,0.0,0.0,0.0,48.1731,389.114,166.999,0.0,0.0,0.07028,28.589,0.0,4.287,22.23,0.0,51.5643,0.0,0.0,0.0
2023-12-06 11:05:00,100.595,871.266,80.8402,0.0,0.0,31.6225,54.7695,52.3992,25.0316,98.2982,0.0,98.9548,31.234,47.3996,30.036,19.05,225.642,0,1256.1,0.0,73.8567,76.9446,61.782,27.2999,68.424,9.87485,38.023,30.0673,0.0,76.2716,40.4846,47.46,16.47,,184.525,21.7848,40.419,115.034,11.974,0.35035,53.83,488.215,118.88999939,104.97,100.0,43.9994,16.427,13.4173,49.0299,0.0,0.2041,0.0,0.0,0.0,0.0,0.40101,156.352,0.0,0,38.7952,0.0,402.21,26.5446,0.0,162.438,10.1471,13.6699,0.0,0.1315,49.9282,388.107,163.998,0.0,0.03738,0.0314,28.489,0.0,4.62996,22.48,0.0,48.9176,0.0,0.0,0.0
2023-12-06 11:10:00,86.7958,877.052,80.819,0.0,0.0,25.931,56.5127,52.3992,40.1061,129.301,0.0,81.2451,27.8648,58.7987,29.9633,18.16,131.591,0,1256.9,0.0,67.1183,75.9325,61.3986,23.6011,70.7839,9.86485,64.4932,25.162,0.0,76.8778,40.1616,46.46,16.513,,218.404,28.8172,43.822,115.018,11.974,0.2356,53.868,482.039,93.4199981689,105.03,99.5,44.2008,16.468,14.1405,50.6273,0.0,0.184,0.0,0.0,0.0,0.0,0.0,164.976,0.0,0,36.3891,0.0,402.6,27.0109,0.0,162.249,14.0935,2.39021,0.0,0.0455,49.9241,386.34,171.992,0.0,0.0015,0.0,29.289,0.0,4.62996,22.51,0.0,63.9274,0.0,0.0,0.0
2023-12-06 11:15:00,78.4977,846.412,80.7393,0.0,0.0,21.0035,48.1593,52.4992,51.2508,129.898,0.0,101.07,32.6451,56.1968,29.9633,19.73,118.109,0,1225.09,0.0,93.0648,76.5015,59.2429,27.0985,76.7538,9.86485,50.5979,40.2245,0.0,66.9655,40.7184,45.44,16.2263,,219.23,29.0403,44.791,111.576,12.025,0.89967,54.048,463.972,122.480003357,105.01,99.75,44.2008,15.741,15.2117,50.9284,0.0,0.22419,0.0,0.0,0.0,0.0,0.0,192.763,0.0,0,26.9114,0.0,402.722,21.1344,0.0,162.109,14.3132,0.2002,0.0,0.0,49.2646,386.349,162.998,0.0,0.0,0.0,29.489,0.0,4.62996,22.28,0.0,52.6157,0.0,0.0,0.0
2023-12-06 11:20:00,87.1949,863.233,80.75,0.0,0.0,21.0014,31.903,52.4992,54.786,127.399,0.0,102.037,34.2626,38.2972,27.3715,17.31,117.716,0,1242.47,0.0,65.0553,78.1431,60.6711,11.2993,85.6637,9.88485,49.8616,38.7843,0.0,84.2752,40.5123,45.44,18.9338,,218.575,29.0137,44.559,114.966,12.075,2.24979,54.12,480.769,98.6600036621,105.0,100.0,44.2008,15.729,13.0144,49.9031,0.0,0.2041,0.0,0.0,0.0,0.0,0.0,135.129,0.0,0,28.2188,0.0,401.575,18.9346,0.0,162.127,18.3914,0.19044,1.06752,0.0,57.6492,386.02,167.999,0.0,0.41422,0.0643,33.289,0.0,4.62996,22.58,0.0,58.1447,0.0,0.0,0.0
2023-12-06 11:25:00,92.6959,861.256,80.7101,0.0,0.0,23.0423,62.4198,52.4992,59.372,94.7002,0.0,98.7228,41.8335,35.5979,29.737,16.56,178.88,0,1239.35,0.0,85.4414,78.7876,59.8825,27.0985,81.6738,9.88485,50.2361,33.4958,0.0,64.1024,40.4846,45.44,11.0433,,166.74,21.8539,44.671,113.923,12.125,1.449,53.868,477.913,86.9100036621,105.0,100.25,44.1001,16.341,15.5505,79.1611,0.0,0.23424,0.0,0.0,0.0,0.0,0.0,117.981,0.0,0,36.6638,0.0,399.695,29.528,0.0,161.92,21.4852,0.20997,1.82071,0.0,59.2609,385.699,133.0,0.0,0.0,0.0,34.589,0.0,4.62996,22.41,0.0,56.5675,0.0,0.0,0.0
2023-12-06 11:30:00,81.8965,861.085,80.6597,0.0,0.0,16.503,41.4209,52.4992,59.8329,74.6017,0.0,75.5108,42.3548,52.2982,29.7636,14.91,151.252,0,1239.35,0.0,64.5914,78.279,60.3342,22.4994,84.9937,9.89485,62.7031,34.2845,0.0,73.4003,40.3369,45.8,11.1288,,139.911,22.0893,44.706,113.192,12.225,3.8587,53.466,473.738,306.429992676,105.02,100.25,44.1001,16.385,9.74594,51.2428,0.0,0.17395,0.0,0.0,0.0,0.0,0.0,130.753,0.0,0,32.0641,0.0,397.742,21.2271,0.0,161.889,19.1297,0.20997,3.03044,0.0,57.2723,385.791,171.992,0.0,0.0,0.08823,33.489,0.0,4.62996,22.27,0.0,57.9815,0.0,0.0,0.0
2023-12-06 11:35:00,96.897,860.597,80.7393,0.0,0.0,20.6121,33.7926,52.4992,67.4346,81.3996,0.0,68.5283,48.8649,34.8987,17.1121,20.61,163.772,0,1246.33,0.0,43.9246,78.6114,60.4953,27.0985,88.2637,9.87485,65.6675,38.4772,0.0,83.2184,40.2785,45.8,12.7974,,107.935,16.8907,44.688,114.803,12.225,2.51835,52.994,478.01,206.559997559,105.01,100.25,44.1001,16.352,11.3756,52.1451,0.0,0.184,0.0,0.0,0.0,0.0,0.0,145.942,0.0,0,32.8624,0.0,400.476,15.0478,0.07912,161.822,21.4237,0.20997,2.38102,0.0,58.1263,385.772,155.997,0.0,0.0,0.01047,33.689,0.0,4.62996,22.41,0.0,67.4804,0.0,0.0,0.0
2023-12-06 11:40:00,100.595,865.431,80.6093,0.0,0.0,19.2598,45.431,52.4992,68.1573,85.1007,0.0,95.0683,48.0934,37.2971,18.775,25.56,128.542,0,1246.19,0.0,38.6633,79.3919,60.5051,27.0985,84.9337,9.87485,51.7532,38.14,0.0,85.0412,40.3677,44.4,13.5199,,156.367,20.8804,44.786,115.018,12.376,2.68681,53.456,478.425,173.419998169,104.93,101.0,43.9017,16.42,7.79583,53.5856,0.0,0.17395,0.0,0.0,0.0,0.0,0.0,97.4914,0.0,0,38.5718,0.0,400.159,27.5895,0.00093,161.547,26.1962,0.20997,1.8085,0.0,58.3393,385.205,144.994,0.0,0.12113,0.07327,33.689,0.0,4.62996,22.41,0.0,68.6225,0.0,0.0,0.0
2023-12-06 11:45:00,110.994,861.646,81.0394,0.0,0.0,20.6225,56.2527,52.4992,83.6224,107.101,0.0,107.076,49.6522,49.5989,17.7418,20.82,127.553,0,1239.23,0.0,47.2023,79.9609,59.5309,27.0985,81.9737,9.90485,59.891,24.6288,0.0,84.9838,40.6322,45.41,14.0052,,151.915,19.59,44.798,113.981,12.376,1.67361,53.868,472.786,248.960006714,104.96,101.0,44.1001,16.438,8.2536,50.575,0.0,0.2041,0.0,0.0,0.0,0.0,0.0,106.656,0.0,0,39.7217,0.0,403.821,24.6085,0.0,161.462,29.4746,0.20997,3.23247,0.0,59.4268,385.223,164.999,0.0,0.13309,0.04935,29.089,0.0,4.62996,22.41,0.0,69.7645,0.0,0.0,0.0
2023-12-06 11:50:00,100.194,859.01,80.58,0.0,0.0,22.5797,56.791,52.4992,92.0756,123.698,0.0,127.352,43.5328,36.7971,24.7757,20.26,146.171,0,1235.76,0.0,68.5222,79.5933,59.6677,20.1984,89.4536,9.87485,69.8062,27.9781,0.0,84.992,40.5123,45.41,16.7762,,168.593,23.9018,44.787,114.118,12.376,3.08232,53.962,476.252,124.559997559,105.0,101.0,44.1001,16.32,16.8872,37.5374,0.0,0.2041,0.0,0.0,0.0,0.0,0.0,111.838,0.0,0,41.875,0.0,401.477,26.9792,0.0,161.401,34.6162,0.2002,6.46616,0.0,51.1365,385.388,83.9975,0.0,0.11215,0.05234,29.589,0.0,4.62996,22.35,0.0,68.8038,0.0,0.0,0.0
2023-12-06 11:55:00,88.6947,870.387,83.2803,0.0,0.0,22.8225,60.7901,52.4992,93.6499,85.499,0.0,125.812,43.0823,47.1961,17.1725,26.33,159.978,0,1255.71,0.0,76.1151,79.9256,61.069,16.6003,89.1136,9.88485,67.775,31.9502,0.0,85.0084,40.3677,45.41,17.834,,100.09,14.8268,44.796,115.013,12.501,1.62722,53.832,484.358,120.739997864,104.97,101.0,44.2008,16.457,8.45502,42.5223,0.0,0.17395,0.0,0.0,0.0,0.0,0.0,77.9904,0.0,0,45.0648,0.0,401.526,28.5026,0.05864,161.553,37.3409,0.20997,2.19059,0.0,56.7665,385.26,170.0,0.0,0.0,0.01346,31.189,0.0,4.62996,22.43,0.0,71.7586,0.0,0.0,0.0
2023-12-06 12:00:00,107.295,849.537,83.2006,0.0,0.0,15.6909,56.8203,52.4992,93.7827,106.497,0.0,113.709,40.3235,55.0993,20.8671,21.6,201.97,0,1251.53,0.0,77.4884,80.837,59.4528,11.5007,73.6939,9.79485,59.6435,23.6076,0.0,85.0166,40.4846,45.41,16.7342,,93.8663,13.2904,44.204,112.676,12.43,0.0,53.704,469.001,240.949996948,105.03,101.0,44.2008,16.551,16.5026,51.1903,0.0,0.184,0.0,0.0,0.0,0.0,0.0,72.8267,0.0,0,50.7338,0.0,398.865,26.9157,0.0,161.468,32.6826,0.2002,2.33036,0.0,50.006,384.921,155.997,0.0,0.0,0.0,29.689,0.0,4.62996,22.46,0.0,70.0727,0.0,0.0,0.0
2023-12-06 12:05:00,116.497,874.806,83.2404,0.0,0.0,19.6387,56.5493,52.4992,86.8334,92.5029,0.0,122.058,41.1939,66.3967,24.4501,24.96,211.102,0,1264.01,0.0,45.6092,81.3003,61.3864,10.7988,77.0138,9.17486,63.6934,28.4145,0.0,84.9961,40.4538,45.41,17.5022,,94.5109,13.2338,42.484,115.003,12.53,0.25269,53.616,490.608,114.370002747,102.9,101.0,44.3015,16.477,11.8883,51.9929,0.0,0.21414,0.0,0.0,0.0,0.0,0.0,73.4401,0.0,0,48.9137,0.0,398.206,27.8581,0.0,161.382,35.003,0.20997,9.20241,0.0,52.8097,385.626,133.0,0.0,0.04636,0.10916,29.989,0.0,4.62996,22.32,0.0,71.9761,0.0,0.0,0.0
2023-12-06 12:10:00,96.6957,882.765,83.1608,0.0,0.0,24.1413,47.9908,52.4992,93.1225,79.4976,0.0,122.593,45.453,62.4981,29.0417,24.75,236.576,0,1279.02,0.0,45.4749,81.4514,61.5647,14.0002,74.6739,9.88485,67.4957,34.037,0.0,84.9592,41.0106,46.44,12.0417,,120.605,15.7614,38.496,115.018,12.371,0.1648,52.982,486.287,157.699996948,102.81,100.75,44.4999,16.474,10.2861,53.1073,0.0,0.23424,0.0,0.0,0.0,0.0,0.0,92.4193,0.0,0,51.7336,0.0,400.159,28.0436,0.0,161.303,35.5127,0.2002,7.42504,0.0,53.2173,385.599,157.997,0.0,0.06131,0.07028,30.589,0.0,4.62996,22.39,0.0,67.6798,0.0,0.0,0.0
2023-12-06 12:15:00,112.895,879.274,83.0811,0.0,0.0,25.6212,36.2609,52.4992,99.0249,75.8034,0.0,121.749,37.8637,55.8959,28.5768,24.67,247.728,0,1310.86,0.0,55.1675,81.7182,60.9201,13.3989,74.3839,9.88485,67.5401,34.4456,0.0,74.4202,40.4846,44.3,16.4972,,144.423,21.5813,41.302,115.013,12.321,0.21607,53.378,482.087,120.830001831,102.86,100.75,44.2008,16.549,8.27192,52.0503,0.0,0.19405,0.0,0.0,0.0,0.0,0.0,94.0124,0.0,0,52.2426,0.0,404.749,17.0425,0.0,160.931,36.752,0.2002,10.345,0.0675,52.7462,385.672,175.992,0.0,0.21982,0.08524,30.189,0.0,4.62996,22.47,0.0,77.3057,0.0,0.0,0.0
2023-12-06 12:20:00,121.595,864.527,83.0891,0.0,0.0,15.9525,59.3399,52.4992,101.447,136.703,0.0,128.815,47.5758,47.2979,28.3597,22.47,238.473,0,1315.65,0.0,61.6373,79.8199,60.6003,19.4995,86.5637,9.87485,60.6083,31.8684,0.0,71.7046,40.3677,43.36,17.1141,,143.758,18.5138,44.639,114.945,12.271,1.23171,53.04,472.493,0.0,102.75,100.75,44.2008,16.456,5.33303,51.7039,0.0,0.19405,0.0,0.0,0.0,0.0,0.0,97.9126,0.0,0,51.4589,0.0,400.867,27.2453,0.0,160.955,36.1104,0.2002,14.1237,0.0005,51.5174,384.738,175.992,0.0,0.24674,0.0,29.689,0.0,4.62996,22.47,0.0,72.9913,0.0,0.0,0.0
2023-12-06 12:25:00,130.896,867.433,83.0599,0.0,0.0,16.8317,56.6592,52.4992,100.072,131.299,0.0,135.337,46.4747,46.0987,28.1539,22.01,162.106,0,1337.28,0.0,60.8133,78.7121,60.5783,27.4006,93.1736,9.87485,65.0391,26.8212,0.0,77.3325,40.6907,39.14,17.1479,,144.11,23.4788,44.415,115.018,12.321,0.0,53.334,483.137,2.83999991417,102.88,100.75,44.2008,16.419,5.13161,50.9871,0.0,0.1639,0.0,0.0,0.0,0.0,0.0,94.6624,0.0,0,58.6221,0.0,405.408,27.0353,0.0,160.937,36.6817,0.2002,16.4572,0.0285,51.0812,385.031,174.992,0.0,0.0,0.10916,29.389,0.0,4.62996,22.32,0.0,67.4623,0.0,0.0,0.0
2023-12-06 12:30:00,109.094,878.199,83.0493,0.0,0.0,21.1437,56.9412,52.4992,116.588,135.199,0.0,150.436,47.5953,55.9976,28.0494,22.8,199.504,0,1364.69,0.0,50.7729,78.8027,61.279,21.5991,96.8235,9.86485,76.7697,28.3081,0.0,0.02672,40.5123,39.14,17.1059,,187.687,27.2012,44.659,115.008,12.321,7.7821,53.604,482.844,0.0,102.84,100.75,49.1997,16.483,3.56603,51.4031,0.0,0.19405,0.0,0.0,0.0,0.0,0.0,189.11,0.0,0,62.6175,0.0,401.624,27.299,0.02141,160.931,39.3009,0.2002,15.4751,0.0,54.9458,388.446,175.992,0.0,0.07626,0.0015,29.589,0.0,4.62996,22.5,0.0,73.5713,0.0,0.0,0.0
2023-12-06 12:35:00,106.195,868.116,83.0201,0.0,0.0,25.1523,56.9925,52.4992,110.361,135.199,0.0,169.505,46.0645,43.8994,29.6458,24.24,263.934,0,1337.79,0.0,96.7208,79.8551,63.8035,26.6987,92.5536,9.86485,94.4482,24.0075,0.0,16.9564,40.1339,39.14,16.9728,,183.719,29.0084,44.571,115.008,12.12,6.81041,53.208,478.523,0.0,102.81,100.5,46.3004,16.456,10.4234,36.9021,0.0,0.2041,0.0,0.0,0.0,0.0,0.0,194.438,0.0,0,60.1895,0.0,399.792,27.0133,0.0,161.059,38.2901,0.2002,12.9696,0.0,52.0888,388.455,172.992,0.0,0.0,0.0,29.589,0.0,4.62996,22.45,0.0,72.6106,0.0,0.0,0.0
2023-12-06 12:40:00,112.295,868.971,82.9802,0.0,0.0,23.6326,60.2408,52.4992,111.998,130.2,0.0,143.197,45.4041,65.9984,29.6458,23.68,256.048,0,1363.81,0.0,50.6447,80.7313,63.9622,15.9991,85.6637,9.76485,79.074,29.5317,0.0,14.9617,40.1031,35.89,18.0623,,218.515,28.996,44.525,112.744,12.12,3.84161,53.378,475.496,0.0,104.97,100.5,46.5995,16.499,2.13779,38.0175,0.0,0.21414,0.0,0.0,0.0,0.0,0.0,193.962,0.0,0,64.8661,0.0,400.598,28.6686,0.0,161.12,36.6993,0.2002,11.4546,0.0,53.5962,388.638,169.0,0.0,0.0,0.01645,25.889,0.0,4.62996,22.45,0.0,52.9601,0.0,0.0,0.0
2023-12-06 12:45:00,126.194,859.669,82.959,0.0,0.0,24.5117,59.4095,52.4992,111.279,130.097,0.0,153.968,68.7834,50.1963,29.6632,26.0,237.024,0,1337.5,0.0,52.3659,80.5702,62.9758,16.3989,119.033,9.86485,77.2014,28.52,0.0,80.5601,40.4538,35.89,17.6005,,220.67,29.042,44.56,112.476,12.069,7.97009,53.494,471.662,0.0,104.99,100.25,46.9017,16.599,5.25063,43.6086,0.0,0.184,0.0,0.0,0.0,0.0,0.0,189.897,0.0,0,62.2367,0.0,401.477,26.8669,0.0,161.016,39.6085,0.20997,18.1704,0.0,53.3996,388.061,159.997,0.0,0.0,0.0,30.789,0.0,4.62996,22.39,0.0,88.6355,0.0,0.0,0.0
2023-12-06 12:50:00,127.196,859.669,80.0198,0.0,0.0,32.6712,57.3294,52.4992,113.572,117.998,0.0,146.796,65.9745,63.2991,29.6632,24.66,168.474,0,1358.59,0.0,53.0617,81.7736,62.7732,27.0985,103.123,9.77485,73.8434,28.6255,0.0,65.4254,40.6599,35.89,17.4541,,220.69,29.0208,44.626,112.855,12.069,5.6141,53.37,477.156,0.0,104.93,99.75,47.2007,16.325,11.6136,45.9649,0.0,0.17395,0.0,0.0,0.0,0.0,0.0,193.88,0.0,0,68.7334,0.0,399.231,27.4699,0.0,160.833,38.3692,0.19044,14.3514,0.0,51.7407,387.732,169.0,0.0,0.07327,0.0643,29.789,0.0,4.62996,22.48,0.0,69.1482,0.0,0.0,0.0
2023-12-06 12:55:00,128.397,874.0,80.0092,0.0,0.0,28.7401,56.26,52.4992,112.064,117.003,0.0,141.401,61.8656,66.0957,29.6632,24.3,190.981,0,1394.8,0.0,92.7413,80.6054,63.1882,27.0008,102.103,9.77485,76.2238,30.1775,0.0,83.3905,40.3369,32.82,16.1449,,213.197,29.0102,44.605,113.408,12.069,6.40269,53.372,486.482,0.0,105.0,99.25,47.4998,16.241,21.5015,50.5763,0.0,0.184,0.0,0.0,0.0,0.0,0.0,193.275,0.62806,0,72.0769,0.0,401.892,26.9914,0.35836,160.681,37.3673,0.20997,22.0884,0.0055,50.8314,387.933,172.992,0.0,0.0,0.0,29.189,0.0,4.62996,22.68,0.0,83.451,0.0,0.0,0.0
2023-12-06 13:00:00,126.297,871.608,80.049,0.0,0.0,38.302,51.4919,52.4992,108.263,114.998,0.0,135.663,59.7439,61.5998,28.929,22.42,126.144,0,1420.07,0.0,54.02,80.6255,63.176,27.0985,100.853,9.77485,78.3694,30.4672,0.0,85.0125,40.3369,33.82,15.4419,,213.922,29.0243,44.608,113.676,11.869,8.5658,53.078,483.65,0.0,105.05,99.0,47.7012,16.192,24.065,51.4274,0.0,0.184,0.0,0.0,0.0,0.0,0.0,193.211,0.0,0,67.0304,0.0,401.526,21.818,0.07912,160.632,37.8331,0.20997,27.9161,0.0485,51.8758,388.29,133.992,0.42319,0.0,0.0,29.689,0.0,4.62996,22.43,0.0,68.2055,0.0,0.0,0.0
2023-12-06 13:05:00,131.495,877.028,80.1313,0.0,0.0,38.7416,55.1321,52.4992,110.162,129.301,0.0,124.572,62.0328,42.7975,26.8329,24.85,124.979,0,1423.04,0.0,52.8054,80.2479,64.5017,27.0985,106.763,9.86485,68.8731,25.0502,0.0,85.0002,40.2785,34.85,15.6242,,218.152,29.0173,44.579,114.408,11.919,6.53696,52.384,488.899,0.0,105.03,99.0,47.4021,16.203,29.7322,43.0615,0.0,0.23424,0.0,0.0,0.0,0.0,0.0,192.909,0.0,0,74.5818,0.0,400.549,20.9293,0.09401,160.687,38.1231,0.20997,32.2387,0.0,53.7866,388.446,142.994,1.41314,0.0,0.0,30.989,0.0,4.62996,22.57,0.0,65.9033,0.0,0.0,0.0
2023-12-06 13:10:00,132.797,860.914,80.0809,0.0,0.0,29.2718,41.3513,52.4992,110.295,138.2,0.0,120.369,62.3148,71.8971,28.33,24.74,142.404,0,1440.72,0.0,117.845,81.6226,62.9783,18.3001,95.7535,9.87485,76.2873,28.0741,0.0,84.9879,40.3954,32.79,15.0779,,220.7,29.0173,44.571,111.086,11.861,1.87869,52.432,471.687,0.0,102.8,99.25,46.7002,16.098,37.4411,50.1769,0.0,0.2041,0.0,0.0,0.0,0.0,1.23598,192.598,0.0,0,86.5937,0.0,398.987,17.2012,0.0,160.662,37.3761,0.2002,28.502,0.0,52.9736,388.428,160.998,0.0,0.0,0.0,31.389,0.0,4.62996,22.33,0.0,67.7705,0.0,0.0,0.0
2023-12-06 13:15:00,143.798,875.148,80.1101,0.0,0.0,42.681,40.7398,52.4992,112.002,138.303,0.0,154.087,65.883,79.5968,29.0621,24.53,173.718,0,1464.16,0.0,121.776,81.3809,63.9548,27.0985,102.493,9.89485,77.7727,27.3671,0.0,84.9838,40.6907,30.77,19.0372,,220.7,29.0119,44.613,113.797,11.811,3.69512,52.842,490.51,0.0,102.82,98.75,46.9993,15.958,44.6189,61.771,0.0,0.184,0.0,0.0,0.0,0.0,0.0,192.653,1.56802,0,89.9483,0.0,400.916,18.3804,0.0363,160.583,39.4064,0.2002,26.3804,0.0,59.8671,388.409,172.992,0.67442,0.04038,0.04038,34.189,0.0,4.62996,22.34,0.0,79.8254,0.0,0.0,0.0
2023-12-06 13:20:00,128.596,879.811,80.0703,0.0,0.0,31.1892,33.3715,52.4992,114.095,138.303,0.0,143.613,67.603,74.2999,24.9067,22.5,157.919,0,1453.86,0.0,91.0445,81.7686,64.3015,26.5003,90.8236,8.60487,68.4161,28.5771,0.0,85.0616,40.4538,31.77,17.3957,,220.307,29.0792,44.582,112.844,11.761,7.93591,53.214,476.643,0.0,102.86,98.5,46.9017,15.861,53.0968,53.4907,0.0,0.15386,0.0,0.0,0.0,0.0,7.20165,192.644,0.0,0,83.7043,0.0,403.674,26.5544,0.0,160.571,37.3761,0.19044,22.3142,0.0,53.0883,388.455,161.998,0.0,0.0,0.0,30.789,0.0,4.62996,22.55,0.0,77.5957,0.0,0.0,0.0
2023-12-06 13:25:00,126.996,892.897,79.98,0.0,0.0,32.8093,59.1092,52.4992,117.439,126.3,0.0,158.853,68.2438,79.5968,28.5819,22.71,259.083,0,1511.84,0.0,108.721,82.4484,64.2503,27.0985,95.6435,9.73485,68.3272,28.5057,0.0,85.0207,40.4261,32.77,15.8715,,220.609,29.0243,44.616,113.46,11.711,0.79225,53.272,484.553,0.0,102.91,96.75,47.2007,15.679,51.5862,53.2705,0.0,0.21414,0.0,0.0,0.0,0.0,12.3214,192.515,0.0,0,80.4779,0.0,401.038,22.8922,0.04375,160.528,38.8438,0.20997,29.8057,0.0,53.7825,387.906,171.992,0.15402,0.25571,0.02841,26.489,0.0,4.287,22.45,0.0,78.7196,0.0,0.0,0.28496
2023-12-06 13:30:00,134.596,904.689,79.9614,0.0,0.0,28.2607,40.7617,52.4992,112.521,138.303,0.0,162.38,75.8648,56.9977,22.4225,22.81,235.885,0,1545.58,0.0,119.359,81.4363,64.5042,27.0985,102.683,9.81485,93.2041,27.786,0.0,49.8053,40.3677,32.77,16.7122,,220.609,29.0066,44.489,115.029,11.51,3.2459,52.988,482.38,0.0,102.78,95.75,47.3014,15.442,72.9641,56.0918,0.0,0.2041,0.0,0.0,0.0,0.0,13.6397,192.433,0.0,0,73.5454,0.0,396.57,15.2114,0.02699,160.638,38.8438,0.2002,26.3401,0.0,56.447,387.787,172.992,0.0015,0.0,0.0,26.289,0.0,4.287,22.29,0.0,77.5957,0.0,0.0,0.0
2023-12-06 13:35:00,143.599,893.922,80.0092,0.0,0.0,16.2121,34.8803,52.4992,112.849,72.5006,0.0,145.925,74.4939,81.8978,23.7558,23.23,261.874,0,1503.39,0.0,81.5961,81.7031,63.5349,27.0985,117.513,9.72485,89.3129,31.2535,0.0,71.7373,40.6599,33.84,16.5483,,220.609,29.0527,43.684,114.918,11.41,0.0,52.438,473.738,0.0,102.79,87.25,47.1,15.429,79.9771,70.5242,0.0,0.184,0.0,0.0,0.0,0.0,15.5074,192.543,0.0,0,71.4873,0.0,406.726,13.8418,0.0,160.705,39.4679,0.2002,27.9747,0.0,67.1171,388.986,172.992,0.0,0.0,0.0,25.389,0.0,4.287,22.31,0.0,82.327,0.0,0.0,0.0
2023-12-06 13:40:00,155.299,901.271,79.9402,0.0,0.0,24.091,44.3214,49.1992,115.67,118.603,0.0,146.548,78.3343,83.5971,25.4822,22.58,165.087,0,1478.17,0.0,88.5359,80.6155,63.6619,27.0985,127.383,9.52485,85.3773,28.6271,0.0,64.0102,40.6322,34.82,16.9247,,220.609,29.0084,44.614,115.013,11.31,3.72931,52.11,491.951,0.0,102.82,96.75,47.4021,15.292,85.8274,68.2467,0.0,0.17395,0.0,0.0,0.0,0.0,16.8698,192.58,0.0,0,85.3742,0.0,400.647,16.7935,0.0,160.497,42.6408,0.20997,28.9769,0.0025,60.0924,388.556,172.992,0.0,3.6622,0.26169,25.589,0.0,3.94404,22.44,0.0,82.2727,0.0,0.0,0.0
2023-12-06 13:45:00,153.797,896.315,79.9003,0.0,0.0,25.2025,48.3424,51.9992,112.064,111.702,0.0,172.631,76.7059,81.0969,25.8284,20.48,157.417,0,1514.21,0.0,112.889,81.7938,64.8899,27.0985,116.993,9.63485,91.9853,29.2198,0.0,71.9544,40.3369,33.76,10.9112,,220.609,29.0119,44.455,115.018,11.209,1.06081,52.7,481.111,0.0,102.8,96.5,47.1,15.15,66.1708,57.1639,0.0,0.17395,0.0,0.0,0.0,0.0,15.1449,194.347,0.0,9,88.0806,0.0,400.256,19.6939,0.08284,160.516,38.2462,0.2002,29.0501,0.0975,56.8914,387.842,134.992,0.0,0.0,0.0,25.489,0.0,3.94404,22.46,0.0,96.3941,0.0,0.0,0.0
2023-12-06 13:50:00,164.496,897.414,79.98,0.0,0.0,35.4824,59.252,52.4992,117.701,80.8984,0.0,163.586,68.1828,85.7964,27.2067,20.62,231.631,0,1585.33,0.0,110.332,82.1765,65.1072,27.0985,116.773,8.89487,90.8554,29.6674,0.0,72.5443,40.6322,30.68,11.3946,,220.609,29.0509,44.409,115.008,11.259,5.7557,52.45,481.038,0.0,102.83,87.5,47.4021,15.066,75.3445,52.8482,0.0,0.2041,0.0,0.0,0.0,0.0,14.6285,194.337,0.0,8,88.3406,0.0,402.112,27.6799,0.00093,160.589,42.6232,0.2002,21.6196,0.0245,53.3811,388.299,123.998,0.0,0.0,0.0,30.489,0.0,3.94404,21.91,0.0,90.1219,0.0,0.0,0.0
2023-12-06 13:55:00,177.299,889.87,79.8791,0.0,0.0,42.9908,60.3397,52.2992,119.537,87.0027,0.0,149.044,78.2037,87.0,27.1043,18.89,270.506,0,1642.9,0.0,75.7366,82.3074,64.8509,27.0985,120.453,9.17486,83.3333,29.8657,0.0,84.3776,40.5738,30.68,10.4305,,220.609,29.0491,41.552,115.029,11.159,0.44312,52.688,478.401,0.0,102.83,96.0,47.1,14.798,106.427,54.2033,0.0,0.23424,0.0,0.0,0.0,0.0,14.7384,194.795,0.0,8,87.6338,0.0,396.765,28.5368,0.0,160.729,42.5265,0.2002,20.6497,0.0095,54.0344,388.803,44.9972,0.0,0.0,0.0,31.289,0.0,3.94404,22.32,0.0,96.3398,0.0,0.0,0.0
2023-12-06 14:00:00,161.898,890.48,79.9296,0.0,0.0,29.0331,58.9297,51.8992,119.994,48.0007,0.0,136.417,73.4331,57.6969,27.5599,20.68,229.91,0,1667.33,0.0,60.7767,82.7908,64.8435,27.0985,117.563,9.01486,77.468,28.3343,0.0,84.9715,39.897,28.62,14.722,,220.488,29.0491,44.32,113.818,11.058,5.40902,52.446,488.972,0.0,102.79,95.5,47.3014,14.675,109.119,53.1596,0.0,0.184,0.0,0.0,0.0,0.0,16.3095,194.319,0.0,14,93.3211,0.0,398.621,28.3464,0.05119,160.638,40.7687,0.20997,23.281,0.0,64.3912,387.97,45.9975,0.0,0.0,0.0,28.289,0.0,3.94404,22.29,0.0,91.3002,0.0,0.0,0.0
2023-12-06 14:05:00,159.597,908.595,79.8897,0.0,1.0,24.8906,68.9494,40.1994,126.748,55.6981,0.0,154.409,80.8942,60.0997,29.781,23.78,184.639,0,1702.52,0.0,63.3707,82.5994,63.3689,27.0985,131.793,9.64485,90.7157,28.4065,0.0,85.0166,40.7491,31.24,18.5825,,220.519,29.0491,44.366,112.923,10.858,14.4888,52.418,471.345,141.190002441,102.7,94.75,47.2007,14.468,94.9187,60.6541,0.0,0.15386,0.0,0.0,0.0,0.0,18.2321,194.832,0.0,40,89.5711,0.0,406.629,27.277,0.0,90.2449,42.8869,0.19044,33.9086,0.0,62.1077,387.43,115.996,0.0,0.0,0.0,0.0,0.0,3.94404,22.4,0.0,95.1252,0.0,0.0,0.0
2023-12-06 14:10:00,174.297,956.155,79.9003,0.0,0.0,27.5009,70.6011,39.8994,125.436,56.7967,0.0,147.568,78.4637,100.196,28.3935,22.97,95.426,0,1782.16,0.0,60.734,83.8029,64.2795,27.0985,125.743,8.25487,82.1653,30.1228,0.0,73.2201,40.866,31.24,21.7518,,220.519,29.0491,44.242,115.013,10.707,18.1778,52.23,492.903,0.0,102.52,91.0,47.4998,14.074,79.6292,64.4662,0.0,0.1639,0.0,0.0,0.0,0.0,19.3527,194.987,2.00381,40,85.5207,0.0,402.503,32.5579,0.0,84.9897,41.8146,0.20997,29.5921,0.0,51.4007,387.082,97.992,0.0,0.0,0.0,0.0,0.0,3.94404,22.23,0.0,93.4756,0.0,0.0,0.0
2023-12-06 14:15:00,163.998,976.077,79.8791,0.0,0.05,16.5344,35.913,38.1994,127.467,58.4997,0.0,171.302,80.9454,94.297,29.6499,23.1,62.0794,0,1822.49,0.0,77.0794,84.4877,64.5286,27.0985,131.863,2.86496,85.6693,29.7562,0.0,84.0786,41.0998,30.23,20.2895,,131.079,14.471,44.34,114.408,10.606,0.83619,52.426,475.959,0.0,102.71,57.25,47.8019,14.119,80.7736,60.687,0.0,0.23424,0.0,0.0,0.0,0.0,19.4955,191.71,57.5381,40,85.4768,0.0,399.646,29.1594,0.0,156.286,39.1778,0.2002,45.8558,0.0,61.1389,387.018,80.9968,0.0,0.0,0.0,0.0,0.0,3.94404,22.4,0.0,97.4455,0.0,0.0,0.0
2023-12-06 14:20:00,172.096,1014.29,79.8499,0.0,3.92,27.3523,42.721,51.1992,121.174,74.1966,0.0,155.392,86.2641,77.8975,29.6499,23.52,64.2609,0,1863.85,0.0,88.7007,84.4374,64.9583,27.0985,137.893,9.88485,89.8969,29.1199,0.0,85.0821,40.7768,28.14,24.1142,,71.8311,0.43809,44.318,115.034,10.405,10.3212,51.914,482.576,0.0,102.59,19.25,48.101,14.0,79.968,73.6755,0.0,0.2041,0.0,0.0,0.0,0.0,20.2097,184.569,4.75532,40,83.4772,0.0,400.867,31.9231,0.0,151.769,40.6632,0.19044,58.2351,0.0,31.7399,386.825,29.9938,0.05533,0.0,0.0,0.0,0.0,3.94404,22.34,0.0,88.1098,0.0,0.0,0.0
2023-12-06 14:25:00,177.694,1058.94,79.8207,0.0,7.18,30.1404,52.7993,50.4992,121.24,56.1994,0.0,162.246,85.5439,65.2992,29.6448,24.89,60.6837,0,1915.97,0.0,70.2312,84.1806,65.4612,27.0985,134.523,9.48486,93.9594,29.0318,0.0,85.0125,40.4261,28.39,15.8976,,129.699,28.0561,44.301,115.018,10.304,10.4628,52.204,484.358,54.7599983215,102.5,32.25,48.4001,13.742,89.572,48.484,0.0,0.19405,0.0,0.0,0.0,0.0,21.3962,190.437,1.73037,40,89.0144,0.0,396.545,15.9634,0.15358,153.045,40.6896,0.19044,44.4923,0.0,31.1398,387.073,22.9922,0.9735,0.0,0.0,27.189,0.0,3.94404,22.24,0.0,100.727,0.0,0.0,0.0
2023-12-06 14:30:00,197.696,1070.71,79.9189,0.0,13.29,33.3515,14.3722,49.6992,121.435,64.3019,0.0,171.321,69.572,65.3966,29.612,25.98,134.965,0,1965.83,0.0,53.9529,84.2914,66.1936,27.0985,134.533,8.74487,98.4917,28.3613,0.0,85.0248,40.3677,22.9,16.149,,144.251,24.8877,44.227,115.003,10.154,11.0414,52.2,496.663,0.0,102.15,89.25,47.3014,13.42,72.1859,54.0661,0.0,0.184,0.0,0.0,0.0,0.0,27.8673,195.509,1.42275,40,93.8302,0.0,398.059,6.18784,0.09029,160.687,40.7335,0.2002,46.6627,0.0,32.9687,386.67,20.9918,1.46996,0.54582,0.0,31.089,0.0,3.94404,22.38,0.0,99.7296,0.0,0.0,0.0
2023-12-06 14:35:00,188.096,1086.58,65.3001,0.0,10.44,30.9108,14.493,49.0993,119.338,65.0023,0.0,167.709,75.2129,72.7998,29.612,23.8,115.575,0,2026.74,0.0,42.6123,85.8373,66.2913,27.0985,123.103,8.10488,87.1864,29.7602,0.0,84.9674,40.6015,22.9,28.7846,,211.394,27.8225,44.139,115.013,10.053,26.0124,51.818,562.753,0.0,101.94,86.75,33.901,13.283,91.0918,60.3254,0.0,0.2041,0.0,0.0,0.0,0.0,32.0311,174.864,0.0,40,92.3836,0.0,401.965,6.30747,0.0,90.2632,40.8126,0.2002,50.8022,0.0,34.3613,387.274,23.9925,0.0,0.33048,0.0,41.289,0.0,4.287,22.15,0.0,89.9588,0.0,0.0,0.0
2023-12-06 14:40:00,198.695,1133.18,38.4414,0.0,7.69,19.5822,16.943,48.2993,119.338,63.1003,0.0,148.307,79.5551,75.0964,21.2347,23.33,120.832,0,2097.4,0.0,46.8666,86.9149,46.1811,23.6988,132.903,7.93488,94.9053,28.2264,0.0,84.9961,40.5738,19.85,28.1149,,209.501,20.5494,44.13,114.992,9.801,20.3067,51.414,627.427,0.0,102.59,61.25,9.49874,13.096,110.584,69.9957,0.0,0.17395,0.0,0.0,0.0,0.0,35.0744,171.916,1.56802,66,82.2943,0.0,403.65,7.62829,0.08284,156.017,40.7335,0.19044,55.2236,0.0875,37.2511,386.697,29.9938,1.05425,0.0,0.0,41.289,0.0,4.287,22.43,0.0,98.642,0.0,0.0,0.0
2023-12-06 14:45:00,201.197,1168.61,79.8605,0.0,9.11,23.0339,26.9114,47.8993,123.662,78.7972,0.0,138.762,79.1534,84.0971,12.9003,24.67,66.5373,0,2166.9,0.0,38.9746,88.4305,19.5523,17.2992,136.683,7.99488,99.8628,34.6694,0.0,85.0371,41.1583,27.96,28.8573,,214.144,28.6119,44.124,114.997,9.698,26.1881,51.654,650.816,0.0,102.63,50.0,12.1996,12.844,125.635,76.0962,0.0,0.17395,0.0,0.0,0.0,0.0,41.1939,171.962,2.20035,67,78.3758,0.0,405.383,15.3042,0.47936,160.693,40.7687,0.20997,50.1772,0.0,38.8813,386.477,37.9957,0.0015,0.0,0.0,41.289,0.0,4.287,22.25,0.0,96.1222,0.0,0.0,0.0
2023-12-06 14:50:00,206.094,1173.17,79.8605,0.0,12.36,19.7706,25.7212,42.6993,122.943,135.803,0.0,139.271,69.373,98.2973,29.271,23.79,69.3151,0,2200.55,0.0,100.542,89.3571,16.8618,23.3997,143.113,8.11488,100.015,41.1465,0.0,85.0493,41.1583,17.42,10.8191,,183.538,19.4838,44.022,112.402,9.598,27.7971,50.914,618.54,0.0,102.88,74.5,44.8997,12.62,105.621,57.77,0.0,0.184,0.0,0.0,0.0,0.0,35.8874,120.984,40.8411,103,83.8471,0.0,402.258,11.7861,0.0,160.821,41.6828,0.19044,40.8838,0.0,50.946,386.395,33.9947,0.0,0.0,0.0,41.189,0.0,4.62996,22.46,0.0,97.5543,0.0,0.0,0.0
2023-12-06 14:55:00,206.094,1225.52,79.7304,0.0,10.11,24.9011,26.1497,46.2993,122.092,127.598,0.0,137.534,72.0024,81.4996,13.8614,24.97,66.6051,0,2278.01,0.0,47.6356,91.6583,21.4688,18.0987,134.953,7.66488,100.085,42.2891,0.0,85.0412,40.6599,14.39,6.48422,,121.451,14.6179,43.966,114.992,9.447,28.0241,50.476,624.863,0.0,85.39,39.0,32.9,12.351,105.173,80.2851,0.0,0.2041,0.0,0.0,0.0,0.0,36.7883,134.626,38.4912,170,71.9854,0.0,398.914,11.2807,0.38628,160.803,43.133,0.2002,28.7218,0.0,25.9789,386.459,47.9979,0.0,0.0,0.0,40.089,0.0,5.716,22.43,0.0,100.364,0.0,0.0,0.0
2023-12-06 15:00:00,190.698,1208.67,79.7809,0.0,8.6,18.4623,22.5022,45.9993,124.451,123.499,0.0,134.26,71.9829,76.5965,12.0141,23.59,204.246,0,2303.62,0.0,36.4843,94.2868,41.2274,25.301,138.833,7.34489,97.0762,44.9821,0.0,85.033,40.866,16.47,4.60262,,104.783,13.7701,44.177,113.234,9.246,27.6628,50.744,596.371,0.0,59.51,58.0,37.4014,12.07,102.417,86.9947,0.0,0.2041,0.0,0.0,0.0,0.0,33.8439,73.8247,99.2294,190,70.5278,0.0,400.427,9.16884,0.0,158.959,42.9572,0.19044,29.3541,0.0,61.8598,385.571,62.9927,0.0,18.6101,0.0,41.289,0.0,5.716,22.34,0.0,98.4063,0.0,0.0,0.0
2023-12-06 15:05:00,171.396,1243.76,79.8499,0.0,8.89,23.3898,30.222,40.8994,124.646,119.001,0.0,151.341,77.4432,102.696,6.86054,25.54,191.536,0,2364.93,0.0,32.639,94.8659,45.0043,27.0985,141.543,5.27492,95.4956,44.7139,0.0,84.992,40.6322,42.86,11.0612,,114.411,13.2709,44.227,114.176,9.095,17.8506,50.672,639.951,0.0,74.36,57.5,39.0005,11.892,83.2364,90.076,0.0,0.2041,0.0,0.0,0.0,0.0,34.4701,80.6363,44.1993,190,68.4623,0.0,426.453,18.1558,0.0,141.295,42.2365,0.2002,32.3778,0.0,50.4197,386.093,84.9977,0.0,0.0,0.0,35.789,0.0,5.716,22.57,0.0,90.1945,0.0,0.0,0.0
2023-12-06 15:10:00,183.897,1257.65,79.7995,0.0,9.08,22.4122,31.6722,37.2994,125.041,138.2,0.0,156.718,74.0142,85.3981,5.0537,24.65,196.997,0,2344.35,0.0,31.3329,95.2234,59.9435,27.0985,146.573,4.71493,95.6289,43.2039,0.0,85.0125,40.8937,33.4,14.4952,,132.347,15.4021,44.485,113.076,8.894,17.023,50.936,657.554,0.0,43.11,48.75,49.5994,11.552,102.39,89.801,0.0,0.15386,0.0,0.0,0.0,0.0,38.2934,92.1263,36.1755,190,83.0451,0.0,479.36,15.8926,0.0,75.993,41.0587,0.2002,23.9487,0.0,32.1096,387.906,102.993,0.0,0.0,0.0,33.989,0.0,6.05896,22.16,0.0,90.6295,0.0,0.0,0.0
2023-12-06 15:15:00,175.598,1266.58,79.8393,0.0,10.41,25.4328,27.3399,35.1995,123.076,138.303,0.0,150.611,85.2326,72.3971,4.84096,23.83,248.785,0,2331.53,0.0,27.3045,96.2305,42.9633,27.0985,138.593,2.52496,86.285,43.6007,0.0,84.5578,40.7184,41.88,7.95034,,191.122,28.9535,44.47,112.713,8.744,27.2111,50.848,672.081,0.0,87.32,39.0,18.1994,11.49,104.889,47.4975,0.0,0.1639,0.0,0.0,0.0,0.0,36.4038,190.373,40.1147,181,87.7034,0.0,500.186,14.3935,0.0,43.9612,40.549,0.2002,22.5327,0.0,68.694,389.16,133.992,0.0,0.0,0.0,35.789,0.0,6.05896,22.3,0.0,103.663,0.0,0.0,0.0
2023-12-06 15:20:00,169.195,1293.17,71.1094,0.0,8.18,30.22,28.0028,48.3993,127.861,103.098,0.0,148.566,79.5538,76.6983,6.5129,24.71,254.611,0,2333.82,0.0,34.3175,97.1923,20.5045,27.0985,135.863,7.55488,84.387,43.8157,0.0,76.7467,40.6015,41.9,6.39718,,161.03,28.8951,43.979,112.534,8.543,27.4992,49.862,674.058,0.0,103.29,21.5,46.9017,11.01,83.7308,21.2997,0.0,0.2041,0.0,0.0,0.0,0.0,37.7441,193.275,33.5265,160,93.1417,0.0,507.486,14.5205,0.0,160.528,40.9269,0.2002,29.2369,0.0,48.5642,389.517,176.993,0.0,0.0,0.0,35.689,0.0,6.05896,22.3,0.0,100.11,0.0,0.0,0.0
2023-12-06 15:25:00,168.996,1326.67,64.7797,0.0,8.49,29.7825,38.4912,42.4994,126.221,138.303,0.0,131.536,83.1842,69.9987,9.6297,25.96,254.517,0,2346.94,0.0,24.8814,98.003,21.1685,27.0985,136.593,1.68497,93.8198,45.1479,0.0,85.0616,40.6015,40.75,5.68448,,171.594,29.0403,43.979,113.181,8.343,28.2438,50.3,699.84,0.0,95.54,39.0,15.5016,10.644,64.9256,24.7716,0.0,0.2041,0.0,0.0,0.0,0.0,36.8322,193.239,34.7314,130,81.6974,0.0,507.828,20.3409,0.0,87.5349,41.8322,0.2002,32.202,0.0,47.9212,389.599,177.993,0.0,0.0,0.0,35.789,0.0,6.05896,22.52,0.0,99.784,0.0,0.0,0.0
2023-12-06 15:30:00,175.396,1356.4,79.8791,0.0,13.4,36.4013,89.4209,40.8994,126.682,138.303,0.0,143.062,83.7348,85.4999,8.05248,25.45,261.075,0,2340.66,0.0,21.7868,98.1188,19.025,26.9001,132.273,2.93496,94.6513,44.8583,0.0,71.7824,40.8076,41.77,5.46918,,170.023,29.0385,44.121,113.35,8.142,20.8389,49.51,705.211,0.0,79.01,73.0,14.9004,10.294,79.2264,19.539,0.0,0.22419,0.0,0.0,0.0,0.0,35.1293,192.616,33.612,190,75.5926,0.0,506.095,34.4158,0.0,163.177,42.0168,0.2002,20.0815,0.0,59.2384,389.627,127.999,0.0,0.0,0.0,34.789,0.0,6.05896,22.32,0.0,104.135,0.0,0.0,0.0
2023-12-06 15:35:00,176.599,1393.78,79.8101,0.0,23.58,34.2599,82.32,44.0993,118.224,138.303,0.0,132.439,79.5135,79.4994,5.14637,24.04,171.713,0,2356.29,0.0,39.3347,98.4461,20.5679,26.6987,131.183,2.77496,96.105,45.6288,0.0,60.0494,40.7491,30.35,6.54387,,170.023,28.9801,44.417,115.024,7.94,28.4904,49.97,713.024,0.0,102.94,68.25,16.4996,9.891,79.4278,14.2691,0.0,0.184,0.0,0.0,0.0,0.0,29.1527,192.607,42.1143,190,71.1101,0.0,503.409,46.7598,0.0,97.8195,40.1974,11.5799,21.8466,0.0035,60.9771,389.755,156.997,0.0,0.0,0.0,35.189,0.0,6.45908,22.32,0.0,103.301,0.0,0.0,0.0
2023-12-06 15:40:00,166.694,1422.4,75.1,0.0,29.12,36.2108,85.7002,25.9996,119.209,84.7025,0.0,125.031,77.3944,79.1985,4.82176,23.2,169.382,0,2387.32,0.0,114.238,98.4159,19.6744,26.5003,130.273,4.11494,91.7568,45.1416,0.0,62.5336,40.7491,40.04,7.40864,,169.328,28.6898,8.791,114.518,7.74,27.4089,49.878,715.709,0.0,52.76,64.0,15.9991,9.608,87.4571,19.046,0.0,0.184,0.0,0.0,0.0,0.0,33.3935,192.332,69.0397,190,76.7095,0.0,497.232,46.8061,0.0,26.7185,41.1906,11.2003,22.3655,0.0,60.6106,390.268,177.993,0.0,0.0,0.0,35.089,0.0,6.05896,22.24,0.0,102.938,0.0,0.0,0.0
2023-12-06 15:45:00,197.694,1475.35,76.231,0.0,42.42,49.3605,92.5191,21.8997,113.439,43.0018,0.0,147.576,74.7137,93.8988,4.51635,23.15,214.815,0,2378.01,0.0,116.301,98.3857,19.3936,26.6987,119.793,7.23489,82.8763,44.3672,0.0,85.0452,40.8353,44.15,7.4135,,212.381,28.9358,44.659,115.003,7.589,16.0806,49.464,778.674,0.0,39.27,62.25,15.9991,9.473,79.6017,19.7494,0.0,0.1639,0.0,0.0,0.0,0.0,31.7565,192.085,62.3917,192,86.8281,0.0,496.402,40.4682,0.01769,25.2964,39.7843,10.4801,40.7471,0.0,74.879,390.176,177.993,0.4531,0.0,0.16898,20.589,0.0,5.03008,22.06,0.0,93.9469,0.0,0.0,0.0
2023-12-06 15:50:00,184.596,1493.91,58.8005,0.0,43.79,33.7304,81.2506,19.1997,113.767,52.6013,0.0,141.276,73.9043,92.7969,3.58554,23.73,247.349,0,2410.29,0.0,105.498,98.2648,18.002,26.5003,116.923,5.62491,86.4691,41.8955,0.0,85.0657,41.0691,44.15,12.1119,,213.862,28.8757,39.853,114.997,7.39,18.7637,49.384,796.619,0.0,103.22,59.25,24.5991,9.326,76.3241,19.869,0.0,0.19405,0.0,0.0,0.0,0.0,32.7233,191.884,34.9963,249,73.8457,0.0,502.774,29.7502,0.18895,25.9983,39.5206,10.0504,37.1716,0.0025,64.0942,390.442,177.993,0.0,0.0,0.0,34.089,0.0,4.68712,22.33,0.0,99.1677,0.0,0.0,0.0
2023-12-06 15:55:00,186.696,1520.42,52.3912,0.0,49.25,30.5319,90.9407,37.2994,105.904,47.1973,0.0,140.423,75.5145,80.6986,4.75162,24.85,155.385,0,2458.17,0.0,123.876,98.2094,22.6603,26.3996,129.103,5.12492,94.5181,45.6661,0.0,85.0207,40.7184,44.15,10.4863,,214.204,28.7004,31.148,115.008,7.289,7.69909,48.89,830.945,0.0,89.81,29.0,34.5998,9.578,63.1495,16.6505,0.0,0.23424,0.0,0.0,0.0,0.0,30.3392,191.701,36.1242,255,71.5312,0.0,525.187,46.894,3.22522,87.364,38.6505,9.74029,31.09,0.1085,62.3063,390.46,27.9934,2.34925,2.57057,0.86882,35.389,0.0,4.68712,22.22,0.0,101.271,0.0,0.0,0.33532
2023-12-06 16:00:00,165.699,1554.45,27.7707,0.0,46.5,31.4424,85.312,19.9997,105.513,81.997,0.0,159.965,70.0945,97.0981,6.33216,24.26,167.241,0,2529.9,0.0,120.787,98.1591,41.5082,26.1982,123.293,5.15492,95.0766,43.7276,0.0,85.0903,40.543,45.16,11.1964,,214.537,28.5252,44.558,115.003,7.038,7.15221,48.952,897.719,0.0,24.46,15.25,25.0019,8.539,80.4349,15.8085,0.0,0.2041,0.0,0.0,27.1,0.0,28.7132,191.902,35.1159,263,65.496,0.0,579.852,39.3964,1.9463,27.3045,36.9366,8.3401,29.4871,0.41149,72.6344,390.863,32.9945,4.52952,4.91533,2.08008,24.689,0.0,4.34416,22.15,0.0,96.0497,0.0,0.0,0.84573
2023-12-06 16:05:00,155.093,1530.38,38.3007,0.0,41.6,41.2618,85.7221,24.1996,109.9,49.0032,0.0,142.951,73.3037,92.996,18.6501,21.31,231.034,0,2522.28,0.0,123.815,98.144,27.5041,25.9998,140.453,2.58496,93.1977,44.6108,0.0,85.0289,40.4261,46.15,10.3869,,214.154,28.4278,44.502,115.008,6.888,7.53307,48.312,945.522,0.0,68.71,12.75,15.9991,8.05,81.9089,16.9426,0.0,0.17395,0.0,0.0,32.3,0.0,26.3731,172.767,36.6882,257,60.8011,0.0,571.331,39.2401,1.31336,26.6941,39.547,1.66021,30.7628,0.32749,82.1371,390.826,41.9966,3.43789,2.90852,1.34136,15.489,0.0,4.34416,22.35,0.0,96.5029,0.0,0.0,0.94873
2023-12-06 16:10:00,123.796,1504.97,43.871,0.0,43.25,31.7334,85.3413,32.4995,115.408,78.7011,0.0,165.914,77.6739,75.9992,29.8404,21.02,232.091,0,2504.51,0.0,123.827,98.3101,22.9191,25.8991,139.523,4.49493,97.1587,44.0482,0.0,85.0412,40.9829,47.24,12.9403,,208.303,27.3251,43.562,112.281,6.585,6.03647,47.678,945.254,0.0,102.37,11.5,29.9,7.716,77.5051,20.8571,0.0,0.17395,0.0,0.0,30.2,0.0,26.8895,186.006,32.8258,242,58.5818,0.0,563.128,38.2269,3.53239,29.4652,39.4943,3.35948,29.702,0.0,81.9773,390.14,176.993,0.0,4.06595,3.93735,18.289,0.0,4.34416,22.1,0.0,77.922,0.0,0.0,0.0
2023-12-06 16:15:00,92.0957,1522.79,75.2912,0.0,49.33,43.3215,50.58,31.1995,102.107,63.6015,0.0,169.627,77.0233,94.6997,29.8404,20.41,242.511,0,2522.94,0.0,122.649,98.2699,21.5909,25.8991,142.303,4.27493,97.9141,42.7937,0.0,85.0207,40.9522,45.29,11.7888,,212.623,28.2172,41.811,114.671,6.334,28.8933,47.636,974.6,0.0,45.66,12.0,21.1017,7.299,74.786,27.1113,0.0,0.21414,0.0,0.0,30.8,0.0,27.3509,186.427,79.7894,250,64.379,0.0,564.226,28.4514,2.43963,40.4944,38.8878,7.72973,25.7383,0.0,69.5951,390.973,173.992,0.0,0.0,0.0015,34.089,0.0,4.34416,22.29,0.0,64.7431,0.0,0.0,0.0
2023-12-06 16:20:00,106.395,1526.09,37.5812,0.0,46.52,41.8521,41.8128,30.0995,85.3919,136.799,0.0,140.626,73.3831,108.298,29.8404,23.27,213.067,0,2528.99,0.0,121.007,98.1792,18.8174,25.7984,139.923,1.08498,93.1914,43.6856,0.0,85.0575,40.7768,35.99,24.7962,,206.077,27.2879,40.345,113.276,6.083,19.4644,47.564,1006.9,0.0,20.37,12.0,16.2005,6.837,88.9311,40.722,0.0,0.23424,0.0,0.0,31.2,0.0,27.5926,181.419,29.7069,253,70.1726,0.0,617.353,14.6279,2.8287,40.2441,39.8019,7.21946,39.4043,0.0275,63.7153,391.092,140.993,0.28861,0.38431,0.11215,35.789,0.0,4.34416,22.28,0.0,65.0876,0.0,0.0,0.0
2023-12-06 16:25:00,110.095,1537.1,54.2816,0.0,46.49,37.3307,37.8027,15.6998,73.1339,133.599,0.0,76.08,83.4748,91.7968,29.6335,19.84,203.501,0,2525.55,0.0,116.924,98.2044,51.2837,25.6001,123.283,3.66494,87.2562,37.3077,0.0,85.0043,40.5738,33.09,11.8318,,180.547,23.7514,42.8,112.113,5.832,8.1825,47.432,1034.27,0.0,28.3,14.0,41.8021,6.405,84.7196,47.313,0.0,0.2041,0.0,0.0,31.0,0.0,27.8892,171.247,93.6922,291,78.4454,0.0,673.556,46.8916,2.04497,34.2809,35.6885,7.13034,35.6957,0.0,63.3549,390.845,158.997,0.0,0.0,0.0,35.789,0.0,4.34416,23.32,0.0,48.7726,0.0,0.0,0.0
2023-12-06 16:30:00,97.7941,1552.82,46.9509,0.0,47.76,47.4913,79.7711,23.0996,73.005,131.203,0.0,85.771,78.6444,95.3989,29.7431,21.22,76.0494,0,2538.49,0.0,116.204,98.1641,59.0622,25.4994,120.253,0.73499,73.1198,28.9278,0.0,85.0248,40.7768,40.83,19.884,,180.265,25.548,32.692,110.612,5.581,9.54238,47.0,1069.01,0.0,16.74,35.0,46.7002,5.961,75.7107,89.0533,0.0,0.15386,0.0,0.7,31.6,0.0,28.2078,176.933,32.5524,333,77.9803,0.0,732.859,36.7791,2.39867,30.5394,26.1523,6.67013,34.8778,0.0985,63.5822,391.128,176.993,0.75816,1.23369,0.40525,35.889,0.0,4.34416,23.22,0.0,52.09,0.0,0.0,0.0
2023-12-06 16:35:00,69.6966,1535.78,29.8815,0.0,46.78,44.2007,22.8611,22.2997,69.4698,130.502,0.0,83.8956,83.0842,115.396,5.81914,21.26,71.2798,0,2535.81,0.0,115.721,90.5908,53.8717,25.3986,90.9436,1.04498,77.5759,28.0447,0.0,85.0493,40.866,18.98,15.7865,,187.103,25.1603,41.62,108.98,5.28,8.28504,46.584,1081.44,0.0,15.9,38.75,49.3004,5.538,66.3996,60.739,0.0,0.2041,0.0,146.871,30.2,0.0,27.5047,177.61,20.0851,352,81.4923,0.0,789.184,8.51698,0.0,22.7329,20.7381,5.67034,33.6596,0.0,74.6332,390.808,175.992,0.0,0.0,0.0,23.889,0.0,4.34416,24.21,0.0,48.6457,0.0,0.0,0.0
2023-12-06 16:40:00,67.9953,1537.85,30.8718,0.0,47.92,37.0628,19.7702,26.5996,70.4503,124.302,0.0,88.2765,61.492,107.696,5.2585,21.76,163.0,0,2550.23,0.0,115.172,98.6324,52.8829,25.301,88.4036,1.43498,72.9166,26.941,0.0,85.0452,40.7491,36.58,22.6396,,209.904,25.4966,18.141,106.864,5.029,8.62684,45.666,1091.67,0.0,14.62,30.75,47.4998,5.167,63.9826,84.4848,0.0,0.184,0.0,286.003,30.3,0.0,26.7137,183.076,13.9156,353,81.0089,0.0,846.657,8.99306,0.0,33.6522,16.1853,5.28947,32.6976,0.0,62.3575,386.871,165.999,0.0,0.0,0.0,35.789,0.0,4.34416,24.21,0.0,47.6668,0.0,0.0,0.0
2023-12-06 16:45:00,54.8975,1546.69,69.6889,0.0,50.32,31.2624,38.5498,19.9997,60.1611,113.899,0.0,70.4158,43.4937,89.1993,3.36768,18.55,181.983,0,2576.41,0.0,113.463,96.3866,56.1813,24.6998,91.2736,1.93497,74.7575,21.4764,0.0,85.0043,40.6907,10.28,28.6884,,206.661,26.9304,34.135,103.758,4.828,12.9897,45.088,1099.58,0.0,14.34,32.75,35.6008,4.678,72.5521,85.8745,0.0,0.17395,0.0,335.069,30.6,0.0,27.4278,182.243,14.078,354,76.0943,0.0,901.346,25.9416,0.0,65.3117,11.2985,4.80972,21.5854,0.0,49.6865,380.078,173.992,0.0,0.0,0.0,35.689,0.0,4.34416,25.19,0.0,47.1593,0.0,0.0,0.0
2023-12-06 16:50:00,48.1943,1554.24,38.1706,0.0,53.56,29.2215,31.5917,17.0997,44.0397,25.8011,0.0,56.2188,54.9929,73.1981,2.54784,16.87,157.322,0,2593.55,0.0,113.188,97.434,22.3038,24.1993,82.0338,1.64497,70.9742,21.6263,0.0,84.992,41.0414,29.69,27.1473,,207.497,26.8666,36.177,102.442,4.577,28.4709,44.396,1107.15,0.0,14.62,25.25,45.9007,4.319,70.3365,81.39,0.0,0.19405,0.0,350.086,30.5,0.0,22.3081,181.996,12.7193,319,73.5271,0.0,960.723,23.5319,0.0,27.6646,3.87164,4.38002,25.3587,0.0,54.4502,370.785,170.0,0.0,0.0,0.0,35.689,0.0,4.34416,25.1,0.0,48.0113,0.0,0.0,0.0
2023-12-06 16:55:00,43.4932,1567.22,12.3102,0.0,51.0,32.6816,61.0611,23.0996,38.5982,26.5976,0.0,53.9269,56.1941,93.0978,2.44774,15.78,157.648,0,2635.05,0.0,113.622,94.6091,57.4118,23.6988,75.1239,1.34498,62.1889,24.655,0.0,84.3776,40.7768,37.19,7.75526,,206.721,26.7038,33.533,100.289,4.326,10.497,43.528,1142.28,0.0,12.1,24.5,44.7013,3.92,70.8766,66.7579,0.0,0.23424,0.0,364.784,31.6,0.0,19.0781,179.432,13.1893,289,79.5953,0.0,1019.03,7.59167,0.00093,20.7004,2.81694,3.92956,31.8944,0.1225,63.8894,359.084,69.9943,1.92755,1.48492,0.68937,35.689,0.0,4.34416,24.82,0.0,43.9325,0.0,0.0,0.832
2023-12-06 17:00:00,32.4928,1558.36,7.95061,0.0,48.18,31.0615,17.0419,22.6996,29.7505,27.298,0.0,54.8516,49.894,99.1956,3.0697,15.38,98.7728,0,2646.43,0.0,112.12,93.2394,54.9947,23.1006,73.5439,2.38496,55.3524,25.4247,0.0,81.5145,40.6322,44.24,6.76224,,203.438,25.9604,40.01,97.0985,4.125,21.4713,42.944,1148.04,0.0,9.37,23.5,42.6017,3.567,58.526,66.3662,0.0,0.17395,0.0,352.608,31.1,0.0,19.7592,173.848,12.0015,246,54.5278,0.0,1066.9,11.1757,0.0,17.5448,3.19487,3.39976,31.9127,0.0,62.4476,338.265,42.9968,0.20188,0.0,0.0,35.689,0.0,4.34416,25.27,0.0,37.1528,0.0,0.0,0.832
2023-12-06 17:05:00,33.7965,1549.84,7.97185,0.0,45.74,25.4139,18.9902,21.6997,24.3129,125.6,0.0,60.4364,51.5041,79.5968,4.31104,12.38,94.1929,0,2638.05,0.0,108.721,88.0277,53.0684,22.4994,71.5339,1.42498,52.1278,24.8454,0.0,78.1599,40.9245,45.26,9.96915,,88.9718,11.469,36.851,91.8921,3.925,8.495,42.21,1145.26,0.0,8.91,12.0,41.7014,3.408,56.9787,18.8194,0.0,0.17395,0.0,441.491,30.4,0.0,21.7038,107.077,11.0274,243,51.133,0.0,1132.97,10.2382,0.0,16.5377,6.51719,2.81991,30.7958,0.0,62.4968,298.357,172.992,0.0,0.0,0.0,35.689,0.0,4.34416,25.06,0.0,36.6633,0.0,0.0,0.92813
2023-12-06 17:10:00,38.5955,1562.66,41.0301,0.0,46.46,25.3909,15.5734,8.29987,32.4419,117.099,0.0,51.9616,47.4232,73.1981,7.69357,13.88,183.542,0,2644.72,0.0,105.003,83.1231,53.2369,18.1994,66.554,1.55498,64.2647,22.834,0.0,75.3664,40.2785,43.24,29.4042,,136.134,9.99103,33.938,85.738,3.16,6.3563,41.252,1165.98,0.0,9.11,10.5,40.9995,3.159,60.2747,21.8689,0.0,0.184,0.0,450.481,30.7,0.0,21.4621,110.236,31.1852,247,60.7571,0.0,1177.87,7.84558,0.0,17.0016,4.07379,2.51961,30.9044,0.0,63.5372,257.029,167.999,0.0015,0.01645,0.0,35.689,0.0,4.34416,25.06,0.0,34.0348,0.0,0.0,0.0
2023-12-06 17:15:00,32.897,1556.6,9.60206,0.0,50.04,29.3115,63.0497,8.09988,26.1488,110.5,0.0,51.4824,33.3031,66.6976,3.68704,12.34,180.683,0,2641.86,0.0,101.86,77.8057,51.6109,21.4984,69.0939,0.52499,54.0829,17.9058,0.0,71.8356,40.5123,11.04,27.4268,,131.904,9.78747,32.052,78.5153,2.371,6.33677,39.422,1169.6,0.0,10.06,12.5,39.6994,2.107,50.4143,15.5076,0.0,0.2041,0.0,447.299,30.8,0.0,22.1653,165.26,73.0046,245,56.7764,0.0,1238.61,17.0913,0.0,15.3475,3.52886,2.10944,31.3439,0.0,63.5617,236.704,157.997,0.0,0.0,0.0,35.689,0.0,4.34416,25.14,0.0,29.5935,0.0,0.0,0.0
2023-12-06 17:20:00,30.6973,1563.51,9.00201,0.0,49.69,26.7411,52.4916,7.99988,25.8871,113.501,0.0,51.0048,33.8329,68.9986,4.00051,12.92,188.244,0,2637.17,0.0,102.214,69.7741,49.8872,20.9003,69.8239,0.81499,48.8079,15.6317,0.0,68.3581,40.9522,32.84,26.5718,,128.964,17.165,30.231,71.9559,2.976,9.22988,36.632,1169.74,0.0,20.86,18.75,38.3993,3.039,63.3509,16.2145,0.0,0.184,0.0,450.373,30.8,0.0,22.1982,184.019,74.7649,248,48.2106,0.0,1265.13,12.3232,0.0,15.4208,4.48689,1.77984,34.5434,0.0,63.4901,227.649,152.996,0.0,0.0,0.0,35.689,0.0,4.34416,25.79,0.0,24.2277,0.0,0.0,0.0
2023-12-06 17:25:00,27.1973,1549.6,6.50094,0.0,52.67,23.7205,66.9206,6.7999,22.5453,110.5,0.0,52.723,39.3335,63.7991,4.10061,13.58,158.772,0,2628.12,0.0,100.517,66.5715,49.1817,19.6002,54.7542,0.95499,43.6027,16.8885,0.0,65.1817,40.543,35.77,24.6159,,179.923,17.2429,28.065,64.7069,3.211,7.19127,34.298,1148.87,0.0,16.48,19.75,25.9998,3.138,48.4459,15.4023,0.0,0.17395,0.0,442.644,30.5,0.0,23.2639,180.009,61.9303,244,43.0762,0.0,1310.56,26.1662,0.0,17.7157,4.32868,1.46001,36.0168,0.0,62.9432,200.668,123.998,0.0,0.0,0.0,35.689,0.0,4.34416,25.89,0.0,18.0099,0.0,0.0,0.83429
2023-12-06 17:30:00,31.0934,1568.62,6.13188,0.0,50.77,26.1905,45.5701,6.4999,44.0397,101.402,0.0,57.0306,42.1045,49.798,3.8953,14.04,179.504,0,2646.84,0.0,98.1125,60.5642,35.5242,20.1007,46.1543,1.40498,40.4923,20.5718,0.0,62.0585,40.866,38.92,22.2126,,174.243,16.8181,26.123,58.2581,2.696,3.41436,31.442,1144.91,0.0,14.77,18.5,19.8993,4.234,62.7466,23.3856,0.0,0.2041,0.0,460.077,31.2,0.0,22.5058,173.069,53.3681,253,32.8515,0.0,1321.33,24.6256,0.12193,35.2636,7.49279,1.19999,37.0605,0.0975,61.9336,179.373,95.0,0.87181,0.9077,0.17197,35.789,0.0,4.34416,25.8,0.0,16.5778,0.0,0.0,0.0
2023-12-06 17:35:00,30.5979,1564.22,7.12222,0.0,39.67,22.1401,19.2099,4.09994,48.8875,98.9986,0.0,64.0208,38.9929,54.6967,5.68243,15.2,145.019,0,2636.0,0.0,95.317,55.0806,6.99352,10.0999,44.6843,0.86499,39.337,23.3053,0.0,58.3946,40.5738,35.9,20.2179,,178.201,16.8871,23.906,51.3091,2.846,2.86259,28.888,1121.45,0.0,9.62,17.75,5.10109,3.403,67.6631,62.3403,0.0,0.21414,257.65,444.1,30.5,0.0,21.3742,167.375,46.4552,246,21.9785,0.0,1269.91,9.08339,0.0,30.1854,12.1247,0.99979,38.6194,0.0,58.4253,164.349,143.994,20.4823,0.0,0.0,35.689,0.0,4.34416,24.08,0.0,18.735,0.0,0.0,0.0
2023-12-06 17:40:00,30.2931,1562.17,7.65058,0.0,38.91,25.9833,32.661,11.6998,54.0672,93.2994,0.0,67.1611,33.1835,58.4978,7.81389,16.48,110.074,0,2639.64,0.0,91.1238,49.9645,12.0839,5.69924,42.0244,0.66499,36.0552,24.0107,0.0,54.8557,40.2508,31.88,18.1227,,179.157,22.8221,21.938,44.5233,3.047,5.81674,26.022,1109.37,0.0,5.91,17.0,13.4997,2.199,81.2314,22.6528,0.0,0.184,251.2,450.418,30.9,0.0,22.7036,150.73,48.4035,247,14.2293,0.0,1310.39,21.691,0.0,31.284,12.6081,0.83987,32.0275,0.0,54.9089,142.834,140.071,57.0743,0.01346,0.0,35.689,0.0,4.34416,24.63,0.0,17.4117,0.0,0.0,0.0
2023-12-06 17:45:00,27.9953,1542.71,13.9723,0.0,32.41,26.6008,42.2412,10.3998,60.9462,87.401,0.0,68.8899,28.1846,44.7977,5.54394,14.13,103.664,0,2616.74,0.0,86.2654,44.4003,37.9486,9.0013,43.3943,0.50499,29.1997,25.3866,0.0,51.2696,40.7184,28.84,15.8259,,174.847,22.3159,20.551,38.0534,2.645,13.8979,23.332,1074.45,51.1899986267,4.01,13.5,34.5998,2.104,85.6718,10.639,0.0,0.184,242.7,438.044,30.2,0.0,18.0343,157.853,57.9654,241,6.35569,0.0,1294.06,17.5308,0.0,58.6709,13.3728,0.69948,21.5256,0.0,50.7249,123.671,128.999,57.6994,0.0,0.0,35.689,0.0,4.34416,25.73,0.0,18.6987,0.0,0.0,0.0
2023-12-06 17:50:00,25.3972,1549.43,12.5917,0.0,31.91,26.898,37.1728,11.6998,61.0126,81.3996,0.0,65.5192,29.4249,33.5977,4.19789,14.07,102.458,0,2630.22,0.0,79.6674,38.5491,39.3988,10.4997,49.4943,0.43499,33.7129,31.3463,0.0,47.7,40.7768,25.76,11.0285,,140.787,21.4043,18.832,32.6101,2.549,12.665,20.53,1084.46,1.12999999523,3.43,10.0,29.1005,2.123,83.4562,19.3653,0.0,0.2041,245.9,443.764,30.6,0.0,26.5928,146.601,58.8455,243,5.49508,0.0,1300.11,15.1162,0.0,45.3834,12.1423,0.62014,24.968,0.0,45.9776,107.732,117.997,57.7472,0.0,0.38132,34.289,0.0,4.34416,25.85,0.0,20.439,0.0,0.0,0.0
2023-12-06 17:55:00,26.695,1561.27,9.93129,0.0,31.84,29.8411,33.6095,10.8998,65.1416,75.5013,0.0,75.3948,26.0642,38.6999,16.5765,13.45,106.551,0,2643.64,0.0,69.0837,33.1863,18.002,5.50088,51.3742,0.40499,29.7392,25.7333,0.0,43.8948,40.8076,23.75,11.7443,,144.936,20.0113,15.64,27.3089,2.532,11.0829,17.61,1098.43,125.470001221,3.54,6.75,4.89967,2.128,74.0261,43.4116,0.0,0.184,250.77,451.295,31.0,0.0,26.6478,148.963,46.1817,246,8.50538,0.0,1307.39,13.4194,0.0,53.3059,12.2653,0.57985,25.9788,0.0,41.6195,89.7047,101.993,59.0811,2.43,0.0,31.289,0.0,4.34416,25.81,0.0,21.3454,0.0,0.0,0.0
2023-12-06 18:00:00,33.6954,1562.58,9.19052,0.0,31.78,25.2402,30.0609,9.79985,65.7315,68.9025,0.0,75.0622,23.4543,35.1996,10.7796,15.64,105.981,0,2641.32,0.0,64.9454,27.6523,5.79477,9.30037,51.3042,0.37499,27.6191,25.7587,0.0,39.8828,40.9522,20.74,11.6772,,131.008,12.1363,2.88,22.1972,2.544,9.51797,14.524,1112.52,244.679992676,3.51,6.75,4.39918,1.335,69.8238,29.084,0.0,0.1639,250.02,451.953,30.7,0.0,22.341,84.2344,41.3111,247,8.54932,0.0,1318.23,11.7031,2.3391,40.8972,15.8865,0.53957,24.9619,0.0,37.0811,73.8018,92.9995,59.0034,11.9137,0.04337,28.189,0.0,4.34416,25.88,0.0,19.4238,0.0,0.0,0.0
2023-12-06 18:05:00,38.7952,1559.8,17.0017,0.0,26.44,23.9822,26.483,5.89991,70.1222,62.2007,0.0,62.7527,19.404,32.6994,4.22502,15.62,86.9707,0,2636.1,0.0,58.0789,22.6471,4.94759,10.6004,55.1542,0.36499,31.2055,26.3999,0.0,24.2606,40.9829,17.68,7.4816,,22.9769,2.93385,12.516,17.3434,2.034,7.96033,11.94,1124.28,336.209991455,2.88,5.5,4.1001,1.156,55.9167,13.3075,0.0,0.19405,252.2,449.847,31.0,0.0,18.4628,19.3866,37.8161,284,10.168,0.0,1319.52,10.1283,2.71142,33.756,13.6101,0.47975,24.3198,3.86044,32.3891,58.7777,78.9963,58.48,0.0,0.0,24.489,0.0,4.34416,25.83,0.0,16.7591,0.0,0.0,0.0
2023-12-06 18:10:00,40.2972,1551.38,15.1512,0.0,26.42,22.0208,23.8901,6.5999,74.1847,56.1994,0.0,50.4723,19.8337,30.1992,2.98202,15.62,83.1767,0,2627.99,0.0,50.0893,18.3367,4.91829,9.70016,51.9642,0.305,34.8999,25.9531,0.0,32.2068,40.6015,15.68,5.92102,,51.4676,7.29348,2.815,12.6792,2.034,6.76646,9.186,1123.53,435.230010986,2.4,4.75,19.8016,1.069,50.3502,29.5771,0.0,0.22419,245.18,442.69,30.4,0.0,15.3316,107.745,30.0316,317,7.27855,0.0,1323.26,8.77821,0.0,30.1305,15.3503,0.43947,22.4021,0.37049,27.7914,44.2023,66.9936,57.5439,0.0,0.0,21.289,0.0,4.34416,25.83,0.0,15.3995,0.0,0.0,0.0
2023-12-06 18:15:00,34.7937,1559.63,10.6906,0.0,26.69,25.8493,21.1325,4.99992,73.2667,50.301,0.0,54.3694,17.5937,27.4999,2.93171,16.6,71.6863,0,2635.34,0.0,40.7996,13.8702,18.5342,9.0013,52.1042,0.265,34.7539,22.3293,0.0,28.0504,40.8076,13.11,7.56813,,137.232,14.3436,6.881,8.77832,1.883,5.68978,6.818,1138.08,147.830001831,1.89,3.5,17.1008,0.856,53.5912,19.117,0.0,0.21414,496.52,444.348,30.7,0.0,10.6185,118.906,26.6648,354,8.98146,0.0,1323.04,7.26451,2.67791,25.0828,13.8737,0.37965,19.4809,0.0,23.508,31.4305,60.9922,58.797,2.8188,0.2587,17.689,0.0,4.34416,26.02,0.0,13.4236,0.0,0.0,0.0
2023-12-06 18:20:00,32.198,1568.13,7.56031,0.0,23.56,24.3527,18.331,4.09994,69.794,44.1005,0.0,47.628,15.2328,25.6989,1.9472,14.91,60.887,0,2645.62,0.0,6.0029,9.82673,14.9111,6.40116,49.3843,0.265,31.8276,20.6242,0.0,23.9903,41.0106,10.61,6.52186,,42.3433,5.72345,8.345,5.06695,1.933,1.15846,4.122,1160.74,212.009994507,1.65,3.25,13.3989,0.807,52.7398,16.6025,0.0,0.17395,505.34,457.073,31.3,0.0,11.9808,38.558,21.4182,387,11.8673,0.0,1322.18,6.09018,2.56063,19.5163,15.1394,0.31983,21.1655,0.0975,19.5308,10.6935,50.9986,59.4041,22.8181,5.98602,14.289,0.0,4.0012,26.93,0.0,13.1879,0.0,0.0,0.0
2023-12-06 18:25:00,24.5941,1560.14,4.32113,0.0,20.6,23.62,15.1632,3.09995,70.3175,35.4006,0.0,48.8502,18.9731,20.8976,1.52858,15.25,49.1798,0,2639.93,0.0,15.9823,3.43671,11.1879,3.89868,47.3343,0.0,29.7964,18.0819,0.0,20.2301,40.4261,8.44,5.51757,,25.2831,3.04537,7.051,3.10334,2.084,3.346,2.43,1171.6,396.260009766,3.18,3.0,9.99924,0.835,52.6116,10.9252,0.0,0.17395,496.81,452.341,31.2,0.0,11.772,15.2117,17.026,392,13.0831,0.0,1315.3,4.7718,1.69685,15.6405,15.7107,0.24049,21.4194,0.0035,15.6508,6.88487,39.9961,59.2875,21.8939,5.39385,11.289,0.0,4.0012,26.5,0.0,11.8646,0.0,0.0,0.0
2023-12-06 18:30:00,18.498,1566.59,3.09183,0.0,21.05,21.5519,12.2408,3.19995,61.9306,26.7967,0.0,46.4988,17.9245,19.3975,1.62893,13.52,39.4102,0,2643.99,0.0,8.63355,2.42962,8.32654,5.10109,45.2543,0.0,29.0727,19.284,0.0,16.3026,40.6599,6.57,4.33766,,19.4319,2.37452,5.762,1.5293,1.833,2.64286,1.492,1190.5,475.820007324,4.17,1.75,7.20073,0.623,60.9155,11.0812,0.0,0.23424,501.97,455.727,31.2,0.0,8.43214,14.0124,11.7281,393,13.5628,0.0,1321.04,3.6463,3.1098,12.4361,15.9656,0.17945,21.0898,0.0755,12.0018,3.84528,35.9952,59.44,20.6498,24.5108,8.689,0.0,4.0012,26.59,0.0,10.6863,0.0,0.0,0.0
2023-12-06 18:35:00,22.2964,1562.54,1.59171,0.0,20.63,22.6927,8.5713,2.79996,69.9933,21.5026,0.0,42.6032,15.953,20.5967,1.4256,11.61,26.619,0,2641.96,0.0,3.91547,1.70954,6.02914,3.80102,44.0843,0.0,31.9165,22.5507,0.0,12.6474,40.1923,4.57,3.46074,,24.7091,5.35351,4.079,0.72385,1.733,1.84207,0.76,1201.87,557.41998291,2.74,1.0,5.00038,0.404,64.2481,8.25894,0.0,0.2041,499.1,451.952,30.9,0.0,9.00343,42.6688,4.56733,390,11.0835,0.0,1322.67,2.4744,3.37229,9.15236,14.8493,0.11963,18.746,3.93144,8.75059,1.89517,27.9934,59.0751,15.0241,13.0562,6.389,0.0,4.0012,26.59,0.0,9.09105,0.0,0.0,0.0
2023-12-06 18:40:00,26.599,1567.64,1.23062,0.0,22.57,21.6608,5.5317,2.39996,91.4858,16.799,0.0,37.6425,13.8326,16.2999,1.11098,11.22,15.0744,0,2646.21,0.0,7.70581,0.75784,4.0296,2.69932,48.2843,0.0,36.6583,20.7638,0.0,9.61997,40.7184,3.57,2.63245,,23.6516,2.58161,2.652,0.24479,1.583,1.19509,0.344,1232.34,536.650024414,3.44,0.5,3.19982,0.194,69.9519,5.86451,0.0,0.17395,507.83,461.405,31.5,0.0,7.17968,16.5209,2.54215,390,13.2625,0.0,1325.36,1.84695,3.20102,6.009,16.5193,0.08057,19.9814,4.11644,5.89133,0.23346,19.0,59.7212,16.1756,24.5916,4.589,0.0,4.0012,27.04,0.0,6.73445,0.0,0.0,0.0
2023-12-06 18:45:00,27.1968,1563.81,0.73147,0.0,28.32,19.6617,4.06317,2.19997,94.6303,5.79881,0.0,31.9127,12.4227,14.698,0.8055,11.02,16.863,0,2641.62,0.0,4.00092,0.29961,2.52811,1.10018,48.2443,0.0,29.4028,16.0903,0.0,6.7351,40.6322,1.5,1.71571,,15.1115,1.92139,1.645,0.0,1.482,0.70924,0.0,1238.5,531.099975586,3.24,0.0,1.89975,0.095,72.0211,3.35197,0.0,0.17395,508.43,454.316,31.0,0.0,9.5967,11.5221,1.58511,390,12.2884,0.0,1320.35,1.20485,2.46755,3.52483,24.8514,0.0,13.4054,3.98044,3.63955,0.0,13.9989,58.797,11.8898,3.44985,2.889,0.0,4.0012,26.8,0.0,9.5805,0.0,0.0,0.0
2023-12-06 18:50:00,28.7948,1558.7,0.3518,0.0,30.88,20.9407,2.851,1.79997,71.1066,1.80247,0.0,30.7439,14.9435,15.999,0.60288,10.98,7.17473,0,2639.52,0.0,8.39551,0.0,1.28542,0.401312,37.4944,0.0,24.5912,15.976,0.0,4.9449,40.6015,0.49,1.2617,,11.1838,1.34435,0.704,0.0,1.432,0.33082,0.0,1249.73,460.429992676,2.61,0.0,1.10018,0.0,77.3495,2.04751,0.0,0.22419,501.29,451.404,31.0,0.0,6.60838,7.18242,0.60243,389,12.6216,0.0,1320.52,0.75074,30.9407,1.85245,20.1756,0.0,12.3091,0.0,2.04723,0.0,3.99657,58.0164,58.6176,24.472,1.689,0.0,4.0012,25.17,0.0,13.6048,0.0,0.0,0.0
2023-12-06 18:55:00,36.2976,1562.17,0.0,0.0,30.68,24.3527,1.58022,1.59998,62.5205,1.60334,0.0,18.0064,15.6136,16.4991,0.50243,8.37,3.35363,0,2643.08,0.0,5.06905,0.0,0.42359,0.300603,38.8244,0.0,24.9784,14.6398,0.0,2.68198,40.1339,0.49,0.75197,,6.813,0.79564,0.0,0.0,1.432,0.0,0.0,1266.43,528.940002441,1.57,0.0,0.49897,0.0,77.9446,1.08788,0.0,0.21414,495.41,451.124,31.2,0.0,6.86107,3.47448,0.0,392,13.0245,0.0,1319.77,0.30884,38.6608,0.82094,19.657,0.0,10.9456,3.98744,1.24736,0.0,1.99611,59.1469,10.7533,3.74893,0.0,0.0,4.0012,25.23,0.0,15.7983,0.0,0.0,0.0
2023-12-06 19:00:00,38.2985,1553.14,0.0,0.0,27.04,23.8398,0.89174,1.19998,62.583,2.0016,0.0,9.71084,10.804,19.7958,0.19666,7.36,3.55688,0,2635.32,0.0,4.29999,0.0,0.0,0.300603,33.0545,0.0,26.1845,14.7374,0.0,1.84845,40.7184,0.0,0.3515,,5.31243,0.68589,0.0,0.0,1.382,0.0,0.0,1268.82,589.130004883,0.79,0.0,0.19989,0.0,74.5388,0.44798,0.0,0.184,495.69,444.253,30.6,0.0,6.03708,0.85603,0.0,387,13.116,0.0,1319.23,0.0,1.35431,0.0,14.3132,0.0,8.01343,3.91244,0.44824,0.0,0.0,57.9985,9.80822,9.47326,0.0,0.0,4.0012,24.53,0.0,16.6503,0.0,0.0,0.0
2023-12-06 19:05:00,38.8976,1563.71,0.0,0.0,24.33,29.1734,0.47059,0.0,63.7002,0.79995,0.0,11.9112,10.8357,17.7956,0.09443,7.18,2.17478,0,2641.81,0.0,2.60929,0.0,0.0,0.199893,34.3645,0.0,24.1469,12.411,0.0,0.8625,40.8353,0.0,0.15498,,2.17029,0.26462,0.0,0.0,1.382,0.0,0.0,1287.67,538.690002441,0.0,0.0,0.09918,0.0,71.0506,0.0,0.0,0.17395,497.39,451.259,31.2,0.0,3.9826,0.0,0.0,391,12.7169,0.0,1317.2,0.0,1.46787,0.0,17.1521,0.0,6.28672,0.0425,0.00416,0.0,0.0,59.1409,0.11514,3.94034,0.0,0.0,4.0012,24.38,0.0,22.3243,0.0,0.0,0.0
2023-12-06 19:10:00,42.7931,1563.71,0.0,0.0,23.82,29.9207,0.0,0.0,65.0791,0.0,0.0,15.6802,9.88601,20.4993,0.0,3.63,0.0,0,2639.84,0.0,1.13222,0.0,0.0,0.099184,28.7946,0.0,27.6,11.9801,0.0,0.38118,40.6322,0.0,0.051,,1.00206,0.0,0.0,0.0,1.332,0.0,0.0,1298.8,511.450012207,0.0,0.0,0.00153,0.0,63.5615,0.0,0.0,0.23424,497.9,451.35,31.3,0.0,4.21332,0.0,0.0,393,11.9075,0.0,1317.3,0.0,21.7947,0.0,18.6639,0.0,5.40536,0.0045,0.0,0.0,0.0,59.2696,4.04202,9.02763,0.0,0.0,4.0012,24.27,0.0,22.8319,0.0,0.0,0.0
2023-12-06 19:15:00,48.0947,1562.76,0.0,0.0,22.11,27.5218,0.0,0.0,69.0714,0.0,0.0,19.7665,8.1941,18.1983,0.0,1.2,0.0,0,2638.42,0.0,0.0,0.0,0.0,0.001526,28.8746,0.0,25.6449,14.3558,0.0,0.0,40.2508,0.0,0.0,,2.07965,0.13718,0.0,0.0,1.332,0.0,0.0,1295.36,525.340026855,0.0,0.0,0.00153,0.0,52.0806,0.0,0.0,0.2041,502.66,452.15,31.2,0.0,2.62028,0.0,0.0,387,13.2479,0.0,1318.13,0.0,22.8893,0.0,20.4041,0.0,6.86351,0.0,0.0,0.0,0.0,58.0104,14.3751,24.2477,0.0,0.0,4.0012,24.34,0.0,19.9133,0.0,0.0,0.0
2023-12-06 19:20:00,48.0965,1560.66,0.0,0.0,21.99,31.9385,0.0,0.0,62.8486,0.0,0.0,15.8923,6.11582,12.897,0.0,-0.24,0.0,0,2641.69,0.0,0.0,0.0,0.0,0.001526,29.6346,0.0,27.9746,14.6676,0.0,0.0,40.8353,0.0,0.0,,0.68986,0.0,0.0,0.0,1.332,0.0,0.0,1299.87,608.590026855,0.0,0.0,0.00153,0.0,44.8112,0.0,0.0,0.19405,502.0,450.592,30.9,0.0,2.9279,0.0,0.0,391,13.1966,0.0,1322.23,0.0,22.9321,0.0,18.8572,0.0,6.22385,0.0,0.0,0.0,0.0,58.0882,10.9029,14.9194,0.0,0.0,4.0012,24.27,0.0,21.5992,0.0,0.0,0.0
2023-12-06 19:25:00,44.9962,1562.83,0.0,0.0,20.45,28.7882,0.0,0.0,61.2119,0.0,0.0,12.5597,5.06661,11.7996,0.0,0.07,0.0,0,2632.14,0.0,0.0,0.0,0.0,0.001526,30.9745,0.0,28.2602,16.3236,0.0,0.0,40.22,0.0,0.0,,0.0,0.0,0.0,0.0,1.332,0.0,0.0,1288.33,560.640014648,0.0,0.0,0.00153,0.0,30.7668,0.0,0.0,0.22419,494.96,445.462,30.8,0.0,0.39002,0.0,0.0,387,12.4532,0.0,1318.01,0.0,22.5431,0.0,21.7313,0.0,6.15183,0.0,0.0,0.0,0.0,34.9157,2.58552,14.5815,0.0,0.0,4.0012,23.96,0.0,21.6717,0.0,0.0,0.0
2023-12-06 19:30:00,47.2968,1574.18,0.0,0.0,21.9,31.9218,0.0,0.0,55.9032,0.0,0.0,12.4834,4.70832,11.2995,0.0,0.37,0.0,0,2644.03,0.0,0.0,0.0,0.0,0.001526,29.6745,0.0,31.5864,18.1978,0.0,0.0,40.8076,0.0,0.0,,0.0,0.0,0.0,0.0,1.332,0.0,0.0,1298.09,557.400024414,0.0,0.0,0.00153,0.0,22.948,0.0,0.0,0.19405,500.76,449.126,30.8,0.0,0.0,0.0,0.0,389,13.1344,0.0,1320.57,0.0,23.014,0.0,18.7957,0.0,4.1413,0.0,0.0,0.0,0.0,0.2258,38.2325,3.93137,0.0,0.0,4.0012,23.97,0.0,18.6625,0.0,0.0,0.0
2023-12-06 19:35:00,48.9956,1571.79,0.0,0.0,20.46,27.9928,0.0,0.0,55.8368,0.0,0.0,15.8999,3.83795,10.2995,0.0,1.67,0.0,0,2640.52,0.0,0.0,0.0,0.0,0.001526,31.3645,0.0,29.4472,17.6376,0.0,0.0,40.6599,0.0,0.0,,0.0,0.0,0.0,0.0,1.332,0.0,0.0,1298.09,512.08001709,0.0,0.0,0.00153,0.0,15.6146,0.0,0.0,0.19405,498.89,447.43,30.8,0.0,0.0,0.0,0.0,389,10.4866,0.0,1321.35,0.0,22.9582,0.0,20.6151,0.0,5.50607,3.98344,0.0,0.0,0.0,0.0,28.7518,14.8716,0.0,0.0,4.0012,24.01,0.0,17.2848,0.0,0.0,0.0
2023-12-06 19:40:00,46.2956,1568.03,0.0,0.0,16.56,25.4014,0.0,0.0,58.7196,0.0,0.0,15.1369,3.89654,8.09575,0.0,2.57,0.0,0,2636.47,0.0,0.0,0.0,0.0,0.001526,31.2645,0.0,27.2192,16.4918,0.0,0.0,40.6015,0.0,0.0,,0.0,0.0,0.0,0.0,1.332,0.0,0.0,1292.79,489.470001221,0.0,0.0,0.00153,0.0,10.2678,0.0,0.0,0.2041,493.61,444.412,30.5,0.0,0.0,0.0,0.0,387,12.1273,0.0,1319.4,0.0,22.988,0.0,18.866,0.0,3.86236,3.95644,0.0,0.0,0.0,0.0,35.4062,14.752,0.0,0.0,4.0012,24.01,0.0,18.8619,0.0,0.0,0.0
2023-12-06 19:45:00,48.3953,1572.06,0.0,0.0,16.48,24.7922,0.0,0.0,56.3602,0.0,0.0,21.442,2.9572,10.5959,0.0,2.2,0.0,0,2641.47,0.0,0.0,0.0,0.0,0.001526,30.2445,0.0,21.6776,14.8985,0.0,0.0,40.9522,0.0,0.0,,0.0,0.0,0.0,0.0,1.332,0.0,0.0,1281.88,462.420013428,0.0,0.0,0.00153,0.0,8.45502,0.0,0.0,0.25433,503.52,452.72,31.4,0.0,0.0,0.0,0.0,391,11.1202,0.0,1316.03,0.0,22.9545,0.0,17.908,0.0,4.23835,0.0205,0.0,0.0,0.0,0.0,50.8057,15.075,0.0,0.0,4.0012,24.11,0.0,19.0613,0.0,0.0,0.0
2023-12-06 19:50:00,49.3964,1576.6,0.0,0.0,13.25,25.2214,0.0,0.0,56.0985,0.0,0.0,31.2093,0.81849,10.3968,0.0,2.91,0.0,0,2644.77,0.0,0.0,0.0,0.0,0.001526,29.9146,0.0,16.4026,10.6225,0.0,0.0,40.7491,0.0,0.0,,0.0,0.0,0.0,0.0,1.332,0.0,0.0,1298.24,476.25,0.0,0.0,0.00153,0.0,9.31563,0.0,0.0,0.2041,496.74,453.037,31.1,0.0,0.0,0.0,0.0,392,10.8052,0.0,1320.91,0.0,23.0885,0.0,17.407,0.0,3.92279,3.49345,0.0,0.0,0.0,0.23777,14.8058,7.75955,0.0,0.0,4.0012,24.11,0.0,21.5448,0.0,0.0,0.0
2023-12-06 19:55:00,46.496,1571.98,0.0,0.0,9.93,26.6322,0.0,0.0,48.2976,0.0,0.0,32.9641,0.0,13.397,0.0,3.04,0.0,0,2644.21,0.0,0.0,0.0,0.0,0.001526,31.6145,0.0,18.5354,3.32259,0.0,0.0,40.8076,0.0,0.0,,0.0,0.0,0.0,0.0,1.332,0.0,0.0,1311.57,397.839996338,0.0,0.0,0.00153,0.0,7.70428,0.0,0.0,0.184,514.1,458.545,31.7,0.0,0.0,0.0,0.0,391,11.3362,0.0,1323.94,0.0,24.36,0.0,16.6072,0.0,4.03387,0.0895,0.0,0.0,0.0,1.24565,34.0753,24.5617,0.0,0.0,4.0012,24.31,0.0,23.8833,0.0,0.0,0.0
2023-12-06 20:00:00,43.9947,1571.18,0.0,0.0,8.17,24.6332,0.0,0.0,45.8718,0.0,0.0,27.8431,0.0,14.198,0.0,3.91,0.0,0,2634.0,0.0,0.0,0.0,0.0,0.001526,32.1945,0.0,19.1512,0.08286,0.0,0.0,40.7491,0.0,0.0,,0.0,0.0,0.0,0.0,1.332,0.0,0.0,1293.7,433.660003662,0.0,0.0,0.00153,0.0,6.60563,0.0,0.0,0.184,497.02,448.973,31.0,0.0,0.0,0.0,0.0,387,8.77272,0.0,1318.74,0.0,22.625,0.0,16.4138,0.0,2.01175,3.99844,0.0,0.0,0.0,0.0,14.8507,14.6742,0.0,0.0,4.0012,24.11,0.0,19.9314,0.0,0.0,0.0
2023-12-06 20:05:00,43.3964,1569.35,0.0,0.0,8.39,26.3433,0.0,0.0,44.4304,0.0,0.0,29.5064,0.0,9.79942,0.0,3.81,0.0,0,2643.23,0.0,0.0,0.0,0.0,0.001526,30.0445,0.0,16.6438,0.0289,0.0,0.0,40.4846,0.0,0.0,,0.0,0.0,0.0,0.0,1.332,0.0,0.0,1298.48,439.049987793,0.0,0.0,0.00153,0.0,9.45296,0.0,0.0,0.22419,508.47,355.545,31.1,0.0,0.0,0.0,0.0,387,7.1577,0.0,1317.23,0.0,22.9507,0.0,18.365,0.0,2.37736,0.0,0.0,0.0,0.0,0.0,40.8404,14.7191,0.0,0.0,4.0012,24.62,0.0,20.6928,0.0,0.0,0.0
2023-12-06 20:10:00,38.297,1570.52,0.0,0.0,7.37,28.0723,0.0,0.0,46.0085,0.0,0.0,28.954,0.0,5.39643,0.0,4.63,0.0,0,2641.45,0.0,0.0,0.0,0.0,0.001526,27.8246,0.0,10.0231,0.74064,0.0,0.0,40.7768,0.0,0.0,,0.0,0.0,0.0,0.0,1.332,0.0,0.0,1295.23,374.380004883,0.0,0.0,0.00153,0.0,9.79171,0.0,0.0,0.22419,497.33,351.471,31.1,0.0,0.0,0.0,0.0,388,5.87961,0.0,1315.64,0.0,33.4427,0.0,15.9128,0.0,1.69436,0.0,0.0,0.0,0.0,0.0,63.1546,24.5408,0.0,0.0,4.0012,24.83,0.0,21.1641,0.0,0.0,0.0
2023-12-06 20:15:00,37.1967,1570.98,0.0,0.0,4.94,25.9226,0.0,0.0,38.4693,0.0,0.0,26.5156,0.0,2.59976,0.0,4.02,0.0,0,2640.18,0.0,0.0,0.0,0.0,0.001526,24.7496,0.0,9.35024,1.34209,0.0,0.0,40.8353,0.0,0.0,,0.0,0.0,0.0,0.0,1.332,0.0,0.0,1300.87,347.040008545,0.0,0.0,0.00153,0.0,7.43877,0.0,0.0,0.2041,497.74,348.813,31.0,0.0,0.0,0.0,0.0,388,6.09201,0.0,1318.91,0.0,32.0391,0.0,16.8181,0.0,2.83024,0.0,0.0,0.0,0.0,0.0,63.7886,17.336,0.0,0.0,4.0012,24.98,0.0,21.0735,0.0,0.0,0.0
2023-12-06 20:20:00,37.6975,1587.71,0.0,0.0,3.42,27.5532,0.0,0.0,35.3248,0.0,0.0,24.2328,0.0,1.4979,0.0,4.88,0.0,0,2642.25,0.0,0.0,0.0,0.0,0.001526,22.2397,0.0,8.88051,1.07549,0.0,0.0,41.0414,0.0,0.0,,0.0,0.0,0.0,0.0,1.332,0.0,0.0,1303.36,367.730010986,0.0,0.0,0.00153,0.0,9.21492,0.0,0.0,0.22419,500.93,350.18,31.3,0.0,0.0,0.0,0.0,392,5.9089,0.0,1326.24,0.0,23.4199,0.0,14.4538,0.0,2.24063,0.0055,0.0,0.0,0.0,1.03929,42.928,6.37183,0.0,0.0,4.0012,24.98,0.0,20.9647,0.0,0.0,0.0
2023-12-06 20:25:00,35.5948,1580.33,0.0,0.0,3.77,24.6311,0.0,0.0,37.4889,0.0,0.0,24.6128,0.29847,0.79873,0.0,3.87,0.0,0,2651.11,0.0,0.0,0.0,0.0,0.001526,17.4297,0.0,7.96643,1.63091,0.0,0.0,40.6599,0.0,0.0,,0.0,0.0,0.0,0.0,1.332,0.0,0.0,1278.14,413.230010986,0.0,0.0,0.00153,0.0,10.6432,0.0,0.0,0.21414,495.01,346.415,30.7,0.0,0.0,0.0,0.0,386,6.76219,0.0,1318.74,0.0,23.0587,0.0,14.6824,0.0,1.9678,0.0,0.0,0.0,0.0,0.0,8.14835,1.46099,0.0,0.0,4.0012,24.9,0.0,19.6232,0.0,0.0,0.0
2023-12-06 20:30:00,39.2968,1580.94,0.0,0.0,4.09,27.7395,0.0,0.0,36.3052,0.0,0.0,24.9806,0.10925,0.79873,0.0,5.13,0.0,0,2656.14,0.0,0.0,0.0,0.0,0.001526,14.0648,0.0,4.90047,1.90307,0.0,0.0,40.6599,0.0,0.0,,0.0,0.0,0.0,0.0,1.332,0.0,0.0,1265.5,369.160003662,0.0,0.0,0.00153,0.0,11.9432,0.0,0.0,0.2041,495.3,349.756,31.0,0.0,0.0,0.0,0.0,392,7.97436,0.0,1319.77,0.0,3.70552,0.0,12.9597,0.0,2.94743,0.0,0.0,0.0,0.0,0.0015,0.0,0.02243,0.0,0.0,4.0012,24.47,0.0,17.5386,0.0,0.0,0.0
2023-12-06 20:35:00,35.0955,1584.63,0.0,0.0,3.99,30.6324,0.0,0.0,34.0122,0.0,0.0,25.2781,0.0,0.69696,0.0,5.72,0.0,0,2657.78,0.0,0.0,0.0,0.0,0.001526,11.6348,0.0,1.81546,2.62354,0.0,0.0,40.7184,0.0,0.0,,0.0,0.0,0.0,0.0,1.332,0.0,0.0,1249.56,323.600006104,0.0,0.0,0.00153,0.0,14.5159,0.0,0.0,0.19405,498.23,349.796,31.0,0.0,0.0,0.0,0.0,390,8.3003,0.0,1316.52,0.0,2.59414,0.0,14.8933,0.0,3.67498,0.0,0.0,0.0,0.0,0.24375,13.0413,5.07384,0.0,0.0,4.0012,23.87,0.0,17.6655,0.0,0.0,0.0
2023-12-06 20:40:00,30.5985,1584.17,0.0,0.0,3.18,31.6015,0.0,0.0,30.0825,0.0,0.0,26.5797,0.0,0.99786,0.0,6.21,0.0,0,2657.32,0.0,0.0,0.0,0.0,0.001526,8.68987,0.0,0.0,2.99489,0.0,0.0,40.8353,0.0,0.0,,0.0,0.0,0.0,0.0,1.332,0.0,0.0,1237.15,280.209991455,0.0,0.0,0.00153,0.0,17.4456,0.0,0.0,0.2041,502.26,352.234,31.4,0.0,0.0,0.0,0.0,392,9.07668,0.0,1322.55,0.0,2.60717,0.0,13.2937,0.0,4.9897,0.0,0.0,0.0,0.0,0.0015,0.01047,5.07384,0.0,0.0,4.0012,23.85,0.0,17.3392,0.0,0.0,0.0
2023-12-06 20:45:00,26.696,1584.7,0.0,0.0,2.73,38.4003,0.0,0.0,32.1802,0.0,0.0,26.6148,1.11818,0.49783,0.0,6.41,0.0,0,2656.85,0.0,0.0,0.0,0.0,0.001526,6.2699,0.0,0.0,2.5442,0.0,0.0,40.8353,0.0,0.0,,0.0,0.0,0.0,0.0,1.332,0.0,0.0,1222.63,314.359985352,0.0,0.0,0.00153,0.0,19.5239,0.0,0.0,0.2041,510.35,355.514,31.2,0.0,0.0,0.0,0.0,392,8.70314,0.0,1323.28,0.0,0.23177,0.0,13.4431,0.0,4.70405,0.0065,0.0,0.0,0.0,0.0,10.4512,0.0,0.0,0.0,4.34416,24.04,0.0,16.2696,0.0,0.0,0.0
2023-12-06 20:50:00,19.7945,1575.57,0.0,0.0,2.85,41.0504,0.0,0.0,31.1919,0.0,0.0,26.6926,3.03532,0.0,0.0,7.96,0.0,0,2647.62,0.0,0.0,0.0,0.0,0.001526,5.00492,0.0,0.0,2.7751,0.0,0.0,40.3677,0.0,0.0,,0.0,0.0,0.0,0.0,1.332,0.0,0.0,1187.59,297.029998779,0.0,0.0,0.00153,0.0,19.6338,0.0,0.0,0.22419,497.08,342.714,30.5,0.0,0.0,0.0,0.0,385,8.88624,0.0,1322.06,0.0,0.0,0.0,11.8874,0.0,3.67376,0.0,0.0,0.0,0.0,0.0,0.0,0.0,0.0,0.0,4.0012,24.08,0.0,12.6622,0.0,0.0,0.0
2023-12-06 20:55:00,22.2984,1581.77,0.0,0.0,3.87,40.4099,0.0,0.0,30.6723,0.0,0.0,25.6367,4.3061,0.0,0.0,6.87,0.0,0,2649.99,0.0,0.0,0.0,0.0,0.001526,3.68494,0.0,0.0,2.62275,0.0,0.0,40.7768,0.0,0.0,,0.0,0.0,0.0,0.0,1.332,0.0,0.0,1192.96,248.619995117,0.0,0.0,0.00153,0.0,24.4953,0.0,0.0,0.22419,497.86,345.238,30.5,0.0,0.0,0.0,0.0,388,10.1424,0.0,1325.58,0.0,0.0,0.0,10.2174,0.0,3.45464,0.0,0.0,0.0,0.0,0.0,0.0,0.0,0.0,0.0,4.0012,23.98,0.0,10.6138,0.0,0.0,0.0
2023-12-06 21:00:00,22.8938,1584.26,0.0,0.0,6.16,49.17,0.0,0.0,31.2622,0.0,0.0,25.5955,2.46647,0.0,0.0,7.13,0.0,0,2655.46,0.0,0.0,0.0,0.0,0.001526,3.01495,0.0,0.0,1.87292,0.0,0.0,40.3677,0.0,0.0,,0.0,0.0,0.0,0.0,1.332,0.0,0.0,1195.67,134.270004272,0.0,0.0,0.00153,0.0,29.723,0.0,0.0,0.21414,495.72,346.807,30.8,0.0,0.0,0.0,0.0,389,10.2339,0.0,1319.55,0.0,0.0,0.0,13.1091,0.0,4.08209,0.0065,0.0,0.0,0.0,0.0,0.0,0.0,0.0,0.0,4.0012,23.98,0.0,9.56237,0.0,0.0,0.0
2023-12-06 21:05:00,24.5973,1581.65,0.0,0.0,10.41,50.292,0.0,0.0,28.0473,0.0,0.0,26.4561,1.99771,0.0,0.0,5.92,0.0,0,2657.71,0.0,0.0,0.0,0.0,0.001526,2.72996,0.0,0.0,2.06653,0.0,0.0,40.7184,0.0,0.0,,0.0,0.0,0.0,0.0,1.332,0.0,0.0,1206.2,54.6399993896,0.0,0.0,0.00153,0.0,32.0211,0.0,0.0,0.22419,506.57,354.521,31.4,0.0,0.0,0.0,0.0,393,9.13527,0.0,1316.69,0.0,0.00093,0.0,12.1686,0.0,4.15045,0.0075,0.0,0.0,0.0,0.68339,14.8596,3.78781,0.0,0.0,4.0012,24.08,0.0,9.48986,0.0,0.0,0.0
2023-12-06 21:10:00,24.5964,1586.39,0.0,0.0,9.08,48.7744,0.0,0.0,25.4926,0.0,0.0,25.2567,1.08766,0.0,0.0,5.72,0.0,0,2655.63,0.0,0.0,0.0,0.0,0.001526,1.99997,0.0,0.0,1.25084,0.0,0.0,40.8937,0.0,0.0,,0.0,0.0,0.0,0.0,1.332,0.0,0.0,1200.38,106.569999695,0.0,0.0,0.00153,0.0,32.7718,0.0,0.0,0.184,500.62,350.965,31.0,0.0,0.0,0.0,0.0,393,8.01831,0.0,1320.26,0.0,0.00093,0.0,11.8171,0.0,2.97063,0.0,0.0,0.0,0.0,0.0015,9.13829,4.09287,0.0,0.0,4.0012,24.14,0.0,9.83429,0.0,0.0,0.0
2023-12-06 21:15:00,26.7998,1584.12,0.0,0.0,8.19,45.6513,0.0,0.0,25.2348,0.0,0.0,25.069,0.41932,0.0,0.0,5.51,0.0,0,2656.31,0.0,0.0,0.0,0.0,0.001526,1.77997,0.0,0.0,1.28179,0.0,0.0,40.7184,0.0,0.0,,0.0,0.0,0.0,0.0,1.332,0.0,0.0,1202.53,148.789993286,0.0,0.0,0.00153,0.0,32.314,0.0,0.0,0.21414,501.81,351.232,31.3,0.0,0.0,0.0,0.0,390,6.83177,0.0,1323.01,0.0,2.1306,0.0,11.0612,0.0,3.48699,0.0,0.0,0.0,0.0,0.0,11.3275,3.83566,0.0,0.0,4.0012,24.03,0.0,11.067,0.0,0.0,0.0
2023-12-06 21:20:00,25.999,1580.63,0.0,0.0,9.0,45.262,0.0,0.0,23.3324,0.0,0.0,25.1392,0.11902,0.0,0.0,5.9,0.0,0,2652.63,0.0,0.0,0.0,0.0,0.001526,1.71997,0.0,0.0,1.49285,0.0,0.0,40.9245,0.0,0.0,,0.0,0.0,0.0,0.0,1.332,0.0,0.0,1197.19,94.7600021362,0.0,0.0,0.00153,0.0,34.5022,0.0,0.0,0.19405,495.62,350.325,31.1,0.0,0.0,0.0,0.0,389,5.60128,0.0,1322.01,0.0,2.99625,0.0,11.0964,0.0,5.18746,0.0,0.0,0.0,0.0,0.0,8.33677,0.0015,0.0,0.0,4.0012,24.03,0.0,11.2664,0.0,0.0,0.0
2023-12-06 21:25:00,21.9947,1582.73,0.0,0.0,7.71,44.9019,0.0,0.0,20.3792,0.0,0.0,23.5264,0.8777,0.0,0.0,5.03,0.0,0,2656.46,0.0,0.0,0.0,0.0,0.001526,1.29498,0.0,0.0,1.88562,0.0,0.0,40.5738,0.0,0.0,,0.0,0.0,0.0,0.0,1.332,0.0,0.0,1201.46,25.9500007629,0.0,0.0,0.00153,0.0,41.3871,0.0,0.0,0.22419,503.88,350.976,31.3,0.0,0.0,0.0,0.0,388,6.00412,0.0,1320.57,0.0,2.22927,0.0,9.54067,0.0,10.0844,0.0095,0.0,0.0,0.0,0.12711,13.8338,5.03795,0.0,0.0,4.0012,24.03,0.0,11.2301,0.0,0.0,0.0
2023-12-06 21:30:00,17.3975,1581.77,0.0,0.0,6.25,43.7821,0.0,0.0,21.0355,0.0,0.0,24.9729,1.24758,0.0,0.0,6.63,0.0,0,2651.8,0.0,0.0,0.0,0.0,0.001526,2.76496,0.0,0.0,1.79437,0.0,0.0,40.3677,0.0,0.0,,0.0,0.0,0.0,0.0,1.332,0.0,0.0,1197.82,6.59000015259,0.0,0.0,0.00153,0.0,54.7997,0.0,0.0,0.184,501.21,350.237,31.3,0.0,33.3166,0.0,0.0,390,5.561,0.0,1317.81,0.0,3.17496,0.0,8.46839,0.0,13.0513,0.0075,0.0,0.0,0.0,0.07626,8.46836,3.96426,0.0,0.0,4.0012,24.15,0.0,10.65,0.0,0.0,0.0
2023-12-06 21:35:00,15.396,1588.66,0.0,0.0,6.2,44.9919,0.0,0.0,21.8871,0.0,0.0,25.417,1.11818,0.2987,0.0,6.05,0.0,0,2662.56,0.0,0.0,0.0,0.0,0.001526,2.92496,0.0,0.0,1.95941,0.0,0.0,40.6322,0.0,0.0,,0.0,0.0,0.0,0.0,1.332,0.0,0.0,1217.79,188.830001831,0.0,0.0,0.00153,0.0,73.3028,0.0,0.0,0.19405,244.72,361.01,31.6,0.0,0.0,0.0,0.0,395,4.27924,0.0,1317.11,0.0,2.32979,0.0,8.67054,0.0,12.6607,0.2715,0.0,0.0,0.0,2.85469,34.7453,0.94957,0.0,0.0,4.0012,22.13,0.0,8.0759,0.0,0.0,0.0
2023-12-06 21:40:00,13.9996,1583.07,0.0,0.0,5.28,42.6915,0.0,0.0,23.9886,0.0,0.0,26.7109,0.92653,0.69696,0.0,6.58,0.0,0,2653.53,0.0,0.0,0.0,0.0,0.001526,3.12495,0.0,0.0,1.85705,0.0,0.0,40.7491,0.0,0.0,,0.0,0.0,0.0,0.0,1.332,0.0,0.0,1202.56,222.089996338,0.0,0.0,0.00153,0.0,85.0034,0.0,0.0,0.2041,250.24,350.052,30.9,0.0,0.0,0.0,0.0,390,3.95697,0.0,1324.04,0.0,3.92332,0.0,9.54946,0.0,16.9821,0.0,0.0,0.0,0.0,0.0,0.29459,3.21956,0.0,0.0,4.0012,22.47,0.0,6.28125,0.0,0.0,0.0
2023-12-06 21:45:00,13.6969,1587.66,0.0,0.0,2.12,36.6923,0.0,0.0,24.1801,0.0,0.0,27.2587,0.56764,1.29877,0.0,4.84,0.0,0,2656.12,0.0,0.0,0.0,0.0,0.001526,3.24995,0.0,0.0,1.74676,0.0,0.0,40.543,0.0,0.0,,0.0,0.0,0.0,0.0,1.332,0.0,0.0,1198.77,170.5,0.0,0.0,0.00153,0.0,94.7997,0.0,0.0,0.21414,253.91,354.688,30.9,0.0,0.41199,0.0,0.0,386,4.01923,0.0,1323.94,0.0,1.65403,0.0,8.25745,0.0,17.4826,0.0,0.0,0.0,0.0,0.0,13.2566,0.0,0.0,0.0,4.0012,22.49,0.0,5.24797,0.0,0.0,0.0
2023-12-06 21:50:00,14.3956,1576.67,0.0,0.0,0.04,39.3339,0.0,0.0,24.7035,0.0,0.0,25.478,0.40833,1.69703,0.0,6.37,0.0,0,2649.09,0.0,0.0,0.0,0.0,0.001526,3.51995,0.0,0.0,1.4381,0.0,0.0,40.9522,0.0,0.0,,0.0,0.0,0.0,0.0,1.332,0.0,0.0,1189.59,84.4199981689,0.0,0.0,0.00153,0.0,92.8222,0.0,0.0,0.19405,248.94,348.85,30.9,0.0,0.31312,0.0,0.0,386,2.86381,0.0,1318.86,0.0,2.70025,0.0,7.61584,0.0,16.9394,0.0,0.0,0.0,0.0,0.0,3.69809,0.0,0.0,0.0,4.0012,22.37,0.0,5.84619,0.0,0.0,0.0
2023-12-06 21:55:00,13.9978,1584.48,0.0,0.0,0.0,38.5322,0.0,0.0,23.5941,0.0,0.0,25.1453,0.16907,1.79881,0.0,5.66,0.0,0,2656.97,0.0,0.0,0.0,0.0,0.001526,3.42995,0.0,0.0,1.12151,0.0,0.0,40.7768,0.0,0.0,,0.0,0.0,0.0,0.0,1.332,0.0,0.0,1202.83,96.5999984741,0.0,0.0,0.00153,0.0,93.8018,0.0,0.0,0.21414,249.86,351.28,30.9,0.0,0.40101,0.0,0.0,393,2.2266,0.0,1295.25,0.0,2.88083,0.0,9.11879,0.0,13.9828,0.0305,0.0,0.0,0.0,0.31254,8.80632,0.53385,0.0,0.0,4.0012,22.42,0.0,6.39002,0.0,0.0,0.0
2023-12-06 22:00:00,13.8962,1576.94,0.0,0.0,0.0,34.8921,0.0,0.0,17.5628,0.0,0.0,23.7873,0.0,0.49783,0.0,6.21,0.0,0,2647.87,0.0,0.0,0.0,0.0,0.001526,3.17995,0.0,0.0,1.06517,0.0,0.0,40.6907,0.0,0.0,,0.0,0.0,0.0,0.0,1.332,0.0,0.0,1191.77,108.040000916,0.0,0.0,0.00153,0.0,87.5029,0.0,0.0,0.23424,248.68,346.349,30.6,0.0,0.0,0.0,0.0,387,1.61501,0.0,1278.53,0.0,0.0,0.0,8.47718,0.0,12.2371,0.0,0.0,0.0,0.0,0.0,0.0,0.0,0.0,0.0,4.0012,22.21,0.0,5.77368,0.0,0.0,0.0
2023-12-06 22:05:00,14.0976,1582.65,0.0,0.0,0.0,42.1514,0.0,0.0,16.7112,0.0,0.0,22.092,0.0,0.39605,0.0,5.42,0.0,0,2665.47,0.0,0.0,0.0,0.0,0.001526,2.88996,0.0,0.0,1.41827,0.0,0.0,40.9829,0.0,0.0,,0.0,0.0,0.0,0.0,1.332,0.0,0.0,1217.5,0.0,0.0,0.0,0.00153,0.0,78.8052,0.0,0.0,0.21414,255.64,355.767,31.8,0.0,6.14694,0.0,0.0,393,1.31838,0.0,1261.2,0.0,2.2181,0.0,8.75843,0.0,12.3201,0.1945,0.0,0.0,0.0,2.92049,20.572,1.17089,0.0,0.0,4.0012,22.41,0.0,5.80993,0.0,0.0,0.0
2023-12-06 22:10:00,11.2942,1567.0,0.0,0.0,0.0,39.1309,0.0,0.0,13.8947,0.0,0.0,21.4023,0.0,0.0,0.0,6.1,0.0,0,2640.64,0.0,0.0,0.0,0.0,0.001526,2.67996,0.0,0.0,0.84697,0.0,0.0,40.6599,0.0,0.0,,0.0,0.0,0.0,0.0,1.332,0.0,0.0,1180.88,14.3999996185,0.0,0.0,0.00153,0.0,79.3454,0.0,0.0,0.19405,245.7,342.828,30.3,0.0,117.627,0.0,0.0,385,1.71756,0.0,1312.22,0.0,0.0,0.0,9.18911,0.0,12.8731,0.0,0.0,0.0,0.0,0.0,0.0,0.0,0.0,0.0,4.0012,22.39,0.0,5.17546,0.0,0.0,0.0
2023-12-06 22:15:00,13.6941,1580.53,0.0,0.0,0.0,42.4005,0.0,0.0,6.35752,0.0,0.0,19.9588,0.0,0.49783,0.0,5.23,0.0,0,2654.53,0.0,0.0,0.0,0.0,0.001526,2.30996,0.0,0.0,0.46213,0.0,0.0,40.6322,0.0,0.0,,0.0,0.0,0.0,0.0,1.332,0.0,0.0,1192.21,0.0,0.0,0.0,0.00153,0.0,83.8499,0.0,0.0,0.2041,249.22,346.78,30.9,0.0,113.441,0.0,0.0,388,2.33646,0.0,1269.55,0.0,0.0,0.0,8.00256,0.0,17.966,0.0,0.0,0.0,0.0,0.0,0.0,0.0,0.0,0.0,4.0012,22.57,0.0,5.62866,0.0,0.0,0.0
2023-12-06 22:20:00,13.2977,1581.38,0.0,0.0,0.0,41.9923,0.0,0.0,0.0,0.0,0.0,18.3658,0.0,2.3962,0.0,5.55,0.0,0,2658.54,0.0,0.0,0.0,0.0,0.001526,1.92997,0.0,0.0,0.11063,0.0,0.0,40.6015,0.0,0.0,,0.0,0.0,0.0,0.0,1.332,0.0,0.0,1200.99,0.0,0.0,0.0,0.00153,0.0,84.6555,0.0,0.0,0.2041,253.85,354.691,30.9,0.0,118.066,0.0,0.0,390,2.56352,0.0,1263.3,0.0,0.13124,0.0,6.90391,0.0,18.9877,0.0,0.0,0.0,0.0,0.0,0.0,0.0,0.0,0.0,4.0012,22.48,0.0,5.82806,0.0,0.0,0.0
2023-12-06 22:25:00,15.8965,1579.85,0.0,0.0,0.0,42.0824,0.0,0.0,0.0,0.0,0.0,16.8811,0.5774,3.59983,0.0,5.31,0.0,0,2660.93,0.0,0.0,0.0,0.0,0.001526,2.24997,0.0,0.0,0.0,0.0,0.0,40.3092,0.0,0.0,,0.0,0.0,0.0,0.0,1.332,0.0,0.0,1202.19,0.0,0.0,0.0,0.00153,0.0,80.3708,0.0,0.0,0.21414,253.59,354.718,31.5,0.0,124.999,0.0,0.0,391,2.88212,0.0,1259.83,0.0,0.16103,0.0,5.88437,0.0,20.2219,0.0,0.0,0.0,0.0,0.0,0.0,0.0,0.0,0.0,4.0012,22.24,0.0,6.62568,0.0,0.0,0.0
2023-12-06 22:30:00,13.3989,1583.34,0.0,0.0,0.0,34.6911,0.0,0.0,0.0,0.0,0.0,15.8968,2.04654,4.49813,0.0,5.08,0.0,0,2656.73,0.0,0.0,0.0,0.0,0.001526,2.79496,0.0,0.0,0.0,0.0,0.0,40.4846,0.0,0.0,,0.0,0.0,0.0,0.0,1.332,0.0,0.0,1199.82,0.0,0.0,0.0,0.00153,0.0,88.4184,0.0,0.0,0.2041,251.9,349.086,30.9,0.0,127.009,0.0,0.0,387,3.78668,0.0,1309.61,0.0,0.0,0.0,5.10213,0.0,24.603,0.0,0.0,0.0,0.0,0.0,0.0,0.0,0.0,0.0,4.0012,22.33,0.0,6.53504,0.0,0.0,0.0
2023-12-06 22:35:00,12.5938,1583.85,0.0,0.0,0.0,39.8028,0.0,0.0,0.0,0.0,0.0,14.6364,2.62638,4.79904,0.0,4.21,0.0,0,2651.31,0.0,0.0,0.0,0.0,0.001526,3.00495,0.0,0.0,0.0,0.0,0.0,40.4846,0.0,0.0,,0.0,0.0,0.0,0.0,1.332,0.0,0.0,1194.55,0.0,0.0,0.0,0.00153,0.0,107.269,0.0,0.0,0.2041,119.58,347.7,30.7,0.0,128.009,0.0,0.0,354,4.59419,0.0,1321.4,0.0,0.0,0.0,4.6363,0.0,19.9057,0.0,0.0,0.0,0.0,0.0,0.0,0.0,0.0,0.0,4.0012,22.47,0.0,4.52287,0.0,0.0,0.0
2023-12-06 22:40:00,13.6947,1585.0,0.0,0.0,0.0,40.1021,0.0,0.0,0.0,0.0,0.0,15.6374,2.74601,5.89647,0.0,4.17,0.0,0,2657.34,0.0,0.0,0.0,0.0,0.001526,3.37495,0.0,0.0,0.0,0.0,0.0,40.8076,0.0,0.0,,0.0,0.0,0.0,0.0,1.332,0.0,0.0,1200.7,0.0,0.0,0.0,0.00153,0.0,112.287,0.0,0.0,0.19405,0.35,353.182,31.0,0.0,130.921,0.0,0.0,317,4.49165,0.0,1318.94,0.0,0.0,0.0,4.03864,0.0,20.9995,0.0,0.0,0.0,0.0,0.10318,0.163,0.0,0.0,0.0,4.0012,22.33,0.0,3.39895,0.0,0.0,0.0
2023-12-06 22:45:00,14.1972,1578.04,0.0,0.0,0.0,41.3602,0.0,0.0,0.0,0.0,0.0,15.0301,3.81659,6.79919,0.0,4.22,0.0,0,2657.85,0.0,0.0,0.0,0.0,0.001526,3.89494,0.0,0.0,0.0,0.0,0.0,40.5123,0.0,0.0,,0.0,0.0,0.0,0.0,1.332,0.0,0.0,1193.99,0.0,0.0,0.0,0.00153,0.0,112.863,0.0,0.0,0.17395,0.0,347.116,30.6,0.0,130.8,0.0,0.0,277,6.04074,0.0,1318.62,0.0,0.06981,0.0,3.81012,0.0,22.5901,0.0,0.0,0.0,0.0,0.0,11.5817,0.0,0.0,0.0,4.0012,22.52,0.0,1.54992,0.0,0.0,0.0
2023-12-06 22:50:00,13.3961,1588.78,0.0,0.0,0.0,48.9126,0.0,0.0,0.0,0.0,0.0,13.8842,4.33478,7.09567,0.0,3.35,0.0,0,2660.44,0.0,0.0,0.0,0.0,0.001526,4.58493,0.0,0.0,0.0,0.0,0.0,40.8076,0.0,0.0,,0.0,0.0,0.0,0.0,1.332,0.0,0.0,1203.78,0.0,0.0,0.0,0.00153,0.0,112.36,0.0,0.0,0.19405,0.0,353.711,30.9,0.0,128.141,0.0,0.0,244,8.38087,0.0,1320.35,0.0,0.0,0.0,4.44294,0.0,20.7028,0.0075,0.0,0.0,0.0,0.0015,0.0,0.0,0.0,0.0,4.0012,22.54,0.0,0.0,0.0,0.0,0.0
2023-12-06 22:55:00,10.098,1554.75,0.0,0.0,0.0,47.8011,0.0,0.0,0.0,0.0,0.0,14.5617,4.84504,6.89654,0.0,3.19,0.0,0,2631.09,0.0,0.0,0.0,0.0,0.001526,5.08492,0.0,0.0,0.0,0.0,0.0,41.0106,0.0,0.0,,0.0,0.0,0.0,0.0,1.332,0.0,0.0,1167.89,0.0,0.0,0.0,0.00153,0.0,109.76,0.0,0.0,0.184,0.0,338.258,30.3,0.0,127.855,0.0,0.0,204,10.0984,0.0,1278.68,0.0,0.0,0.0,4.58357,0.0,20.8786,0.0,0.0,0.0,0.0,0.0,0.0,0.0,0.0,0.0,4.0012,22.43,0.0,0.0,0.0,0.0,0.0
2023-12-06 23:00:00,9.69643,1580.51,0.0,0.0,0.0,57.6623,0.0,0.0,0.0,0.0,0.0,13.341,6.01572,8.69757,0.0,3.53,0.0,0,2645.69,0.0,0.0,0.0,0.0,0.001526,5.52492,0.0,0.0,0.0,0.0,0.0,40.7768,0.0,0.0,,0.0,0.0,0.0,0.0,1.332,0.0,0.0,1149.85,39.4099998474,0.0,0.0,0.00153,0.0,102.976,0.0,0.0,0.19405,0.0,351.14,30.9,0.0,131.525,0.0,0.0,163,10.6734,0.0,1232.56,0.0,0.07167,0.0,4.00348,0.0,19.8886,0.0885,0.0,0.0,0.0,0.85087,0.65946,0.36936,0.0,0.0,4.0012,22.31,0.0,0.0,0.0,0.0,0.0
2023-12-06 23:05:00,9.39414,1588.39,0.0,0.0,0.0,60.6723,0.0,0.0,0.0,0.0,0.0,14.4198,7.02647,8.79934,0.0,2.94,0.0,0,2675.77,0.0,0.0,0.0,0.0,0.001526,5.41492,0.0,0.0,0.0,0.0,0.0,40.6907,0.0,0.0,,0.0,0.0,0.0,0.0,1.332,0.0,0.0,1197.92,0.0,0.0,0.0,0.00153,0.0,108.35,0.0,0.0,0.2041,0.0,363.552,31.9,0.0,128.295,0.0,0.0,66,10.6624,0.0,1257.88,0.0,0.1089,0.0,3.13335,0.0,20.3488,0.2455,0.0,0.0,0.0,0.0,1.36828,11.5608,0.0,0.0,4.0012,22.29,0.0,0.0,0.0,0.0,0.0
2023-12-06 23:10:00,7.69627,1578.84,0.0,0.0,0.0,60.4212,0.0,0.0,0.0,0.0,0.0,11.6518,6.77501,8.29931,0.0,2.27,0.0,0,2674.97,0.0,0.0,0.0,0.0,0.001526,6.3599,0.0,0.0,0.0,0.0,0.0,41.0414,0.0,0.0,,0.0,0.0,0.0,0.0,1.332,0.0,0.0,1212.86,57.3699989319,0.0,0.0,0.00153,0.0,109.796,0.0,0.0,0.17395,0.0,351.412,31.3,0.0,131.756,0.0,0.0,26,11.3582,0.0,1303.51,0.0,1.08066,0.0,3.71344,0.0,19.7336,0.0,0.0,0.0,0.0,0.0,17.2014,9.33269,0.0,0.0,4.0012,22.22,0.0,0.0,0.0,0.0,0.0
2023-12-06 23:15:00,5.59846,1574.65,0.0,0.0,0.0,50.7609,0.0,0.0,0.0,0.0,0.0,9.02266,6.80369,6.79919,0.0,2.4,0.0,0,2668.55,0.0,0.0,0.0,0.0,0.001526,6.7499,0.0,0.0,0.0,0.0,0.0,40.7768,0.0,0.0,,0.0,0.0,0.0,0.0,1.332,0.0,0.0,1218.7,38.8499984741,0.0,0.0,0.00153,0.0,98.7457,0.0,0.0,0.1639,0.0,344.264,30.7,0.0,137.897,0.0,0.0,0,12.1309,0.0,1294.77,0.0,0.0,0.0,4.46931,0.0,16.8881,0.0,0.0,0.0,0.0,0.0015,13.1758,0.0,0.0,0.0,4.0012,22.51,0.0,0.0,0.0,0.0,0.0
2023-12-06 23:20:00,2.69909,1588.49,0.0,0.0,0.0,53.9426,0.0,0.0,6.55283,0.0,0.0,9.26833,7.54345,5.79912,0.0,1.68,0.0,0,2676.04,0.0,0.0,0.0,0.0,0.001526,6.16991,0.0,0.0,0.0,0.0,0.0,40.7184,0.0,0.0,,0.0,0.0,0.0,0.0,1.332,0.0,0.0,1249.43,0.0,0.0,0.0,0.00153,0.0,97.6562,0.0,0.0,0.19405,0.0,358.56,31.6,0.0,134.118,0.0,0.0,0,12.2957,0.0,1266.35,0.0,0.64877,0.0,4.43415,0.0,17.4655,0.1265,0.0,0.0,0.0,1.06621,19.3488,11.6475,0.0,0.0,4.0012,22.61,0.0,0.0,0.0,0.0,0.0
2023-12-06 23:25:00,1.09621,1585.36,0.0,0.0,0.0,56.04,0.0,0.0,6.42393,0.0,0.0,7.51965,8.13306,5.69734,0.0,1.47,0.0,0,2675.72,0.0,0.0,0.0,0.0,0.001526,6.02991,0.0,0.0,0.0,0.0,0.0,40.6907,0.0,0.0,,0.0,0.0,0.0,0.0,1.332,0.0,0.0,1273.63,0.0,0.0,0.0,0.00153,0.0,91.2291,0.0,0.0,0.19405,0.0,367.747,31.7,0.0,140.215,0.0,0.0,0,11.783,0.0,1314.3,0.0,1.13092,0.0,3.81891,0.0,17.2055,0.1755,0.0,0.0,0.0,2.32831,2.38813,11.0584,0.0,0.0,4.0012,22.34,0.0,0.0,0.0,0.0,0.0
2023-12-06 23:30:00,1.19875,1585.68,0.0,0.0,0.0,55.7344,0.0,0.0,0.0,0.0,0.0,5.81064,8.55421,7.59571,0.0,1.24,0.0,0,2673.48,0.0,0.0,0.0,0.0,0.001526,6.3499,0.0,0.0,0.0,0.0,0.0,40.7768,0.0,0.0,,0.0,0.0,0.0,0.0,1.332,0.0,0.0,1250.75,0.0,0.0,0.0,0.00153,0.0,90.3685,0.0,0.0,0.1639,0.0,347.336,30.8,0.0,136.864,0.0,0.0,0,11.6548,0.0,1319.21,0.0,0.0,0.0,3.84527,0.0,17.3739,0.0055,0.0,0.0,0.0,0.0,12.3803,8.13638,0.0,0.0,4.0012,22.3,0.0,0.0,0.0,0.0,0.0
2023-12-06 23:35:00,0.29541,1580.75,0.0,0.0,0.0,50.0136,0.0,0.0,0.0,0.0,0.0,5.65499,8.66407,8.79934,0.0,1.11,0.0,0,2673.14,0.0,0.0,0.0,0.0,0.001526,6.7249,0.0,0.0,0.0,0.0,0.0,40.6907,0.0,0.0,,0.0,0.0,0.0,0.0,1.332,0.0,0.0,1244.94,0.0,0.0,0.0,0.00153,0.0,98.4527,0.0,0.0,0.15386,0.0,350.657,30.7,0.0,139.04,0.0,0.0,0,13.6764,0.0,1315.67,0.0,2.62206,0.0,2.73783,0.0,16.893,0.0,0.0,0.0,0.0,0.0,8.92894,6.18042,0.0,0.0,4.0012,22.22,0.0,0.0,0.0,0.0,0.0
2023-12-06 23:40:00,0.29541,1581.99,0.0,0.0,0.0,53.4905,0.0,0.0,0.0,0.0,0.0,6.12345,8.54444,9.59587,0.0,1.18,0.0,0,2675.02,0.0,0.0,0.0,0.0,0.001526,7.48489,0.0,0.0,0.0,0.0,0.0,40.6015,0.0,0.0,,0.0,0.0,0.0,0.0,1.332,0.0,0.0,1246.31,0.0,0.0,0.0,0.00153,0.0,99.414,0.0,0.0,0.17395,0.0,350.227,31.1,0.0,142.742,0.0,0.0,0,14.8483,0.0,1319.55,0.0,0.0,0.0,1.90286,0.0,16.9552,0.0,0.0,0.0,0.0,0.0,9.75738,6.62306,0.0,0.0,4.0012,22.33,0.0,0.0,0.0,0.0,0.0
2023-12-06 23:45:00,0.0,1586.07,0.0,0.0,0.0,56.7119,0.0,0.0,0.0,0.0,0.0,6.70024,10.3145,9.1976,0.0,1.11,0.0,0,2676.82,0.0,0.0,0.0,0.0,0.001526,8.95486,0.0,0.0,0.0,0.0,0.0,40.7184,0.0,0.0,,0.0,0.0,0.0,0.0,1.332,0.0,0.0,1251.85,0.0,0.0,0.0,0.00153,0.0,97.9217,0.0,0.0,0.17395,0.0,355.724,31.1,0.0,145.269,0.0,0.0,0,15.7748,0.0,1273.92,0.0,3.12656,0.0,1.19094,0.0,19.1574,0.0525,0.0,0.0,0.0,0.12412,0.10019,3.83566,0.0,0.0,4.34416,22.39,0.0,0.0,0.0,0.0,0.0
2023-12-06 23:50:00,0.0,1582.97,0.0,0.0,0.0,61.4531,0.0,0.0,0.0,0.0,0.0,6.46677,11.8746,6.49828,0.0,1.02,0.0,0,2674.02,0.0,0.0,0.0,0.0,0.001526,9.97485,0.0,0.0,0.23203,0.0,0.0,40.7184,0.0,0.0,,0.0,0.0,0.0,0.0,1.332,0.0,0.0,1245.45,0.0,0.0,0.0,0.00153,0.0,98.0316,0.0,0.0,0.17395,0.0,346.044,30.8,0.0,144.203,0.0,0.0,0,15.295,0.0,1261.56,0.0,0.0,0.0,0.61964,0.0,18.038,0.0,0.0,0.0,0.0,0.0,0.0,0.0,0.0,0.0,4.34416,22.43,0.0,0.0,0.0,0.0,0.0
2023-12-06 23:55:00,0.0,1581.68,0.0,0.0,0.0,57.5199,0.0,0.0,0.0,0.0,0.0,6.60105,12.4642,3.69718,0.0,0.82,0.0,0,2672.43,0.0,0.0,0.0,0.0,0.001526,10.4348,0.0,0.47291,0.78825,0.0,0.0,40.5738,0.0,0.0,,0.0,0.0,0.0,0.0,1.332,0.0,0.0,1243.99,0.0,0.0,0.0,0.00153,0.0,96.5393,0.0,0.0,0.1639,0.0,348.55,30.5,0.0,147.082,0.0,0.0,0,14.5187,0.0,1259.73,0.0,0.0,0.0,0.0,0.0,18.0539,0.0,0.0,0.0,0.0,0.0,0.0,0.0,0.0,0.0,4.34416,22.31,0.0,0.0,0.0,0.0,0.0
2023-12-07 00:00:00,0.0,1586.85,0.0,0.0,0.0,65.2795,0.0,0.0,0.0,0.0,0.0,5.05379,12.574,1.89616,0.0,0.69,0.0,0,2679.61,0.0,0.0,0.0,0.0,0.001526,10.5648,0.0,0.0,1.51666,0.0,0.0,40.866,0.0,0.0,,0.0,0.0,0.0,0.0,1.332,0.0,0.0,1214.5,0.0,0.0,0.0,0.00153,0.0,91.5404,0.0,0.0,0.2041,0.0,353.435,30.9,0.0,147.389,0.0,0.0,0,15.5111,0.0,1243.01,0.0,0.04561,0.0,0.0,0.0,18.7753,0.0,0.0,0.0,0.0,0.42618,0.6146,0.10617,0.0,0.0,4.34416,22.28,0.0,0.0,0.0,0.0,0.0
2023-12-07 00:05:00,0.0,1584.29,0.0,0.0,0.0,62.3114,0.0,0.0,0.0,0.0,0.0,3.56985,11.5853,1.09964,0.0,1.05,0.0,0,2675.77,0.0,0.0,0.0,0.0,0.001526,11.5748,0.0,0.0,2.09271,0.0,0.0,40.4538,0.0,0.0,,0.0,0.0,0.0,0.0,1.332,0.0,0.0,1217.69,0.0,0.0,0.0,0.00153,0.0,87.4846,0.0,0.0,0.19405,0.0,347.454,30.5,0.0,149.191,0.0,0.0,0,16.3461,0.0,1260.59,0.0,1.75642,0.0,0.0,0.0,17.64,0.0,0.0,0.0,0.0,0.20786,0.20188,0.05533,0.0,0.0,4.34416,22.32,0.0,0.0,0.0,0.0,0.0
2023-12-07 00:10:00,0.0,1580.97,0.0,0.0,0.0,62.4537,0.0,0.0,0.0,0.0,0.0,2.18509,10.8333,0.49783,0.0,0.84,0.0,0,2674.87,0.0,0.0,0.0,0.0,0.001526,13.1948,0.0,0.0,2.83223,0.0,0.0,41.0998,0.0,0.0,,0.0,0.0,0.0,0.0,1.332,0.0,0.0,1230.85,0.0,0.0,0.0,0.00153,0.0,81.4877,0.0,0.0,0.17395,0.0,362.606,31.7,0.0,150.18,0.0,0.0,0,18.0526,0.0,1260.22,0.0,3.309,0.0,0.0,0.0,16.6574,0.1525,0.0,0.0,0.0,1.23668,0.08823,0.0015,0.0,0.0,4.34416,22.42,0.0,0.0,0.0,0.0,0.0
2023-12-07 00:15:00,0.0,1583.63,0.0,0.0,0.0,58.7424,0.0,0.0,0.0,0.0,0.0,0.0,11.8135,0.0,0.0,0.4,0.0,0,2671.38,0.0,0.0,0.0,0.0,0.001526,14.5948,0.0,1.23781,3.03139,0.0,0.0,40.9522,0.0,0.0,,0.0,0.0,0.0,0.0,1.332,0.0,0.0,1216.72,0.0,0.0,0.0,0.00153,0.0,81.9272,0.0,0.0,0.184,0.0,346.401,30.8,0.0,148.905,0.0,0.0,0,19.6091,0.0,1261.78,0.0,0.0,0.0,0.0,0.0,19.3747,0.0,0.0,0.0,0.0,0.0,0.0,0.0,0.0,0.0,4.34416,22.52,0.0,0.0,0.0,0.0,0.0
2023-12-07 00:20:00,0.0,1581.7,0.0,0.0,0.0,58.7131,0.0,0.0,0.0,0.0,0.0,0.0,13.7227,0.0,0.0,0.0,0.0,0,2673.06,0.0,0.0,0.0,0.0,0.001526,15.5648,0.0,3.18975,3.60665,0.0,0.0,40.3954,0.0,0.0,,0.0,0.0,0.0,0.0,1.332,0.0,0.0,1210.15,0.0,0.0,0.0,0.00153,0.0,83.2273,0.0,0.0,0.19405,0.0,350.28,31.1,0.0,149.323,0.0,0.0,0,20.7993,0.0,1254.87,0.0,0.0,0.0,0.0,0.0,18.6777,0.0095,0.0,0.0,0.0,0.0,0.0,0.09122,0.0,0.0,4.34416,22.35,0.0,0.0,0.0,0.0,0.0
2023-12-07 00:25:00,1.0,1582.58,0.0,0.0,0.0,58.3824,0.0,0.0,0.0,0.0,0.0,0.0,14.0438,0.0,0.0,0.02,0.0,0,2672.45,0.0,0.0,0.0,0.0,0.001526,17.0497,0.0,2.34867,4.20493,0.0,0.0,40.543,0.0,0.0,,0.0,0.0,0.0,0.0,1.332,0.0,0.0,1189.69,0.0,0.0,0.0,0.00153,0.0,80.3708,0.0,0.0,0.184,0.0,346.92,30.9,0.0,145.664,0.0,0.0,0,22.1872,0.0,1258.24,0.0,2.43777,0.0,0.0,0.0,16.7147,0.0045,0.0,0.0,0.0,0.0,0.11814,0.0643,0.0,0.0,4.34416,22.4,0.0,0.0,0.0,0.0,0.0
2023-12-07 00:30:00,3.89478,1588.05,0.0,0.0,0.0,61.7629,0.0,0.0,0.0,0.0,0.0,0.0,14.6542,0.0,0.0,0.14,0.0,0,2675.53,0.0,0.0,0.0,0.0,0.001526,19.3297,0.0,5.7955,4.55961,0.0,0.0,40.5738,0.0,0.0,,0.0,0.0,0.0,0.0,1.332,0.0,0.0,1177.31,0.0,0.0,0.0,0.00153,0.0,75.7839,0.0,0.0,0.17395,0.0,358.823,31.5,0.0,145.741,0.0,0.0,0,24.7178,0.0,1218.86,0.0,2.2032,0.0,0.0,0.0,17.2579,0.0055,0.0,0.0,0.0,0.17496,0.0,0.0,0.0,0.0,4.34416,22.12,0.0,1.20549,0.0,0.0,0.0
2023-12-07 00:35:00,7.39475,1586.9,0.0,0.0,0.0,58.7298,0.0,0.0,0.0,0.0,0.0,0.0,16.694,0.0,0.0,0.08,0.0,0,2649.41,0.0,0.0,0.0,0.0,0.001526,21.8697,0.0,8.07434,4.79765,0.0,0.0,40.7491,0.0,0.0,,0.0,0.0,0.0,0.0,1.332,0.0,0.0,1204.78,0.0,0.0,0.0,0.00153,0.0,68.8808,0.0,0.0,0.19405,0.0,357.023,31.4,0.0,145.093,0.0,0.0,0,27.2703,0.0,1263.71,0.0,0.0,0.0,0.0,0.0,15.8968,0.1045,0.0,0.0,0.0,0.90172,0.10019,0.06729,0.0,0.0,4.34416,22.3,0.0,1.98499,0.0,0.0,0.0
2023-12-07 00:40:00,9.29801,1584.24,0.0,0.0,0.04,58.9392,0.0,0.0,0.0,0.0,0.0,0.0,19.924,0.0,0.0,0.12,0.0,0,2621.89,0.0,0.0,0.0,0.0,0.001526,24.3346,0.0,11.0451,5.92517,0.0,0.0,40.8937,0.0,0.0,,0.0,0.0,0.0,0.0,1.332,0.0,0.0,1189.01,0.0,0.0,0.0,0.00153,0.0,64.9989,0.0,0.0,0.184,0.0,351.694,31.0,0.0,146.137,0.0,0.0,0,28.9659,0.0,1258.73,0.0,0.13683,0.0,0.0,0.0,12.502,0.0075,0.0,0.0,0.0,0.0,0.0,0.0,0.0,0.0,4.34416,22.37,0.0,1.67681,0.0,0.0,0.0
2023-12-07 00:45:00,10.8982,1575.18,0.0,0.0,2.07,56.5529,0.0,0.0,0.0,0.0,0.0,0.0,22.1945,0.0,0.0,0.59,0.0,0,2614.54,0.0,0.0,0.0,0.0,0.001526,26.6646,0.0,12.5432,5.46416,0.0,0.0,40.6907,0.0,0.0,,0.0,0.0,0.0,0.0,1.332,0.0,0.0,1155.32,0.0,0.0,0.0,0.00153,0.0,63.4516,0.0,0.0,0.14381,0.0,347.298,31.0,0.0,148.774,0.0,0.0,0,33.1115,0.0,1256.0,0.0,2.01332,0.0,0.0,0.0,12.1358,0.0,0.0,0.0,0.0,0.0,0.16898,0.0,0.0,0.0,4.34416,22.14,0.0,2.94575,0.0,0.0,0.0
2023-12-07 00:50:00,11.1991,1589.9,0.0,0.0,4.45,60.3605,0.0,0.0,0.0,0.0,0.0,0.0,22.2226,0.0,0.0,0.77,0.0,0,2625.48,0.0,0.0,0.0,0.0,0.001526,27.3246,0.0,12.2512,6.48695,0.0,0.0,40.8076,0.0,0.0,,0.0,0.0,0.0,0.0,1.332,0.0,0.0,1156.8,0.0,0.0,0.0,0.00153,0.0,61.4466,0.0,0.0,0.1639,0.0,358.073,31.7,0.0,146.071,0.0,0.0,0,36.6748,0.0,1260.19,0.0,0.28017,0.0,0.0,0.0,12.1834,0.0205,0.0,0.0,0.0,0.53983,0.06729,0.0,0.0,0.0,4.34416,22.46,0.0,3.90652,0.0,0.0,0.0
2023-12-07 00:55:00,10.7943,1586.44,0.0,0.0,8.65,59.3515,0.0,0.0,0.0,0.0,0.0,0.0,20.6638,0.0,0.0,1.34,0.0,0,2621.6,0.0,0.0,0.0,0.0,0.001526,27.5546,0.0,8.48695,7.2336,0.0,0.0,40.6015,0.0,0.0,,0.0,0.0,0.0,0.0,1.332,0.0,0.0,1150.99,0.0,0.0,0.0,0.00153,0.0,58.819,0.0,0.0,0.184,0.0,356.834,31.4,0.0,146.225,0.0,0.0,0,39.4177,0.0,1260.83,0.0,0.0,0.0,0.0,0.0,11.0237,0.0215,0.0,0.0,0.0,0.04935,0.10318,0.0,0.0,0.0,4.34416,22.26,0.0,5.10295,0.0,0.0,0.0
2023-12-07 01:00:00,8.4963,1576.99,0.0,0.0,11.74,55.8621,0.0,0.0,0.0,0.0,0.0,1.06126,20.4147,0.0,0.0,1.45,0.0,0,2608.41,0.0,0.0,0.0,0.0,0.001526,27.2646,0.0,7.60461,6.4798,0.0,0.0,40.7184,0.0,0.0,,0.0,0.0,0.0,0.0,1.332,0.0,0.0,1148.46,0.0,0.0,0.0,0.00153,0.0,61.4374,0.0,0.0,0.19405,0.0,343.204,30.7,0.0,147.939,0.0,0.0,0,41.7395,0.0,1261.68,0.0,0.0,0.0,0.0,0.0,10.3902,0.0,0.0,0.0,0.0,0.0,0.0,0.0,0.0,0.0,4.34416,22.33,0.0,5.93683,0.0,0.0,0.0
2023-12-07 01:05:00,8.4966,1571.54,0.0,0.0,12.41,58.9224,0.0,0.0,0.0,0.0,0.0,1.61135,20.8249,0.0,0.0,1.9,0.0,0,2621.08,0.0,0.0,0.0,0.0,0.001526,26.3746,0.0,8.17591,7.03285,0.0,0.0,40.7768,0.0,0.0,,0.0,0.0,0.0,0.0,1.332,0.0,0.0,1118.28,0.0,0.0,0.0,0.00153,0.0,61.474,0.0,0.0,0.17395,0.0,345.889,31.0,0.0,149.268,0.0,0.0,0,43.1018,0.0,1255.7,0.0,0.0,0.0,0.0,0.0,8.89723,0.0,0.0,0.0,0.0,0.0,0.0,0.01346,0.0,0.0,4.34416,22.39,0.0,6.28125,0.0,0.0,0.0
2023-12-07 01:10:00,9.29816,1577.43,0.0,0.0,11.12,57.6602,0.0,0.0,0.0,0.0,0.0,1.81659,21.4743,0.0,0.0,2.37,0.0,0,2622.23,0.0,0.0,0.0,0.0,0.001526,27.7646,0.0,8.50599,7.83822,0.0,0.0,40.8353,0.0,0.0,,0.0,0.0,0.0,0.0,1.332,0.0,0.0,1091.57,0.0,0.0,0.0,0.00153,0.0,61.8677,0.0,0.0,0.19405,0.0,347.895,30.7,0.0,148.4,0.0,0.0,0,42.2925,0.0,1211.44,0.0,0.0,0.0,0.0,0.0,6.83116,0.0,0.0,0.0,0.0,0.0,0.0,0.0,0.0,0.0,4.34416,22.44,0.0,7.06075,0.0,0.0,0.0
2023-12-07 01:15:00,10.7971,1581.92,0.0,0.0,12.64,57.2813,0.0,0.0,0.0,0.0,0.0,2.62989,22.385,0.0,0.0,3.4,0.0,0,2601.16,0.0,0.0,0.0,0.0,0.001526,30.7745,0.0,7.91565,8.9102,0.0,0.0,40.9522,0.0,0.0,,0.0,0.0,0.0,0.0,1.332,0.0,0.0,1065.49,0.0,0.0,0.0,0.00153,0.0,63.1861,0.0,0.0,0.15386,0.0,347.347,30.6,0.0,146.95,0.0,0.0,0,43.1019,0.0,1165.86,0.0,2.15294,0.0,0.0,0.0,5.33333,0.0,0.0,0.0,0.0,0.0,0.0,0.0314,0.0,0.0,4.34416,22.38,0.0,7.60458,0.0,0.0,0.0
2023-12-07 01:20:00,6.69909,1577.99,0.0,0.0,8.82,55.3702,0.0,0.0,0.0,0.0,0.0,3.67895,24.0037,0.0,0.0,3.51,0.0,0,2583.22,0.0,0.0,0.0,0.0,0.001526,31.8445,0.0,7.57287,9.0919,0.0,0.0,40.4846,0.0,0.0,,0.0,0.0,0.0,0.0,1.332,0.0,0.0,1049.38,0.0,0.0,0.0,0.00153,0.0,60.6409,0.0,0.0,0.17395,0.0,353.748,31.0,0.0,146.368,0.0,0.0,0,39.469,0.0,1129.04,0.0,2.09709,0.0,0.0,0.0,3.77203,0.0,0.0,0.0,0.0,0.0,0.01645,0.0,0.0,0.0,4.34416,22.45,0.0,8.69224,0.0,0.0,0.0
2023-12-07 01:25:00,5.9987,1585.97,0.0,0.0,10.59,57.2499,0.0,0.0,0.0,0.0,0.0,5.0866,25.3135,0.0,0.0,4.14,0.0,0,2568.72,0.0,0.0,0.0,0.0,0.001526,33.8145,0.0,9.16615,9.39898,0.0,0.0,40.7184,0.0,0.0,,0.0,0.0,0.0,0.0,1.332,0.0,0.0,1039.35,0.0,0.0,0.0,0.00153,0.0,58.0041,0.0,0.0,0.1639,0.0,358.586,31.2,0.0,145.983,0.0,0.0,0,38.5608,0.0,1151.43,0.0,3.18427,0.0,0.0,0.0,2.82719,0.0065,0.0,0.0,0.0,0.09122,0.0,0.0,0.0,0.0,4.34416,22.27,0.0,8.67411,0.0,0.0,0.0
2023-12-07 01:30:00,5.39948,1581.48,0.0,0.0,13.79,53.5909,0.0,0.0,0.0,0.0,0.0,5.30251,26.782,0.0,0.0,5.35,0.0,0,2543.45,0.0,0.0,0.0,0.0,0.001526,35.3345,0.0,9.85171,10.0726,0.0,0.0,40.6599,0.0,0.0,,0.0,0.0,0.0,0.0,1.332,0.0,0.0,1019.89,0.0,0.0,0.0,0.00153,0.0,62.5269,0.0,0.0,0.2041,0.0,348.427,30.8,0.0,145.917,0.0,0.0,0,39.2016,0.0,1165.47,0.0,0.0,0.0,0.0,0.0,3.36187,0.0045,0.0,0.0,0.0,0.0,0.0,0.0015,0.0,0.0,4.0012,22.37,0.0,6.69819,0.0,0.0,0.0
2023-12-07 01:35:00,4.39818,1592.47,0.0,0.0,16.24,61.5013,0.0,0.0,0.0,0.0,0.0,4.20386,29.3834,0.0,0.0,5.49,0.0,0,2515.13,0.0,0.0,0.0,0.0,0.001526,39.7944,0.0,10.7087,10.3718,0.0,0.0,40.866,0.0,0.0,,0.0,0.0,0.0,0.0,1.332,0.0,0.0,1021.87,0.0,0.0,0.0,0.00153,0.0,59.0021,0.0,0.0,0.17395,0.0,361.99,31.4,0.0,145.104,0.0,0.0,0,43.4021,0.0,1131.8,0.0,3.69993,0.0,0.0,0.0,3.49798,0.0805,0.0,0.0,0.0,2.10401,0.0,0.0,0.0,0.0,4.0012,22.55,0.0,5.68304,0.0,0.0,0.0
2023-12-07 01:40:00,5.09399,1578.82,0.0,0.0,14.47,55.3325,0.0,0.0,0.0,0.0,0.0,3.21889,32.5036,0.0,0.0,5.55,0.0,0,2480.21,0.0,0.0,0.0,0.0,0.001526,42.5443,0.0,11.6545,10.9161,0.0,0.0,40.8353,0.0,0.0,,0.0,0.0,0.0,0.0,1.332,0.0,0.0,994.107,0.0,0.0,0.0,0.00153,0.0,57.8576,0.0,0.0,0.1639,0.0,348.51,30.7,0.0,146.609,0.0,0.0,0,43.5486,0.0,1152.62,0.0,1.76945,0.0,0.0,0.0,3.70855,0.0,0.0,0.0,0.0,0.0,0.0,0.0015,0.0,0.0,4.0012,22.39,0.0,5.13921,0.0,0.0,0.0
2023-12-07 01:45:00,7.09537,1585.75,0.0,0.0,8.38,55.4435,0.0,0.0,0.0,0.0,0.0,1.64874,34.7936,0.0,0.0,3.65,0.0,0,2471.62,0.0,0.0,0.0,0.0,0.001526,45.9243,0.0,15.0823,10.8677,0.0,0.0,40.5123,0.0,0.0,,0.0,0.0,0.0,0.0,1.332,0.0,0.0,987.662,0.0,0.0,0.0,0.00153,0.0,58.6725,0.0,0.0,0.17395,0.0,361.099,31.3,0.0,148.894,0.0,0.0,0,47.6686,0.0,1099.98,0.0,2.45824,0.0,0.0,0.0,3.99481,0.0295,0.0,0.0,0.0,0.0,0.0,0.0,0.0,0.0,4.0012,22.36,0.0,5.10295,0.0,0.0,0.0
2023-12-07 01:50:00,6.59335,1579.63,0.0,0.0,7.17,47.4012,0.0,0.0,0.0,0.0,0.0,0.54093,36.8139,0.0,0.0,3.04,0.0,0,2441.71,0.0,0.0,0.0,0.0,0.001526,47.7543,0.0,16.7581,10.2996,0.0,0.0,41.1306,0.0,0.0,,0.0,0.0,0.0,0.0,1.332,0.0,0.0,979.385,0.0,0.0,0.0,0.00153,0.0,55.0927,0.0,0.0,0.2041,0.0,352.143,31.3,0.0,149.488,0.0,0.0,0,47.6576,0.0,1044.34,0.0,2.63323,0.0,0.0,0.0,3.7879,0.0,0.0,0.0,0.0,0.0,0.0,0.04038,0.0,0.0,4.0012,22.11,0.0,6.28125,0.0,0.0,0.0
2023-12-07 01:55:00,7.49485,1579.21,0.0,0.0,7.71,49.3815,0.0,0.0,0.0,0.0,0.0,0.59586,38.7634,0.0,0.0,2.96,0.0,0,2421.4,0.0,0.0,0.0,0.0,0.001526,49.9242,0.0,15.7551,10.3972,0.0,0.0,40.6907,0.0,0.0,,0.0,0.0,0.0,0.0,1.332,0.0,0.0,965.908,0.0,0.0,0.0,0.00153,0.0,49.2058,0.0,0.0,0.17395,0.0,352.68,31.2,0.0,145.73,0.0,0.0,0,48.4376,0.0,996.002,0.0,2.84173,0.0,0.0,0.0,2.92302,0.0075,0.0,0.0,0.0,0.0,0.0,0.0,0.0,0.0,4.0012,22.29,0.0,8.56535,0.0,0.0,0.0
2023-12-07 02:00:00,7.59693,1587.46,0.0,0.0,9.49,47.3531,0.0,0.0,0.0,0.0,0.0,0.38376,38.1225,0.0,0.0,2.99,0.0,0,2415.61,0.0,0.0,0.0,0.0,0.001526,48.7543,0.0,15.3298,10.056,0.0,0.0,40.9245,0.0,0.0,,0.0,0.0,0.0,0.0,1.332,0.0,0.0,989.981,0.0,0.0,0.0,0.00153,0.0,45.2873,0.0,0.0,0.1639,0.0,362.492,31.7,0.0,145.972,0.0,0.0,0,49.2946,0.0,956.45,0.0,4.0555,0.0,0.0,0.0,2.55924,0.0225,0.0,0.0,0.0,0.96751,0.0,0.0,0.0,0.0,4.0012,22.43,0.0,8.52909,0.0,0.0,0.0
2023-12-07 02:05:00,7.49882,1585.88,0.0,0.0,7.92,45.6325,0.0,0.0,0.0,0.0,0.0,1.41756,40.6848,0.0,0.0,2.99,0.0,0,2349.65,0.0,0.0,0.0,0.0,0.001526,48.8943,0.0,16.4026,9.33709,0.0,0.0,40.8353,0.0,0.0,,0.0,0.0,0.0,0.0,1.332,0.0,0.0,979.605,0.0,0.0,0.0,0.00153,0.0,41.4969,0.0,0.0,0.2041,0.0,360.645,31.2,0.0,146.236,0.0,0.0,0,51.0158,0.0,1013.97,0.0,2.4266,0.0,0.0,0.0,2.27298,0.0285,0.0,0.0,0.0,0.0,0.0,0.0,0.0,0.0,4.0012,22.25,0.0,10.0518,0.0,0.0,0.0
2023-12-07 02:10:00,9.39643,1588.68,0.0,0.0,6.54,44.5712,0.0,0.0,0.0,0.0,0.0,2.6482,41.0034,0.0,0.0,2.61,0.0,0,2333.43,0.0,0.0,0.0,0.0,0.001526,51.1242,0.0,14.7776,9.07048,0.0,0.0,40.8076,0.0,0.0,,0.0,0.0,0.0,0.0,1.332,0.0,0.0,980.166,0.0,0.0,0.0,0.00153,0.0,40.6638,0.0,0.0,0.19405,0.0,361.162,31.5,0.0,145.983,0.0,0.0,0,51.9167,0.0,1059.33,0.0,3.00928,0.0,0.61964,0.0,2.13016,0.1045,0.0,0.0,0.0,0.26767,0.01047,0.02243,0.0,0.0,4.0012,22.42,0.0,11.9915,0.0,0.0,0.0
2023-12-07 02:15:00,9.99748,1574.16,0.0,0.0,5.14,39.4218,0.0,0.0,0.0,0.0,0.0,2.9221,41.0535,0.0,0.0,2.88,0.0,0,2302.99,0.0,0.0,0.0,0.0,0.001526,50.7242,0.0,15.7805,8.81022,0.0,0.0,40.9829,0.0,0.0,,0.0,0.0,0.0,0.0,1.332,0.0,0.0,967.568,0.0,0.0,0.0,0.00153,0.0,40.6272,0.0,0.0,0.184,0.0,349.272,30.9,0.0,146.093,0.0,0.0,0,53.2497,0.0,1115.39,0.0,0.90753,0.0,0.0,0.0,1.94217,0.0,0.0,0.0,0.0,0.0,0.0,0.02841,0.0,0.0,4.0012,22.38,0.0,15.1095,0.0,0.0,0.0
2023-12-07 02:20:00,11.8946,1584.78,0.0,0.0,6.09,39.269,0.0,0.0,0.0,0.0,0.0,4.33204,41.0132,0.0,0.0,3.25,0.0,0,2310.63,0.0,0.0,0.0,0.0,0.001526,49.9242,0.0,14.1047,8.54759,0.0,0.0,40.7184,0.0,0.0,,0.0,0.0,0.0,0.0,1.332,0.0,0.0,959.365,0.0,0.0,0.0,0.00153,0.0,41.5701,0.0,0.0,0.14381,0.0,351.634,30.6,0.0,149.433,0.0,0.0,0,52.217,0.0,1170.64,0.0,1.84764,0.0,0.0,0.0,1.22377,0.0,0.0,0.0,0.0,0.0,0.0,0.0,0.0,0.0,4.0012,22.44,0.0,18.1368,0.0,0.0,0.0
2023-12-07 02:25:00,13.3967,1583.97,0.0,0.0,5.81,37.0712,0.0,0.0,0.0,0.0,0.0,4.52048,38.313,0.0,0.0,4.13,0.0,0,2310.34,0.0,0.0,0.0,0.0,0.001526,48.3143,0.0,13.1271,8.34763,0.0,0.0,40.7491,0.0,0.0,,0.0,0.0,0.0,0.0,1.332,0.0,0.0,925.649,0.0,0.0,0.0,0.00153,0.0,41.0574,0.0,0.0,0.184,0.0,346.973,30.7,0.0,146.137,0.0,0.0,0,55.5386,0.0,1228.82,0.0,2.11199,0.0,0.6548,0.0,0.55604,0.0,0.0,0.0,0.0,0.0,0.0015,0.03738,0.0,0.0,4.0012,22.38,0.0,17.0129,0.0,0.0,0.0
2023-12-07 02:30:00,12.6959,1582.58,0.0,0.0,6.77,33.6717,0.0,0.0,0.0,0.0,0.0,6.34699,37.2253,0.0,0.0,4.28,0.0,0,2310.07,0.0,0.0,0.0,0.0,0.001526,43.5743,0.0,13.8191,8.42063,0.0,0.0,40.8937,0.0,0.0,,0.0,0.0,0.0,0.0,1.332,0.0,0.0,919.716,0.0,0.0,0.0,0.00153,0.0,39.5193,0.0,0.0,0.1639,0.0,349.312,30.5,0.0,145.785,0.0,0.0,0,53.6782,0.0,1265.47,0.0,2.57552,0.0,1.03273,0.0,0.09094,0.0,0.0,0.0,0.0,0.0,0.0,0.02542,0.0,0.0,4.0012,22.59,0.0,15.3814,0.0,0.0,0.0
2023-12-07 02:35:00,15.4955,1578.23,0.0,0.0,6.9,27.6914,0.0,0.0,0.0,0.0,0.0,8.748,36.3952,0.0,0.0,3.48,0.0,0,2284.61,0.0,0.0,0.0,0.0,0.001526,42.6944,0.0,16.2693,9.38946,0.0,0.0,40.8076,0.0,0.0,,0.0,0.0,0.0,0.0,1.332,0.0,0.0,905.995,0.0,0.0,0.0,0.00153,0.0,39.7116,0.0,0.0,0.17395,0.0,349.096,30.9,0.0,146.027,0.0,0.0,0,52.3305,0.0,1256.46,0.0,3.05582,0.0,1.61282,0.0,0.20996,0.0,0.0,0.0,0.0,0.0,0.0015,0.0,0.0,0.0,4.0012,22.5,0.0,14.5837,0.0,0.0,0.0
2023-12-07 02:40:00,17.4965,1586.49,0.0,0.0,8.32,25.6316,0.0,0.0,0.0,0.0,0.0,9.30037,36.2243,0.0,0.0,3.9,0.0,0,2275.82,0.0,0.0,0.0,0.0,0.001526,44.8843,0.0,14.9172,10.6217,0.0,0.0,40.8937,0.0,0.0,,0.0,0.0,0.0,0.0,1.332,0.0,0.0,910.048,0.0,0.0,0.0,0.00153,0.0,38.146,0.0,0.0,0.2041,0.0,349.725,30.9,0.0,146.357,0.0,0.0,0,52.2682,0.0,1263.12,0.0,2.76913,0.0,2.62358,0.0,0.22827,0.0,0.0,0.0,0.0,0.0,0.0,0.0,0.0,0.0,4.0012,22.49,0.0,14.6925,0.0,0.0,0.0
2023-12-07 02:45:00,15.195,1576.21,0.0,0.0,11.01,23.1114,0.0,0.0,0.0,0.0,0.0,11.6213,37.6721,0.0,0.0,4.55,0.0,0,2271.03,0.0,0.0,0.0,0.0,0.001526,45.3943,0.0,12.0607,11.3469,0.0,0.0,40.9522,0.0,0.0,,0.0,0.0,0.0,0.0,1.332,0.0,0.0,894.887,0.0,0.0,0.0,0.00153,0.0,37.1298,0.0,0.0,0.19405,0.0,343.976,30.5,0.0,145.972,0.0,0.0,0,51.0011,0.0,1257.09,0.0,0.00093,0.0,2.70268,0.0,0.14649,0.0,0.0,0.0,0.0,0.0,0.0,0.0,0.0,0.0,4.0012,22.37,0.0,14.6744,0.0,0.0,0.0
2023-12-07 02:50:00,14.4958,1586.44,0.0,0.0,12.14,24.5097,0.0,0.0,0.0,0.0,0.0,11.8532,39.5752,0.0,0.0,4.35,0.0,0,2287.14,0.0,0.0,0.0,0.0,0.001526,45.2343,0.0,15.6155,11.6136,0.0,0.0,40.866,0.0,0.0,,0.0,0.0,0.0,0.0,1.332,0.0,0.0,926.235,0.0,0.0,0.0,0.00153,0.0,36.1776,0.0,0.0,0.1639,0.0,356.853,31.1,0.0,148.96,0.0,0.0,0,48.2326,0.0,1233.09,0.0,2.90317,0.0,3.03667,0.0,0.0,0.0785,0.0,0.0,0.0,0.89574,0.04935,0.02243,0.0,0.0,4.0012,22.55,0.0,17.2123,0.0,0.0,0.0
2023-12-07 02:55:00,12.0967,1569.49,0.0,0.0,14.26,20.4823,0.0,0.0,0.0,0.0,0.0,12.6345,39.9744,0.0,0.0,5.2,0.0,0,2263.24,0.0,0.0,0.0,0.0,0.001526,47.5743,0.0,16.1804,11.262,0.0,0.0,40.6907,0.0,0.0,,0.0,0.0,0.0,0.0,1.332,0.0,0.0,886.439,0.0,0.0,0.0,0.00153,0.0,36.7178,0.0,0.0,0.1639,0.0,343.399,30.8,0.0,147.323,0.0,0.0,0,47.1742,0.0,1265.44,0.0,1.23145,0.0,3.22124,0.0,0.0,0.0,0.0,0.0,0.0,0.0,0.0015,0.0,0.0,0.0,4.0012,22.35,0.0,13.4236,0.0,0.0,0.0
2023-12-07 03:00:00,13.0963,1585.46,0.0,0.0,16.48,19.781,0.0,0.0,0.0,0.0,0.0,11.8441,37.2338,0.0,0.0,5.15,0.0,0,2286.8,0.0,0.0,0.0,0.0,0.001526,50.7542,0.0,17.2405,11.5374,0.0,0.0,41.1306,0.0,0.0,,0.0,0.0,0.0,0.0,1.332,0.0,0.0,927.138,0.0,0.0,0.0,0.00153,0.0,37.6333,0.0,0.0,0.19405,0.0,357.717,31.3,0.0,146.697,0.0,0.0,0,43.0396,0.0,1212.66,0.0,2.66302,0.0,2.48295,0.0,0.03906,0.0135,0.0,0.0,0.0,1.14995,0.13309,0.04038,0.0,0.0,4.0012,22.5,0.0,11.1576,0.0,0.0,0.0
2023-12-07 03:05:00,14.2966,1582.63,0.0,0.0,15.63,16.772,0.0,0.0,0.0,0.0,0.0,12.2957,37.644,0.0,0.0,4.77,0.0,0,2264.27,0.0,0.0,0.0,0.0,0.001526,47.5043,0.0,15.4123,10.2694,0.0,0.0,40.7768,0.0,0.0,,0.0,0.0,0.0,0.0,1.332,0.0,0.0,899.916,0.0,0.0,0.0,0.00153,0.0,36.0311,0.0,0.0,0.19405,0.0,356.378,31.3,0.0,148.444,0.0,0.0,0,43.2374,0.0,1254.09,0.0,3.14145,0.0,2.75541,0.0,0.26734,0.0,0.0,0.0,0.0,0.0,0.0,0.0015,0.0,0.0,4.0012,22.4,0.0,8.16654,0.0,0.0,0.0
2023-12-07 03:10:00,17.3954,1589.27,0.0,0.0,12.78,17.2817,0.0,0.0,0.0,0.0,0.0,13.7102,39.9048,0.0,0.0,4.89,0.0,0,2256.21,0.0,0.0,0.0,0.0,0.001526,44.6843,0.0,12.467,9.18553,0.0,0.0,40.3677,0.0,0.0,,0.0,0.0,0.0,0.0,1.332,0.0,0.0,915.908,0.0,0.0,0.0,0.00153,0.0,35.9487,0.0,0.0,0.17395,0.0,353.037,31.1,0.0,144.654,0.0,0.0,0,42.7759,0.0,1256.17,0.0,2.74121,0.0,2.36869,0.0,0.0,0.0035,0.0,0.0,0.0,0.06131,0.02243,0.0015,0.0,0.0,4.0012,22.37,0.0,5.62866,0.0,0.0,0.0
2023-12-07 03:15:00,20.1954,1584.14,0.0,0.0,9.05,16.771,0.0,0.0,0.0,0.0,0.0,13.962,38.2336,0.0,0.0,5.05,0.0,0,2246.1,0.0,0.0,0.0,0.0,0.001526,41.0444,0.0,9.97867,7.30184,0.0,0.0,40.8353,0.0,0.0,,0.0,0.0,0.0,0.0,1.332,0.0,0.0,903.212,0.0,0.0,0.0,0.00153,0.0,34.9691,0.0,0.0,0.1639,0.0,350.201,31.1,0.0,146.587,0.0,0.0,0,43.3875,0.0,1255.75,0.0,2.35586,0.0,0.78663,0.0,0.0,0.0025,0.0,0.0,0.0,0.14206,0.10019,0.06131,0.0,0.0,4.0012,22.35,0.0,5.84619,0.0,0.0,0.0
2023-12-07 03:20:00,19.9982,1586.58,0.0,0.0,8.71,15.5506,0.0,0.0,0.0,0.0,0.0,16.0449,36.5136,0.0,0.0,5.03,0.0,0,2256.04,0.0,0.0,0.0,0.0,0.001526,38.8144,0.0,6.66514,7.11696,0.0,0.0,40.9522,0.0,0.0,,0.0,0.0,0.0,0.0,1.332,0.0,0.0,913.124,0.0,0.0,0.0,0.00153,0.0,34.0261,0.0,0.0,0.15386,0.0,354.591,31.1,0.0,148.06,0.0,0.0,0,43.827,0.0,1265.98,0.0,2.86407,0.0,1.62161,0.0,0.0,0.0565,0.0,0.0,0.0,0.55778,0.0,0.0,0.0,0.0,4.0012,22.56,0.0,6.60755,0.0,0.0,0.0
2023-12-07 03:25:00,21.7982,1583.12,0.0,0.0,10.48,13.4616,0.0,0.0,0.0,0.0,0.0,16.3592,34.3029,0.0,0.0,4.85,0.0,0,2249.59,0.0,0.0,0.0,0.0,0.001526,37.1944,0.0,1.9202,7.38277,0.0,0.0,40.6907,0.0,0.0,,0.0,0.0,0.0,0.0,1.332,0.0,0.0,901.698,0.0,0.0,0.0,0.00153,0.0,33.669,0.0,0.0,0.184,0.0,354.061,31.0,0.0,149.554,0.0,0.0,0,45.0172,0.0,1264.74,0.0,3.32947,0.0,1.85892,0.0,0.0,0.0,0.0,0.0,0.0,0.0,0.0,0.02243,0.0,0.0,4.0012,22.42,0.0,7.85837,0.0,0.0,0.0
2023-12-07 03:30:00,24.3967,1589.68,0.0,0.0,13.5,12.4024,0.0,0.0,0.0,0.0,0.0,15.0103,30.9251,0.0,0.0,5.0,0.0,0,2260.22,0.0,0.0,0.0,0.0,0.001526,34.7245,0.0,0.9839,6.95747,0.0,0.0,40.5123,0.0,0.0,,0.0,0.0,0.0,0.0,1.332,0.0,0.0,921.889,0.0,0.0,0.0,0.00153,0.0,32.781,0.0,0.0,0.1639,0.0,354.835,31.2,0.0,149.169,0.0,0.0,0,40.9412,0.0,1262.56,0.0,1.92396,0.0,1.8677,0.0,0.0,0.2505,0.0,0.0,0.0,1.44005,0.14505,0.02841,0.0,0.0,4.0012,22.71,0.0,8.09403,0.0,0.0,0.0
2023-12-07 03:35:00,27.5957,1594.47,0.0,0.0,12.17,9.991,0.0,0.0,0.0,0.0,0.0,16.6293,29.4224,0.0,0.0,4.93,0.0,0,2297.86,0.0,0.0,0.0,0.0,0.001526,33.8045,0.0,2.65019,6.6988,0.0,0.0,40.9245,0.0,0.0,,0.0,0.0,0.0,0.0,1.332,0.0,0.0,929.677,0.0,0.0,0.0,0.00153,0.0,28.1575,0.0,0.0,0.21414,0.0,359.017,31.5,0.0,148.862,0.0,0.0,0,35.1623,0.0,1256.83,0.0,2.56994,0.0,2.29837,0.0,0.0,0.1025,0.0,0.0,0.0,0.86284,0.0,0.08225,0.0,0.0,4.0012,22.38,0.0,9.19982,0.0,0.0,0.0
2023-12-07 03:40:00,26.7954,1576.77,0.0,0.0,7.53,7.36399,0.0,0.0,0.0,0.0,0.0,16.7712,26.7955,0.0,0.0,4.84,0.0,0,2282.55,0.0,0.0,0.0,0.0,0.001526,32.2645,0.0,1.97098,5.85693,0.0,0.0,40.9522,0.0,0.0,,0.0,0.0,0.0,0.0,1.332,0.0,0.0,914.076,0.0,0.0,0.0,0.00153,0.0,25.9693,0.0,0.0,0.17395,0.0,351.338,31.1,0.0,149.488,0.0,0.0,0,34.5104,0.0,1260.32,0.0,3.4542,0.0,3.13335,0.0,0.0,0.0,0.0,0.0,0.0,0.0,0.0,0.0,0.0,0.0,4.0012,22.3,0.0,11.1939,0.0,0.0,0.0
2023-12-07 03:45:00,24.996,1584.75,0.0,0.0,2.96,9.68329,0.0,0.0,0.0,0.0,0.0,17.2747,25.803,0.0,0.0,5.1,0.0,0,2280.7,0.0,0.0,0.0,0.0,0.001526,32.5345,0.0,0.77125,5.63476,0.0,0.0,40.6599,0.0,0.0,,0.0,0.0,0.0,0.0,1.332,0.0,0.0,912.953,0.0,0.0,0.0,0.00153,0.0,23.7079,0.0,0.0,0.17395,0.0,350.732,30.9,0.0,148.389,0.0,0.0,0,35.2905,0.0,1264.39,0.0,2.54015,0.0,2.89604,0.0,0.0,0.0,0.0,0.0,0.0,0.05533,0.17496,0.01047,0.0,0.0,4.0012,22.5,0.0,10.6682,0.0,0.0,0.0
2023-12-07 03:50:00,23.3935,1580.48,0.0,0.0,0.1,7.94486,0.0,0.0,0.0,0.0,0.0,18.0148,25.5723,1.59968,0.0,5.22,0.0,0,2280.87,0.0,0.0,0.0,0.0,0.001526,31.7345,0.0,1.19973,6.36078,0.0,0.0,40.7184,0.0,0.0,,0.0,0.0,0.0,0.0,1.332,0.0,0.0,911.733,0.0,0.0,0.0,0.00153,0.0,23.7537,0.0,0.0,0.1639,0.0,354.833,31.0,0.0,149.916,0.0,0.0,0,35.1952,0.0,1257.88,0.0,2.01891,0.0,3.32671,0.0,0.0,0.0,0.0,0.0,0.0,0.0015,0.0,0.0,0.0,0.0,4.0012,22.36,0.0,9.97931,0.0,0.0,0.0
2023-12-07 03:55:00,17.5972,1578.36,0.0,0.0,0.2,8.74448,0.0,0.0,0.0,0.0,0.0,15.1263,24.5139,4.19722,0.0,4.98,0.0,0,2284.73,0.0,0.0,0.0,0.0,0.001526,33.2045,0.0,1.02516,6.29889,0.0,0.0,40.543,0.0,0.0,,0.0,0.0,0.0,0.0,1.332,0.0,0.0,898.109,0.0,0.0,0.0,0.00153,0.0,24.5045,0.0,0.0,0.2041,0.0,349.999,31.3,0.0,147.115,0.0,0.0,0,34.298,0.0,1255.82,0.0,1.68009,0.0,5.31307,0.0,0.0,0.0,0.0,0.0,0.0,0.0,0.0643,0.0,0.0,0.0,4.0012,22.43,0.0,9.32671,0.0,0.0,0.0
2023-12-07 04:00:00,9.79652,1587.8,0.0,0.0,0.0,11.8027,0.0,0.0,0.0,0.0,0.0,12.5719,26.1448,8.09575,0.0,4.35,0.0,0,2298.59,0.0,0.0,0.0,0.0,0.001526,33.3545,0.0,1.88211,5.57922,0.0,0.0,40.3369,0.0,0.0,,0.0,0.0,0.0,0.0,1.332,0.0,0.0,923.598,0.0,0.0,0.0,0.00153,0.0,25.0904,0.0,0.0,0.17395,0.0,358.183,31.6,0.0,146.609,0.0,0.0,0,37.1618,0.0,1256.7,0.0,3.61616,0.0,7.0006,0.0,0.0,0.0415,0.0,0.0,0.0,0.87181,0.0,0.0,0.0,0.0,4.0012,22.49,0.0,9.96118,0.0,0.0,0.0
2023-12-07 04:05:00,5.79667,1587.22,0.0,0.0,0.0,14.1136,0.0,0.0,5.96298,0.0,0.0,12.2423,25.1841,12.1978,0.0,3.93,0.0,0,2261.41,0.0,0.0,0.0,0.0,0.001526,31.2745,0.0,0.0,4.61595,0.0,0.0,40.6599,0.0,0.0,,0.0,0.0,0.0,0.0,1.332,0.0,0.0,938.955,0.0,0.0,0.0,0.00153,0.0,25.3376,0.0,0.0,0.1639,0.0,363.293,31.5,0.0,143.203,0.0,0.0,0,34.8949,0.0,1257.92,0.0,2.94412,0.0,8.19593,0.0,0.0,0.0665,0.0,0.0,0.0,0.72825,0.0015,0.0015,0.0,0.0,4.0012,22.47,0.0,4.66789,0.0,0.0,0.0
2023-12-07 04:10:00,1.6978,1568.66,0.0,0.0,0.0,9.15475,0.0,0.0,0.0,0.0,0.0,8.85786,24.7446,11.7996,0.0,3.69,0.0,0,2201.03,0.0,0.0,0.0,0.0,0.001526,27.7946,0.0,0.0,4.22953,0.0,0.0,40.5738,0.0,0.0,,0.0,0.0,0.0,0.0,1.332,0.0,0.0,888.026,26.6100006104,0.0,0.0,0.00153,0.0,25.1728,0.0,0.0,0.19405,0.0,345.393,30.5,0.0,146.818,0.0,0.0,0,32.0384,0.0,1260.1,0.0,1.54792,0.0,8.76722,0.0,0.0,0.0,0.0,0.0,0.0,0.0,0.12113,0.13309,0.0,0.0,4.0012,22.43,0.0,2.18439,0.0,0.0,0.0
2023-12-07 04:15:00,1.49805,1584.66,0.0,0.0,0.0,11.4605,0.0,0.0,0.0,0.0,0.0,6.99474,21.5439,17.8974,0.0,2.81,0.0,0,2171.22,0.0,0.0,0.0,0.0,0.001526,25.5946,0.0,0.0,3.35116,0.0,0.0,40.7491,0.0,0.0,,0.0,0.0,0.0,0.0,1.332,0.0,0.0,901.186,0.0,0.0,0.0,0.00153,0.0,26.2074,0.0,0.0,0.2041,0.0,351.953,31.1,0.0,145.642,0.0,0.0,0,29.0831,0.0,1258.68,0.0,2.45638,0.0,9.77798,0.0,0.0,0.1355,0.0,0.0,0.0,0.13309,0.11814,0.05234,0.0,0.0,4.0012,22.51,0.0,0.0,0.0,0.0,0.0
2023-12-07 04:20:00,0.0,1583.7,0.0,0.0,0.0,9.89366,0.0,0.0,0.0,0.0,0.0,6.93217,18.1955,22.9995,0.0,2.47,0.0,0,2126.35,0.0,0.0,0.0,0.0,0.001526,24.8246,0.0,0.0,3.1028,0.0,0.0,40.8937,0.0,0.0,,0.0,0.0,0.0,0.0,1.332,0.0,0.0,900.38,82.5199966431,0.0,0.0,0.00153,0.0,27.0497,0.0,0.0,0.1639,0.0,352.731,31.3,0.0,150.015,0.0,0.0,0,27.1971,0.0,1258.85,0.0,3.49516,0.0,10.7008,0.0,0.0,0.0285,0.0,0.0,0.0,0.17197,0.11514,0.0314,0.0,0.0,4.0012,22.53,0.0,0.0,0.0,0.0,0.0
2023-12-07 04:25:00,0.0,1576.31,0.0,0.0,0.0,10.1239,0.0,0.0,0.0,0.0,0.0,6.26841,19.664,23.5969,0.0,2.14,0.0,0,2084.31,0.0,0.0,0.0,0.0,0.001526,24.1146,0.0,0.0,2.16651,0.0,0.0,41.0414,0.0,0.0,,0.0,0.0,0.0,0.0,1.332,0.0,0.0,892.616,66.7799987793,0.0,0.0,0.00153,0.0,26.7201,0.0,0.0,0.1639,0.0,352.624,31.0,0.0,150.191,0.0,0.0,0,25.3733,0.0,1303.73,0.0,2.91434,0.0,9.48794,0.0,0.0,0.0,0.0,0.0,0.0,0.0015,0.06729,0.15702,0.0,0.0,4.0012,22.18,0.0,0.0,0.0,0.0,0.0
2023-12-07 04:30:00,0.0,1573.96,0.0,0.0,0.0,7.51366,0.0,0.0,1.90042,0.0,0.0,6.06928,18.7631,24.1987,0.0,2.12,0.0,0,2090.34,0.0,0.0,0.0,0.0,0.001526,23.3046,0.0,0.0,1.68646,0.0,0.0,41.0414,0.0,0.0,,0.0,0.0,0.0,0.0,1.332,0.0,0.0,889.223,96.9700012207,0.0,0.0,0.00153,0.0,26.4179,0.0,0.0,0.184,0.0,343.483,30.5,0.0,150.224,0.0,0.0,0,26.3841,0.0,1320.87,0.0,2.63137,0.0,10.4284,0.0,0.0,0.0,0.0,0.0,0.0,0.0,0.07926,0.0314,0.0,0.0,4.0012,22.47,0.0,0.0,0.0,0.0,0.0
2023-12-07 04:35:00,0.0,1587.1,0.0,0.0,0.0,10.5415,0.0,0.0,6.1622,0.0,0.0,3.94903,18.9352,26.6989,0.0,2.12,0.0,0,2175.47,0.0,0.0,0.0,0.0,0.001526,20.8947,0.0,0.0,1.70233,0.0,0.0,40.6907,0.0,0.0,,0.0,0.0,0.0,0.0,1.332,0.0,0.0,909.657,140.919998169,0.0,0.0,0.00153,0.0,26.4088,0.0,0.0,0.17395,0.0,358.093,31.7,0.0,148.642,0.0,0.0,0,28.7974,0.0,1272.13,0.0,3.05954,0.0,9.88345,0.0,0.0,0.0215,0.0,0.0,0.0,1.15593,0.0,0.0,0.0,0.0,4.0012,22.2,0.0,0.0,0.0,0.0,0.0
2023-12-07 04:40:00,0.0,1575.72,0.0,0.0,0.0,9.35047,0.0,0.0,6.1622,0.0,0.0,4.57389,17.2641,22.1986,0.0,2.23,0.0,0,2248.37,0.0,0.0,0.0,0.0,0.001526,19.9847,0.0,0.0,1.71582,0.0,0.0,40.9522,0.0,0.0,,0.0,0.0,0.0,0.0,1.332,0.0,0.0,895.18,67.8899993896,0.0,0.0,0.00153,0.0,27.9286,0.0,0.0,0.1639,0.0,346.807,31.0,0.0,150.389,0.0,0.0,0,29.0172,0.0,1295.38,0.0,1.50697,0.0,10.1208,0.0,0.0,0.0,0.0,0.0,0.0,0.0,0.0,0.0,0.0,0.0,4.0012,22.41,0.0,0.0,0.0,0.0,0.0
2023-12-07 04:45:00,0.0,1581.04,0.0,0.0,0.0,10.2903,0.0,0.0,7.01378,0.0,0.0,6.35996,15.5331,20.8976,0.0,2.58,0.0,0,2326.21,0.0,0.0,0.0,0.0,0.001526,18.8747,0.0,0.0,2.51881,0.0,0.0,40.5738,0.0,0.0,,0.0,0.0,0.0,0.60277,1.332,0.0,0.0,894.643,0.0,0.0,0.0,0.00153,0.0,28.5328,0.0,0.0,0.17395,0.0,349.122,30.9,0.0,150.059,0.0,0.0,0,30.1415,0.0,1257.41,0.0,2.39681,0.0,9.9274,0.0,0.0,0.0,0.0,0.0,0.0,0.0,0.02243,0.0015,0.0,0.0,4.0012,22.3,0.0,0.0,0.0,0.0,0.0
2023-12-07 04:50:00,0.0,1581.53,0.0,0.0,0.0,10.3929,0.0,0.0,8.25599,0.0,0.0,5.33226,15.2633,17.9992,0.0,2.14,0.0,0,2403.11,0.0,0.0,0.0,0.0,0.001526,20.3447,0.0,0.0,2.40693,0.0,0.0,40.6322,0.0,0.0,,0.0,0.0,0.0,0.9239,1.332,0.0,0.0,903.847,0.0,0.0,0.0,0.00153,0.0,27.7729,0.0,0.0,0.17395,0.0,352.51,31.2,0.0,150.63,0.0,0.0,0,33.756,0.0,1258.73,0.0,2.3149,0.0,11.0964,0.08057,0.0,5.01842,0.0,1.59304,0.0,0.11814,0.2258,0.04038,0.0,0.0,4.0012,22.58,0.0,0.0,0.0,0.0,0.0
2023-12-07 04:55:00,0.0,1586.88,0.26152,0.0,0.0,8.98311,0.0,0.0,8.32239,0.0,0.0,5.63363,15.4427,17.9992,0.0,2.17,0.0,0,2497.77,0.0,0.0,0.58663,0.0,0.001526,19.9147,0.0,0.0,1.84833,0.0,0.0,40.9245,0.0,0.0,,0.0,0.0,0.0,2.29789,1.332,0.0,0.0,918.691,0.0,0.0,0.0,0.00153,0.0,26.2715,0.09835,0.0,0.12371,0.0,362.402,32.1,0.0,150.63,0.0,0.0,0,34.8144,0.0,1259.63,0.0,2.70025,0.0,10.4372,0.14039,0.0,5.17342,0.0,3.98261,0.0,1.28753,0.15103,0.0,0.0,0.0,4.0012,22.53,0.0,0.0,0.0,0.0,0.0
2023-12-07 05:00:00,0.0,1573.45,0.76068,0.0,0.0,7.69263,0.58045,0.0,6.88096,0.0,0.0,5.49172,14.504,15.5963,0.0,2.39,0.0,0,2536.54,0.0,0.0,1.16571,0.0,0.001526,17.5847,0.0,0.0,1.49602,0.0,0.0,40.3954,0.0,0.0,,0.0,0.0,0.0,4.39311,1.385,0.0,0.026,888.49,0.0,0.39,0.0,0.19989,0.046,22.6734,0.53102,0.0,0.12371,0.0,345.506,30.9,0.0,150.663,0.0,0.0,0,35.0488,0.0,1305.07,0.0,1.51255,0.0,9.9274,0.2002,0.0,0.0,0.0,6.96727,0.0,0.0,0.0,0.0,0.0,0.0,4.0012,22.33,0.0,0.0,0.0,0.0,0.0
2023-12-07 05:05:00,0.0,1587.17,1.21204,0.0,0.0,8.80518,1.3019,0.0,6.81456,0.0,0.0,6.81315,14.565,20.0967,0.0,2.62,0.0,0,2599.97,0.0,0.0,1.88579,0.43824,0.001526,17.0347,0.0,0.0,1.37621,0.0,0.0,40.5738,0.0,0.42088,,0.0,0.0,0.0,7.17269,1.435,0.42115,0.018,918.618,0.0,0.73,0.0,0.59968,0.137,19.6979,1.37282,0.0,0.15386,0.0,364.659,31.8,0.0,148.301,0.0,0.0,0,36.8579,0.0,1272.79,0.0,0.06795,1.89517,10.0768,0.27955,0.0,4.95842,0.64045,10.8766,0.0,2.38813,2.58552,0.70433,0.0,0.0,4.0012,22.68,0.0,0.0,0.0,0.0,0.0
2023-12-07 05:10:00,0.0,1591.25,1.7404,0.0,1.05,8.03173,2.1735,0.0,6.61924,0.0,0.0,8.29328,15.3951,21.7959,0.0,3.52,0.0,0,2635.56,0.0,0.0,2.79721,1.12184,0.001526,15.4448,0.0,0.0,1.63964,0.0,0.09638,40.3677,0.0,0.53981,,0.0,0.0,0.981,11.1684,1.485,0.907,0.88,904.726,0.0,1.28,0.0,1.39925,0.204,18.9197,3.35126,0.0,0.17395,0.0,351.955,30.8,0.0,147.049,0.0,1.66201,0,36.8176,0.0,1314.76,0.54566,0.0,3.27459,10.279,0.36012,0.0,5.14942,2.06208,15.5642,0.0,1.8468,1.67034,0.30057,1.189,0.0,4.0012,22.61,0.0,0.0,0.0,0.0,0.0
2023-12-07 05:15:00,0.0,1576.55,2.58206,0.0,0.7,6.96418,2.1735,0.0,7.2755,0.0,0.0,12.3674,13.5726,24.3979,0.0,3.59,0.0,0,2631.22,0.0,0.0,4.13664,2.29618,0.001526,15.7248,0.0,0.0,1.52776,0.0,0.29891,40.8353,0.0,0.36574,,0.0,0.0,1.886,15.4272,1.535,1.41726,1.736,910.048,0.0,1.97,0.0,2.59861,0.315,18.8556,4.63879,0.0,0.14381,0.0,347.741,30.7,0.0,147.071,0.0,2.08072,0,35.653,0.0,1321.57,0.34791,0.0,4.83101,9.65493,0.43947,0.0,0.0,3.27578,38.0041,0.0,0.0,7.75955,0.0,1.689,0.0,4.34416,22.43,0.0,0.0,0.0,0.0,0.0
2023-12-07 05:20:00,0.0,1583.36,3.79011,0.0,0.0,8.13116,3.19158,0.0,9.23842,0.0,0.0,14.9828,12.0931,25.2962,0.45515,3.97,0.0,0,2601.85,0.0,0.0,9.20233,4.07355,0.001526,16.0548,0.265,0.0,1.65869,0.0,1.00176,40.543,0.0,0.63792,,1.63653,0.14957,2.993,20.5494,1.535,2.47929,3.03,897.768,0.0,3.04,0.0,4.20081,0.517,18.1598,3.93845,0.0,0.1639,0.0,353.635,31.2,0.0,146.379,0.0,6.15671,0,36.3378,0.0,1313.96,0.98512,0.0121,6.96117,8.7848,0.5005,0.0,4.96542,6.01242,51.8105,0.0,0.0,0.0,0.0,4.189,0.0,4.34416,22.16,0.0,0.0,0.0,0.0,0.0
2023-12-07 05:25:00,0.0,1573.35,5.43095,0.0,0.0,6.6816,4.89082,0.0,9.43569,0.0,0.0,14.5953,10.6844,23.1987,0.14709,3.47,2.10703,0,2624.09,0.0,0.0,13.6789,5.98276,0.001526,15.0148,0.38499,0.0,1.75946,0.0,0.97827,40.8353,1.51,1.01962,,1.5761,0.24869,4.285,24.1608,1.787,3.20439,4.75,886.683,0.0,4.4,0.0,6.19974,0.844,17.3999,4.62633,0.0,0.14381,0.0,343.814,30.8,0.0,147.631,0.0,7.35302,0,36.466,0.0,1322.87,1.58816,0.0,9.78714,9.11879,0.57985,0.05005,4.87243,9.06547,70.0389,0.0,0.0,0.0,0.0,7.289,0.0,4.34416,22.39,0.0,0.0,0.0,0.0,0.0
2023-12-07 05:30:00,0.0,1592.59,7.42225,0.0,0.0,8.24106,6.82078,0.0,9.17397,0.0,0.0,14.0322,10.5245,25.2962,0.36643,3.26,4.87123,0,2610.86,0.0,0.0,17.7828,8.36072,0.001526,14.5348,0.47499,0.0,1.60711,0.0,1.34771,40.9245,3.86,1.44851,,2.41199,0.33011,5.748,32.3469,1.837,5.02083,6.918,917.714,0.0,6.33,0.0,7.79889,0.665,17.409,10.7264,0.0,0.12371,0.0,358.341,31.8,0.0,147.455,0.0,12.6253,0,35.7775,0.0,1276.02,3.03593,2.23485,13.3455,8.02893,0.66042,0.0,0.2335,12.7698,90.3822,8.99771,2.05914,18.2811,0.79405,10.289,0.0,4.34416,22.43,0.0,0.0,0.0,0.0,0.0
2023-12-07 05:35:00,0.0,1578.48,9.99236,0.0,0.0,5.05097,12.7608,0.0,10.092,0.0,0.0,12.6345,9.76394,20.0967,0.46885,3.16,5.72488,0,2575.55,0.0,0.0,20.3811,12.6186,0.001526,13.3948,0.53499,0.0,1.6444,0.0,2.37427,40.543,5.55,2.27584,,3.43923,0.45933,7.296,38.9326,1.787,6.23423,9.384,895.546,0.0,8.46,0.25,10.6004,0.783,17.2717,9.85303,0.0,0.17395,0.0,253.663,30.8,0.0,150.301,2.68711,16.4877,0,35.1623,0.0,1314.1,3.09209,0.0,17.6791,9.01332,0.76052,0.0,4.85243,17.108,111.321,3.99657,0.0,0.0,0.0,13.489,0.0,4.34416,22.55,0.0,0.0,0.0,0.0,0.0
2023-12-07 05:40:00,0.0,1566.2,12.7722,0.0,0.0,5.21215,9.05104,0.0,8.32239,0.0,0.0,12.1828,10.0838,15.999,0.57238,2.61,6.23978,0,2564.74,0.0,1.10781,28.2465,15.8828,0.001526,13.4848,0.61499,0.0,1.72375,0.0,4.28902,40.8353,10.57,2.29248,,3.72122,0.52128,8.968,41.5437,1.787,7.25719,11.812,882.704,84.0500030518,11.66,1.75,14.2016,0.844,18.0224,13.0351,0.0,0.19405,0.0,148.867,30.5,0.0,150.455,3.62097,16.462,0,33.4813,0.0,1318.2,3.90509,0.0,22.446,9.38247,0.9302,0.0,4.86043,20.3407,133.788,2.99634,0.0,0.0,0.0,15.389,0.0,4.34416,22.66,0.0,0.0,0.0,0.0,0.0
2023-12-07 05:45:00,0.0,1580.04,15.8999,0.0,0.0,5.59102,6.54246,0.0,9.43569,1.50034,0.0,11.0063,11.1531,14.5962,0.57238,3.01,6.23978,0,2575.23,0.0,2.31022,34.1128,20.2261,0.001526,13.7648,0.66499,0.0,2.24744,0.0,5.83629,40.8076,14.61,2.02368,,6.90364,1.13017,10.624,52.4357,1.93,9.36416,14.54,896.522,0.0,14.76,2.25,17.1008,0.903,18.4802,18.2262,0.0,0.15386,0.0,100.82,30.9,0.0,151.377,8.02472,25.2207,0,37.2973,0.0,1269.35,3.54376,0.0,28.043,9.32973,1.09989,0.0,0.0,7.06509,158.471,5.99702,0.0,0.0,0.0,5.289,0.0,4.34416,22.42,0.0,0.0,0.0,0.0,0.0
2023-12-07 05:50:00,0.0,1581.43,19.2904,0.0,0.0,8.22222,6.79149,0.0,9.10756,2.79812,0.0,12.3598,10.4854,11.596,0.25465,3.39,3.38073,0,2575.28,0.0,3.50042,39.6015,24.2521,0.001526,14.1248,0.95499,0.0,2.52119,0.0,7.04845,40.5738,18.68,1.29235,,11.6068,1.82403,12.548,59.3425,2.083,11.3124,17.12,895.766,0.0,18.46,2.5,20.5005,0.84,15.349,24.9611,0.0,0.12371,0.0,-0.21157,30.9,0.0,150.663,12.3003,29.1002,0,39.5386,0.0,1256.8,11.5834,0.0,34.0307,10.0944,1.28056,0.0,3.98144,7.6951,186.13,8.99771,0.0,0.12113,3.33022,8.789,0.0,4.34416,22.58,0.0,0.0,0.0,0.0,0.0
2023-12-07 05:55:00,0.79835,1587.32,22.7898,0.0,0.0,8.73925,7.34081,0.0,9.37124,2.90112,0.0,16.2951,11.1043,9.29938,0.4599,3.47,2.16123,0,2549.14,0.0,3.43328,46.0721,28.51,0.001526,14.3048,1.17498,0.0,2.66163,0.0,10.6711,40.7491,21.71,1.4304,,12.6542,1.88598,14.066,66.5916,1.877,13.0874,20.046,902.919,0.0,22.12,3.0,22.8992,0.883,12.163,31.8486,0.0,0.17395,0.0,0.0,31.5,0.0,153.882,12.3552,35.0646,0,39.7144,0.0,1262.07,3.92706,3.22336,40.1892,11.5094,1.55034,0.0,0.0225,8.69222,210.986,9.99794,0.60862,0.5189,4.69999,5.589,0.0,4.34416,22.48,0.0,0.0,0.0,0.0,0.0
2023-12-07 06:00:00,3.19585,1585.71,26.3317,0.0,0.0,12.2517,11.523,0.0,8.45521,3.89677,0.0,18.5046,10.5342,7.9984,1.38035,3.24,3.44848,0,2546.52,0.0,2.98772,53.1872,31.3518,0.001526,12.9548,1.42498,0.0,3.09566,0.0,30.8244,40.8353,4.88,1.71654,,13.7922,2.00989,15.377,73.0614,2.23,14.6377,22.294,907.582,24.5400009155,26.43,3.5,24.4007,1.054,9.89242,26.0469,0.0,0.17395,0.0,0.0,31.6,0.0,153.421,11.5953,39.021,0,38.0407,0.0,1258.93,5.3724,2.64254,46.4759,10.2702,1.81036,0.0,0.0505,8.90266,238.892,8.99771,0.66844,0.70134,8.68071,5.589,0.0,4.34416,22.5,0.0,0.0,0.0,0.0,0.0
2023-12-07 06:05:00,4.99542,1581.02,29.9903,0.0,0.0,13.763,42.6221,0.0,9.30678,4.80316,0.0,20.6241,10.0545,8.79934,2.02995,3.41,3.93628,0,2492.64,0.0,3.18914,58.5399,37.1112,0.001526,14.3148,1.75497,0.0,3.76059,0.0,12.7452,40.6907,15.15,2.62694,,26.0183,2.18512,17.359,79.405,2.168,16.6128,25.476,893.275,59.5600013733,30.02,4.25,28.8991,1.239,6.70634,27.6998,0.0,0.14381,0.0,0.0,31.0,0.0,153.751,12.3461,43.7891,0,38.6633,0.0,1207.29,23.9103,1.83833,53.2753,8.25745,2.12043,0.0,0.0,8.06502,264.637,3.99657,0.0,0.10617,5.4417,4.789,0.0,4.34416,22.6,0.0,0.0,0.0,0.0,0.0
2023-12-07 06:10:00,6.29504,1578.82,33.6596,0.0,1.43,14.3219,27.9698,0.64999,14.6135,3.99977,0.0,20.0626,10.1643,7.79927,1.92186,3.37,7.26958,0,2483.7,0.0,1.944,65.7054,44.3696,0.001526,15.0248,1.81497,0.0,3.84787,0.0,29.9244,40.6599,26.49,2.11405,,19.3513,2.56391,19.464,84.3377,2.118,18.212,28.75,868.666,39.7999992371,34.12,5.0,32.7993,0.964,3.84985,8.96309,0.0,0.14381,0.0,0.0,31.1,0.0,154.86,14.7814,48.2838,0,38.5095,0.0,1149.89,24.9845,2.69839,60.2396,12.8894,2.45003,0.0,0.0,13.762,287.681,2.99634,0.0,0.0,0.0,5.889,0.0,4.34416,22.56,0.0,1.31426,0.0,0.0,0.0
2023-12-07 06:15:00,5.19592,1593.57,37.2307,0.0,2.73,15.3915,13.9327,1.79997,7.99426,4.50103,0.0,21.9425,9.22316,6.39651,1.40128,3.47,10.088,0,2519.67,0.0,2.93889,71.7128,48.5127,0.001526,14.6248,1.98497,0.0,4.64054,0.0,7.2553,40.4538,28.12,3.21664,,20.0966,2.81349,21.202,88.3492,1.967,20.0479,32.034,888.124,10.1000003815,38.39,6.25,35.3994,1.859,2.33921,6.32943,0.0,0.15386,0.0,0.0,32.0,0.0,153.388,16.759,53.4963,0,34.5983,0.0,1095.52,7.15465,0.03816,67.0573,11.5622,2.81014,0.0,0.3185,30.2623,310.14,4.9968,3.41695,3.73996,1.38323,7.189,0.0,4.34416,22.57,0.0,2.94575,0.0,0.0,0.0
2023-12-07 06:20:00,6.19646,1577.36,40.9213,0.0,1.0,13.7107,9.27077,1.99997,9.89468,3.29938,0.0,21.1566,9.16335,5.99825,2.24525,3.68,13.0419,0,2479.43,0.0,6.14328,76.8238,50.7198,0.001526,13.8848,2.35496,0.0,4.64134,0.0,7.81722,40.8937,30.53,3.4729,,22.7251,3.29671,21.794,90.7392,2.224,21.5103,35.042,888.051,102.129997253,42.75,7.75,36.6018,1.789,1.32296,7.5311,0.0,0.13376,0.0,0.0,30.8,0.0,153.344,21.1078,56.2649,0,32.5182,0.0,1037.9,4.23713,2.58111,73.7774,16.1765,3.22031,0.0,0.0,56.3118,329.439,7.99748,0.0,0.0,5.8963,35.989,0.0,4.34416,22.39,0.0,3.96091,0.0,0.0,0.0
2023-12-07 06:25:00,8.39589,1576.21,44.6304,0.0,0.51,12.641,6.85008,2.39996,13.7658,4.70016,0.0,22.7756,9.47219,5.89647,2.55194,3.9,17.5405,0,2407.65,0.0,8.0354,81.1392,51.1934,0.001526,14.5648,0.76499,0.0,4.93175,0.0,9.3783,40.4846,33.57,2.66214,,32.4537,3.69674,24.467,93.2977,3.072,23.0143,37.708,848.328,121.480003357,46.76,9.25,37.5021,1.291,0.0,10.2861,0.0,0.00565,0.0,0.0,30.7,0.0,157.134,18.0407,65.391,0,34.8363,0.0,986.724,2.9163,0.0,81.0285,16.0007,3.65978,0.0,0.0,62.6524,349.206,10.9982,0.0,0.0,0.0,35.989,0.0,4.34416,22.43,0.0,3.77963,0.0,0.0,0.0
2023-12-07 06:30:00,9.19669,1581.63,48.2599,0.0,0.64,12.5301,6.49119,3.39995,8.3888,6.10094,0.0,24.1184,10.5538,5.09995,2.35085,4.63,28.787,0,2326.7,0.0,11.1727,85.8926,53.1319,0.001526,14.5448,3.22495,0.0,5.26421,0.0,51.841,40.6322,35.57,9.99782,,25.6054,3.26131,25.943,97.4039,2.341,24.838,40.62,822.889,158.949996948,50.7,10.75,38.6007,1.899,0.0,7.26958,0.0,0.184,0.0,0.0,31.0,0.0,155.431,14.8364,73.2866,0,35.2026,0.0,929.74,3.41436,0.0,88.0354,15.8777,4.10047,0.0,0.0055,62.847,361.675,12.9986,0.0,0.0,0.0,35.989,0.0,4.34416,22.6,0.0,5.84619,0.0,0.0,0.0
2023-12-07 06:35:00,12.0939,1576.92,52.1097,0.0,0.83,8.82298,8.38087,3.99994,7.79895,9.19776,0.0,22.4735,12.1028,5.49821,2.35085,4.62,18.3535,0,2280.89,0.0,8.68238,90.4296,54.3478,0.001526,15.4048,1.98497,0.0,5.87994,0.0,50.5508,40.3954,37.62,11.0316,,19.8045,2.27716,28.134,99.6202,2.188,26.2565,42.36,810.022,231.149993896,55.27,12.75,39.6017,1.215,0.0,9.62089,0.0,0.14381,0.0,0.0,0.6,0.0,157.991,8.61982,74.7051,0,31.2438,0.0,875.295,4.99641,0.0,94.7066,15.6755,4.57045,0.0,0.0,63.8177,371.673,10.9982,0.10318,0.0,0.0,35.989,0.0,4.34416,22.31,0.0,8.43845,0.0,0.0,0.0
2023-12-07 06:40:00,13.2963,1582.95,55.6303,0.0,0.0,6.81138,10.9627,4.59993,7.66613,10.3994,0.0,24.0055,12.7437,5.59998,3.28883,5.13,18.7735,0,2337.41,0.0,7.81567,93.889,55.5782,0.001526,15.6548,1.78497,0.0,6.40998,0.0,58.3885,40.8076,39.63,4.16102,,14.0842,1.72668,29.454,101.563,3.146,26.9206,43.442,777.966,270.329986572,59.33,14.5,40.5997,0.969,0.0,13.3523,0.0,0.14381,0.0,0.0,0.0,0.0,160.573,6.86198,74.0557,0,32.6464,0.0,815.113,5.31868,0.0,101.396,15.2536,5.0502,0.0,0.0,62.9903,379.171,9.99794,0.0,0.0,4.51157,35.989,0.0,4.34416,22.43,0.0,11.1214,0.0,0.0,0.0
2023-12-07 06:45:00,19.2986,1583.17,58.8695,0.0,0.0,6.76114,9.13161,5.29992,12.0588,14.4026,0.0,23.2807,11.7342,5.69734,4.06515,4.83,21.6326,0,2325.38,0.0,12.7474,96.301,55.0973,4.79896,16.2048,1.70497,1.08547,6.75673,0.0,62.9678,40.8076,40.63,3.00762,,18.9082,2.44532,31.5,103.305,2.206,27.7116,44.306,745.959,314.209991455,63.11,16.5,33.901,1.579,0.0,41.7601,0.0,0.12371,0.0,0.0,0.0,0.0,160.705,11.0918,74.5513,0,32.5804,0.0,763.573,4.11261,0.06981,107.189,17.073,5.47014,0.0,0.0085,65.2882,385.498,10.9982,0.01346,0.0015,0.0,35.989,0.0,4.34416,22.35,0.0,13.6774,0.0,0.0,0.0
2023-12-07 06:50:00,25.0986,1558.24,62.43,0.0,0.0,5.23099,7.71069,5.79991,19.3323,13.201,0.0,23.7232,10.5525,5.29908,3.04256,5.23,18.3128,0,2276.91,0.0,12.369,98.4109,57.5973,7.3991,17.7147,1.85497,1.77737,6.75196,0.0,68.0018,40.5123,40.63,2.63642,,36.0993,5.11986,23.079,105.106,2.466,28.8689,45.138,715.392,324.529998779,67.41,18.75,42.0005,1.806,0.0,67.9694,0.0,0.14381,0.0,0.0,0.0,0.0,160.881,28.4413,74.295,0,31.4635,0.0,703.195,4.49592,0.0,113.933,18.9451,6.03046,0.0,0.0135,65.3251,391.888,16.9995,0.04337,0.27366,0.0,35.989,0.0,4.34416,22.39,0.0,16.7591,0.0,0.0,0.0
2023-12-07 06:55:00,29.0958,1552.16,65.9798,0.0,0.0,4.13309,8.5127,5.89991,13.2385,13.098,0.0,26.2058,11.4937,4.49813,4.0233,5.41,23.8954,0,2268.52,0.0,8.16968,99.4884,58.3273,8.90059,17.5447,1.91497,0.0,7.34231,0.0,79.188,40.6907,41.64,2.36237,,43.1389,14.4038,24.454,106.522,2.466,27.2917,45.782,698.399,336.690002441,71.16,21.0,42.6017,1.678,0.0,21.7437,0.0,0.15386,0.0,0.0,0.0,0.0,160.551,143.928,74.6026,0,29.7093,0.0,655.22,4.39094,0.0,120.024,23.2958,6.50044,0.0,0.0,62.9985,397.263,24.9927,0.0,0.0015,0.0,35.989,0.0,4.34416,22.33,0.0,21.2547,0.0,0.0,0.0
2023-12-07 07:00:00,31.8962,1590.27,69.1898,0.0,0.0,3.57315,11.8526,5.99991,10.9435,11.6972,0.0,28.0201,11.0164,7.59571,6.94886,6.6,12.2289,0,2276.26,0.0,7.37621,99.3374,59.0988,8.5008,18.6547,2.08497,0.0,6.73054,0.0,23.4138,40.866,42.64,1.52141,,47.3184,15.2268,14.256,107.827,2.618,26.5202,46.616,717.613,192.699996948,75.23,23.5,43.1022,1.289,0.0,17.3075,0.0,0.14381,0.0,42.0,0.0,0.0,157.892,87.9149,75.2776,0,24.5347,0.0,594.501,5.21126,0.12007,126.0,22.1795,6.98019,0.0,0.0,63.957,398.288,62.9927,0.0,0.0,0.0,35.989,0.0,4.34416,22.29,0.0,26.3124,0.0,0.0,0.0
2023-12-07 07:05:00,37.3958,1569.2,72.4794,0.0,0.0,3.22358,14.1122,7.69988,16.5159,10.9007,0.0,37.6272,12.0235,8.59579,3.66234,6.82,9.89828,0,2340.1,0.0,6.55222,99.2618,60.6174,3.99939,17.9847,2.23497,0.0,5.05315,0.0,19.2891,40.8076,43.65,1.25498,,24.9508,5.43139,36.03,109.017,2.619,21.5958,47.36,703.99,190.850006104,78.97,26.0,43.7003,1.647,0.0,22.4017,0.0,0.15386,0.0,41.7,0.0,0.0,158.914,23.8086,76.2176,0,20.997,0.0,541.276,6.75669,2.52898,131.688,20.3602,7.45994,0.0,0.0175,63.9304,398.37,26.9931,0.18393,39.1207,24.2477,35.989,0.0,4.34416,22.62,0.0,27.7445,0.0,0.0,0.0
2023-12-07 07:10:00,35.4994,1560.31,76.2895,0.0,0.0,3.70293,16.6427,8.29987,16.8401,10.7977,0.0,41.706,14.4039,10.2995,4.0983,7.92,10.6706,0,2408.63,0.0,11.8502,99.146,61.3864,3.80102,18.3747,2.08497,0.0,4.64927,0.0,14.5132,41.0106,43.65,1.10765,,13.3289,1.86474,39.476,110.028,2.869,27.0622,48.094,683.116,255.410003662,82.41,28.5,44.2008,1.406,0.0,30.2531,0.0,0.13376,0.0,41.1,0.0,0.0,158.738,8.6656,75.7989,0,21.4877,0.0,588.446,7.77966,0.0363,136.449,19.0418,7.92016,0.0,0.1285,64.0963,398.462,31.9943,2.10101,2.35224,0.83592,35.989,0.0,4.34416,22.7,0.0,28.0164,0.0,0.0,0.0
2023-12-07 07:15:00,39.696,1535.36,78.3604,0.0,0.0,2.88447,14.0426,9.19986,10.7482,9.69902,0.0,37.7569,15.6027,11.596,3.13267,8.7,17.2017,0,2463.2,0.0,46.2867,99.1158,62.2654,3.00145,18.3747,2.11497,1.77737,5.08013,0.0,12.3709,40.7491,44.65,1.74394,,8.1323,1.12663,39.541,93.9399,2.567,26.0124,40.096,655.454,311.940002441,86.02,31.0,44.8997,1.605,0.0,14.7495,0.0,0.13376,0.0,40.0,0.0,0.0,156.871,5.99222,74.7051,0,20.0339,0.0,628.877,5.97299,3.1731,139.898,17.9871,7.85058,0.0,0.0145,64.94,397.098,17.9998,0.41721,0.0,0.20786,35.989,0.0,4.34416,22.33,0.0,28.6509,0.0,0.0,0.0
2023-12-07 07:20:00,41.0977,1529.7,79.1091,0.0,0.0,2.45641,15.7125,11.7998,8.97865,15.3983,0.0,30.3365,16.1129,11.8969,5.22445,8.49,18.489,0,2494.69,0.0,19.205,99.136,62.761,3.00145,18.0147,2.49496,2.00906,6.05609,0.0,14.2188,40.7768,44.65,2.52672,,6.45045,0.94432,39.681,109.996,2.567,29.8112,48.644,627.964,283.440002441,89.07,33.5,45.5009,2.54,0.0,11.7538,0.0,0.14381,0.0,30.7,0.0,0.0,153.267,4.26184,75.3033,0,24.0732,0.0,648.36,6.17807,0.02513,142.821,17.1873,8.80032,0.0,0.0,63.7338,396.915,36.9954,0.0314,5.14861,0.0,35.989,0.0,4.34416,22.32,0.0,27.9801,0.0,0.0,0.0
2023-12-07 07:25:00,34.4989,1509.29,79.9508,0.0,0.0,1.88496,18.0233,8.59987,10.8771,17.3003,0.0,21.6312,16.434,11.6978,4.2985,7.19,23.5296,0,2478.87,0.0,44.9439,99.1511,62.1018,5.50088,19.1247,6.5949,2.82158,6.84956,0.0,20.2199,41.1583,44.65,4.4032,,8.90776,1.30541,39.867,108.875,2.767,29.4719,49.718,584.311,309.329986572,92.52,36.0,46.5995,2.566,0.0,19.6772,0.0,0.15386,0.0,0.0,0.0,0.0,151.696,6.79789,73.6028,0,26.8235,0.0,617.548,7.53552,2.24602,145.147,14.7527,9.21049,0.0,0.0,63.0743,396.777,117.997,0.0,0.0,0.0,35.989,0.0,4.34416,22.33,0.0,25.5873,0.0,0.0,0.0
2023-12-07 07:30:00,28.5959,1511.29,80.8907,0.0,0.0,2.2879,16.5109,5.09992,11.0099,23.3978,0.0,19.0768,14.5431,13.2997,2.1664,4.97,32.6081,0,2462.39,0.0,25.1926,99.1007,67.1311,5.59854,19.2147,5.55492,3.68487,6.20844,0.0,24.5699,40.9522,45.64,3.74605,,18.878,2.56568,40.071,111.791,3.019,29.7063,50.236,550.423,226.600006104,95.14,38.25,46.9017,3.166,0.0,20.2843,0.0,0.13376,0.0,0.0,0.0,0.0,149.927,11.1284,74.5257,0,27.263,0.0,573.528,8.36805,0.0,147.271,10.8327,9.68047,0.0,0.0015,64.0,399.634,114.996,0.15702,0.17795,10.5469,35.989,0.0,4.34416,22.63,0.0,23.4845,0.0,0.0,0.0
2023-12-07 07:35:00,26.9972,1488.12,81.3394,0.0,0.0,2.58828,15.7601,16.0998,8.91225,20.198,0.0,15.3002,14.5443,11.4987,3.8743,4.34,21.4293,0,2410.39,0.0,37.2778,99.1309,43.2831,5.29946,18.4247,6.2549,5.53524,4.67784,0.0,16.9646,40.3369,45.64,4.23475,,16.2696,2.26831,40.179,95.0191,3.321,29.6745,42.022,524.691,341.899993896,97.65,41.0,30.602,2.914,0.0,34.7851,0.0,0.14381,0.0,0.0,0.0,0.0,150.004,10.515,75.0469,0,27.0066,0.0,555.022,7.33043,2.78775,149.444,7.7301,9.65972,0.0,0.0,64.2826,397.272,125.998,0.28562,0.30954,0.33945,35.989,0.0,4.34416,22.58,0.0,20.7472,0.0,0.0,0.0
2023-12-07 07:40:00,28.0961,1495.96,82.0801,0.0,0.0,1.09895,18.1515,5.19992,9.43569,21.0975,0.0,16.1898,13.1344,10.9986,3.4327,3.73,24.6678,0,2350.33,0.0,18.9242,99.1309,69.5604,5.90066,15.8848,6.16491,2.98027,2.66084,0.0,13.2854,40.8076,47.43,6.69875,,21.7784,2.5232,40.329,110.654,3.522,29.5964,50.972,499.202,298.619995117,98.68,43.0,46.3004,2.712,0.0,29.4067,0.0,0.15386,0.0,0.0,0.0,0.0,151.784,10.5241,74.6453,0,26.1643,0.0,604.779,10.9926,2.89758,151.147,6.93028,10.4898,0.0,0.0,64.1495,397.098,54.9995,0.0,0.0,0.0,36.089,0.0,4.34416,22.7,0.0,18.3362,0.0,0.0,0.0
2023-12-07 07:45:00,26.4957,1483.29,82.4094,0.0,0.0,0.0,21.9126,11.1998,7.47082,30.0996,0.0,16.5286,13.5347,8.39666,3.6521,2.92,31.9306,0,2320.3,0.0,21.1154,99.0856,56.0836,6.59953,15.0048,6.5749,0.7903,1.74359,0.0,11.6884,40.866,29.25,5.03142,,47.6507,4.89506,40.393,112.002,3.317,24.882,51.624,497.102,270.649993896,99.42,45.0,37.4014,2.332,0.0,22.4753,0.0,0.1639,0.0,0.0,0.0,0.0,149.29,20.705,75.9356,0,27.2374,0.0,637.495,10.2162,3.1005,144.018,5.90195,10.8805,0.0,0.0815,64.4854,396.448,39.9961,0.77311,0.0,0.0,32.989,0.0,4.34416,22.53,0.0,13.7499,0.0,0.0,0.0
2023-12-07 07:50:00,25.5946,1457.48,83.2803,0.0,0.0,0.0,23.7913,9.99985,7.47082,28.6027,0.0,14.7723,11.8221,9.69764,6.7305,2.35,53.1499,0,2298.13,0.0,16.0739,99.1057,67.39,14.3999,11.1448,2.98495,0.0,1.83008,0.0,11.0167,40.6015,38.26,4.2688,,72.0023,23.5832,40.577,110.891,4.082,28.6882,52.064,466.413,192.130004883,100.02,47.5,27.2999,3.44,0.0,26.8865,0.0,0.14381,0.0,0.0,0.0,0.0,146.477,143.754,28.9891,0,23.7729,0.0,688.278,11.4174,1.4958,146.6,3.67828,11.2699,0.0,0.0,61.6899,396.008,53.9993,0.0,0.0,0.0,35.989,0.0,4.34416,22.29,0.0,18.0461,0.0,0.0,0.0
2023-12-07 07:55:00,26.9937,1429.11,83.7608,0.0,0.0,0.0,15.9908,12.1998,7.338,27.7031,0.0,13.6934,8.63478,11.9987,7.15366,2.41,131.523,0,2261.63,0.0,17.8561,99.0856,55.9811,17.9004,10.6548,7.50489,0.0,1.80786,0.0,12.3305,40.7491,46.11,4.83251,,59.4438,8.93431,40.66,111.733,3.725,28.6198,52.27,465.827,112.739997864,100.62,50.0,17.2015,3.814,0.0,45.4596,0.0,0.12371,0.0,0.0,0.0,0.0,148.136,47.8416,41.2341,0,20.8872,0.0,638.472,5.4725,1.67823,148.486,5.81405,11.6495,0.0,0.0,63.0702,395.972,79.9966,0.0,0.0,0.0,35.989,0.0,4.34416,22.34,0.0,15.3089,0.0,0.0,0.0
2023-12-07 08:00:00,30.7978,1378.13,84.2387,0.0,0.0,0.0,14.0426,23.6996,0.0,45.7004,0.0,14.934,8.79347,9.79942,8.10957,2.57,41.3614,0,2242.34,0.0,35.3551,99.0856,63.7571,13.2006,9.04486,3.54495,0.08252,1.53887,0.0,11.5323,40.5738,46.1,6.41178,,59.182,9.54144,41.011,110.939,3.377,28.9201,52.448,454.914,157.990005493,101.39,52.25,49.5994,3.625,0.0,51.8153,0.0,0.08352,0.0,0.0,0.0,0.0,149.334,100.201,60.1871,0,20.0375,0.0,592.718,4.88167,0.5259,157.073,4.72419,12.0597,0.0,0.0,62.7507,396.97,113.996,0.0,0.10617,0.0,35.989,0.0,4.34416,22.46,0.0,9.09105,0.0,0.0,0.0
2023-12-07 08:05:00,30.4971,1365.27,84.5892,0.0,0.0,0.0,21.5317,25.9996,0.0,30.2987,0.0,17.0153,10.594,19.7958,14.2228,1.69,41.8628,0,2266.47,0.0,22.7939,99.0906,51.5328,9.70016,10.8448,3.09495,1.17116,1.8753,0.0,13.782,40.4538,48.12,7.71891,,121.491,19.6785,40.99,110.433,3.636,28.7883,52.738,469.416,210.539993286,102.04,54.5,39.501,4.364,0.0,26.2358,0.0,0.14381,0.0,0.0,0.0,0.0,147.543,77.0382,26.5281,0,24.2637,0.0,560.588,10.0185,1.82902,149.139,6.24472,12.4406,0.0,0.0,63.9877,395.413,155.997,0.01944,0.0,6.77259,36.089,0.0,4.34416,22.39,0.0,7.49581,0.0,0.0,0.0
2023-12-07 08:10:00,29.8942,1323.93,84.9901,0.0,0.0,0.0,26.1826,25.1996,7.2091,24.9016,0.0,20.2838,10.7637,20.2958,7.15571,1.51,39.8303,0,2204.77,0.0,14.3709,99.0302,67.2386,3.5996,11.4348,5.45492,1.06325,3.95419,0.0,16.7429,41.0998,48.12,4.10496,,196.751,28.2951,41.277,113.402,3.391,22.6334,52.718,462.019,119.430000305,102.76,56.75,29.3996,3.026,0.0,29.7523,0.0,0.13376,0.0,0.0,0.0,0.0,149.334,141.767,0.0,0,23.6301,0.0,558.489,23.0094,0.54452,151.525,8.52113,12.7995,0.0,0.0,62.9944,395.569,68.994,0.0,4.84355,1.76007,35.989,0.0,4.34416,22.21,0.0,3.7615,0.0,0.0,0.0
2023-12-07 08:15:00,23.4953,1322.64,85.1388,0.0,0.0,0.0,26.6404,27.9996,1.96683,7.70085,0.0,23.1296,12.0931,19.8975,8.84326,1.3,38.665,0,2219.74,0.0,14.3404,99.0453,67.2093,2.29954,12.9548,3.80494,1.7012,3.94229,0.0,20.4605,40.6322,48.12,5.35066,,156.709,12.0691,41.397,114.629,5.019,26.3688,44.732,485.457,74.0400009155,103.26,59.0,19.2004,5.102,0.0,48.3072,0.0,0.17395,0.0,0.0,0.0,0.0,145.577,129.343,3.04631,0,23.0881,0.0,607.855,30.5315,2.13991,153.149,7.91467,12.6701,0.0,0.1555,64.6287,394.47,37.9957,1.58361,0.0,19.6329,35.989,0.0,4.34416,22.5,0.0,3.70712,0.0,0.0,0.0
2023-12-07 08:20:00,19.0943,1292.22,85.5211,0.0,0.0,0.0,71.1723,28.9996,8.65052,10.5024,0.0,25.742,11.2642,19.2957,9.51194,1.36,39.7354,0,2237.0,0.0,15.0485,99.0352,67.4632,2.90074,14.8748,3.09495,1.35525,3.75662,0.0,22.0293,40.6322,48.12,8.40038,,84.0774,9.922,41.623,114.608,5.305,29.2155,53.278,467.195,85.1100006104,103.71,61.0,9.09896,2.864,0.0,36.4839,0.0,0.14381,0.0,0.0,0.0,0.0,149.609,130.378,35.4321,0,24.2563,0.0,555.193,26.8034,1.98354,154.784,5.76132,13.4904,0.0,0.0,86.5116,394.818,19.9915,0.0,0.0,0.0,15.089,0.0,4.34416,22.61,0.0,3.09078,0.0,0.0,0.0
2023-12-07 08:25:00,17.7947,1258.84,85.8397,0.0,0.0,0.0,51.6017,31.5995,6.42393,8.7995,0.0,27.3793,13.1734,18.2956,5.17914,1.72,56.4561,0,2223.57,0.0,19.968,99.0453,65.2805,3.40124,14.8748,4.99492,1.79641,4.54215,0.0,31.2678,40.6322,48.12,8.02381,,129.618,16.9774,41.699,113.892,3.121,28.9812,53.318,466.487,32.5,103.93,63.0,46.9993,11.643,0.0,31.6164,0.0,0.15386,0.0,0.0,0.0,0.0,140.424,116.883,71.1077,0,21.9529,0.0,517.814,19.379,0.0,162.023,7.66857,13.7797,0.0,0.0,82.5016,394.864,28.9936,0.0,0.0,0.0,20.189,0.0,4.34416,22.42,0.0,0.0,0.0,0.0,0.0
2023-12-07 08:30:00,20.3933,1232.89,86.0309,0.0,0.56,2.57886,19.3417,30.2995,0.0,6.19707,0.0,26.656,12.5338,16.8973,3.6681,2.13,24.9252,0,2232.9,0.0,32.1325,101.437,68.4666,4.49989,13.2548,3.83494,1.19973,3.38607,0.0,29.8363,40.6322,49.12,6.26176,,177.737,25.086,41.813,115.039,10.453,29.1252,53.684,467.268,0.0,104.28,65.25,49.5994,4.032,0.0,34.8041,0.0,0.12371,0.0,0.0,0.0,0.0,142.753,178.874,73.2866,0,23.0002,0.0,505.167,9.32509,0.0,163.317,7.29943,14.1496,0.0,0.0,65.6712,393.875,26.9931,0.0,0.0,0.0,35.989,0.0,4.34416,22.35,0.0,1.54992,0.0,0.0,0.0
2023-12-07 08:35:00,18.1969,1208.48,86.3389,0.0,0.73,1.95299,19.5322,32.6995,0.0,7.30259,0.0,27.9271,11.9051,15.3972,3.1968,1.11,26.7816,0,2261.7,0.0,31.7662,99.0352,54.4478,5.29946,10.5248,2.91496,0.89821,2.39661,0.0,60.3443,40.9522,49.12,4.44979,,192.39,29.0137,42.028,114.666,8.258,29.0446,53.796,476.179,0.0,104.45,67.25,39.6017,5.791,0.0,29.7318,0.0,0.17395,0.0,0.0,0.0,0.0,140.094,186.729,44.9512,0,19.7446,0.0,545.573,13.3217,0.0,155.987,7.8883,14.4401,0.0,0.0,63.4696,390.991,44.9972,0.0,0.0,3.12685,35.989,0.0,4.34416,22.55,0.0,3.77963,0.0,0.0,0.0
2023-12-07 08:40:00,25.3984,1206.26,86.7903,0.0,0.0,1.68401,20.77,32.2995,0.0,5.79881,0.0,15.0439,12.6131,10.8968,5.65427,0.47,26.9442,0,2283.09,0.0,55.6497,99.0453,65.6565,4.89967,9.12486,3.08495,1.36159,5.27532,0.0,35.9854,40.7184,49.12,6.26278,,137.121,22.0787,42.149,115.003,6.09,28.798,53.418,484.431,0.0,104.71,69.0,29.5003,4.649,0.0,21.1345,0.0,0.17395,0.0,0.0,0.0,0.0,137.611,93.6095,5.18257,0,18.4262,0.0,531.632,12.7431,1.63914,157.891,6.64903,14.8405,0.0,0.0345,64.641,390.771,57.9915,1.13201,0.04038,0.18692,35.989,0.0,4.34416,22.38,0.0,5.53802,0.0,0.0,0.0
2023-12-07 08:45:00,27.7976,1192.56,86.9708,0.0,0.0,3.88295,20.3928,31.1995,8.3888,5.49668,0.0,12.8313,11.8843,10.6977,4.8151,1.34,27.6353,0,2265.81,0.0,46.067,99.005,66.5013,4.39918,11.4248,4.26494,2.08524,6.1648,0.0,23.2612,40.8353,49.12,10.5139,,143.425,16.4074,42.351,114.755,4.652,28.8566,54.01,464.826,0.0,104.83,71.0,19.3011,5.342,0.0,23.5205,0.0,0.14381,0.0,0.0,0.0,0.0,137.26,74.2458,13.0611,0,19.968,0.0,586.639,11.4809,0.0,159.197,10.4899,15.1604,0.85145,0.0,64.2355,390.698,51.9989,0.0,0.0,0.0,35.989,0.0,4.34416,22.46,0.0,5.57427,0.0,0.0,0.0
2023-12-07 08:50:00,28.2987,1182.87,87.0,0.0,0.18,6.79045,25.1426,34.2995,8.3888,8.7995,0.0,16.0754,11.274,9.89677,6.07693,1.53,52.3098,0,2247.84,0.0,40.6836,98.9748,67.202,4.89967,14.7848,4.17494,1.8472,4.82383,0.0,22.0416,40.6015,50.14,13.9336,,78.9815,10.5256,42.553,114.971,6.437,28.969,54.058,484.041,130.300003052,104.93,73.0,9.19966,4.361,0.0,38.1748,0.0,0.17395,0.0,0.0,0.0,0.0,142.072,49.2973,16.1544,0,18.4335,0.0,552.483,12.0034,0.0,160.528,13.2321,15.4595,4.55818,0.0405,65.1407,390.488,39.9961,0.11814,0.0,15.0122,35.989,0.0,4.34416,22.51,0.0,9.56237,0.0,0.0,0.0
2023-12-07 08:55:00,26.7974,1178.42,86.9203,0.0,0.0,6.7423,37.7404,34.8995,18.0237,10.9968,0.0,16.2753,13.4151,10.6977,12.1953,1.09,49.0036,0,2222.37,0.0,26.7185,98.9446,63.0246,4.79896,14.4748,6.7149,1.93924,5.26659,0.0,23.1117,40.6907,50.14,27.2978,,44.2165,6.02966,42.569,115.024,11.223,15.1846,53.864,470.954,33.8199996948,105.06,74.75,45.7999,4.312,0.0,85.9066,0.0,0.15386,0.0,0.0,0.0,0.0,132.887,30.9773,0.0,0,16.3058,0.0,540.495,18.8492,0.0,161.859,16.5105,15.8306,7.39208,0.0685,64.9974,390.314,45.9975,0.04038,0.0,0.0,31.289,0.0,4.34416,22.47,0.0,11.8646,0.0,0.0,0.0
2023-12-07 09:00:00,29.4959,1199.1,86.8251,0.0,0.0,6.11433,36.1913,36.3994,22.2816,21.0975,0.0,18.8281,11.4449,12.7997,13.5613,0.86,49.9115,0,2214.51,0.0,23.9963,98.9547,65.1194,4.20081,16.1647,3.09495,7.32531,5.82519,0.0,18.5774,40.7491,50.14,9.96454,,41.6988,5.36059,42.815,115.034,5.834,14.3984,54.134,509.651,72.5,105.0,76.5,45.7999,5.751,0.0,27.1171,0.0,0.15386,0.0,0.0,0.0,0.0,143.138,26.8025,3.59319,0,16.4999,0.0,535.124,14.2959,2.63696,163.073,14.5505,16.0906,7.03685,0.41749,72.0036,390.497,36.9954,3.4977,3.08498,1.40716,18.389,0.0,4.34416,22.42,0.0,10.3962,0.0,0.0,0.0
2023-12-07 09:05:00,28.9968,1193.83,86.8911,0.0,0.0,6.45134,59.9222,38.0994,21.2972,14.1966,0.0,17.7554,10.8528,11.9987,5.5895,0.57,35.5756,0,2166.46,0.0,23.9353,98.9345,65.72,3.70031,21.5447,4.10494,11.1657,6.30127,0.0,13.865,40.7768,41.61,6.91661,,44.9114,5.46679,42.979,115.003,4.374,14.9136,53.63,511.971,158.61000061,105.04,78.25,45.6992,8.961,0.0,18.7132,0.0,0.14381,0.0,0.0,0.0,0.0,137.622,27.0863,3.91791,0,16.5621,0.0,559.88,34.8162,2.48803,164.294,14.1989,16.3298,6.42649,0.3165,65.3578,390.414,57.9915,3.42593,2.82777,1.20977,35.989,1.34,4.34416,22.58,0.0,11.9915,0.0,0.0,0.0
2023-12-07 09:10:00,25.2937,1187.41,86.842,0.0,0.0,7.40167,31.9615,38.6994,18.8089,29.5983,0.0,20.1144,11.6548,10.6977,5.00636,0.7,34.8574,0,2130.33,0.0,30.576,98.8842,64.4456,4.29847,20.3147,3.28495,8.84877,8.68882,0.0,12.5348,41.189,28.84,4.36378,,47.4493,6.74476,42.884,115.008,5.042,14.5058,53.966,507.161,230.11000061,105.05,80.0,45.7999,15.92,0.0,16.9485,0.0,0.17395,0.0,0.0,0.0,0.0,135.546,35.0057,3.1574,0,17.8988,0.0,607.025,44.1962,2.55877,165.478,13.2937,16.5203,5.85397,0.1595,65.2329,389.883,107.994,1.86474,0.96153,0.82097,35.989,2.86,4.34416,22.32,0.0,14.4206,0.0,0.0,0.0
2023-12-07 09:15:00,16.1957,1147.69,86.9602,0.0,0.0,5.39217,99.9313,39.8994,10.4201,43.0018,0.0,24.5212,12.0137,10.6977,5.67373,1.88,36.7544,0,2069.54,0.0,41.947,98.859,61.8601,5.10109,27.2346,8.86487,9.69937,8.17942,0.0,14.7174,40.866,40.29,4.2601,,41.5779,5.49688,43.289,113.46,11.307,18.1729,53.45,470.1,116.690002441,104.98,81.5,45.6992,17.194,0.0,15.0595,0.0,0.13376,0.0,0.0,0.0,0.0,127.306,27.6722,0.0,0,16.1959,0.0,663.399,27.614,0.0,166.467,11.9841,16.8206,5.50362,0.0,63.1194,389.92,136.992,0.0,0.0,9.8172,35.989,2.86,4.34416,22.47,0.0,13.0248,0.0,0.0,0.0
2023-12-07 09:20:00,13.0974,1117.73,86.9203,0.0,0.0,6.55182,47.5294,40.1994,12.256,27.9023,0.0,28.188,12.4642,6.89654,3.67091,3.09,39.5186,0,2058.82,0.0,55.6436,98.8187,61.0861,4.1001,25.0646,9.88485,7.10314,9.37755,0.0,23.2417,40.5738,23.99,6.93606,,52.515,7.34304,43.013,110.544,11.025,13.8515,53.876,466.535,113.089996338,104.97,83.0,45.5009,7.308,0.0,24.6209,0.0,0.08352,0.0,0.0,0.0,0.0,122.043,39.0524,0.0,0,13.5628,0.0,717.747,23.3439,0.0,166.082,11.6677,17.0696,5.21004,0.0,61.397,390.03,112.995,0.0,0.0,0.0,35.989,2.86,4.34416,22.38,0.0,9.30858,0.0,0.0,0.0
2023-12-07 09:25:00,10.1966,1086.02,86.7903,0.0,0.0,8.14267,44.5521,41.7994,17.1018,26.5015,0.0,28.6351,12.6241,7.79927,3.05114,4.02,46.4833,0,2021.3,0.0,105.644,98.5972,60.2365,2.80003,29.5046,6.4649,7.35705,7.53036,0.0,31.8351,40.4846,18.77,21.4897,,69.9478,9.55383,43.143,110.802,5.788,21.6129,53.908,461.994,50.9799995422,105.01,84.5,45.6016,6.008,0.0,17.0169,0.0,0.12371,0.0,0.0,0.0,0.0,126.46,48.1712,0.0,0,21.4365,0.0,778.222,17.9068,0.0,165.82,14.1374,17.2503,2.74968,0.0,39.7517,389.7,171.992,0.0,0.0,0.0,30.089,1.34,4.34416,22.55,0.0,9.23607,0.0,0.0,0.0
2023-12-07 09:30:00,11.7973,1060.55,86.6708,0.0,0.0,8.05057,28.5814,42.5993,7.73254,8.00298,0.0,34.2702,12.2432,12.1978,3.79686,5.71,56.7542,0,2007.57,0.0,111.046,98.6022,62.5827,4.1001,32.5845,4.22494,7.56652,9.4815,0.0,32.4803,40.6599,37.22,13.5526,,67.6617,9.44585,43.259,110.791,6.323,21.3932,54.026,466.828,0.0,105.01,85.75,33.5012,6.004,0.0,15.1716,0.0,0.17395,0.0,0.0,0.0,0.0,118.726,49.3706,0.0,0,24.5054,0.0,739.207,16.5176,0.0,165.747,14.9548,17.5298,4.09674,0.0,38.9816,389.361,132.0,0.03738,0.1301,0.0,35.889,0.0,4.34416,22.46,0.0,12.3903,0.0,0.0,0.0
2023-12-07 09:35:00,13.7955,1029.13,86.5407,0.0,0.0,6.66067,27.8929,43.5993,1.96683,28.1014,0.0,35.6741,13.3541,9.59587,4.31488,5.07,60.5211,0,1968.24,0.0,75.7488,98.4461,20.4825,9.09896,30.2445,3.52495,7.65539,9.69653,0.0,53.7621,40.5123,19.99,12.2399,,69.3436,9.93085,43.294,110.333,7.653,17.2647,54.228,465.803,0.0,104.99,87.0,16.3989,14.643,1.07576,24.8695,0.0,0.14381,0.0,0.0,0.0,0.0,111.343,54.9737,0.0,0,22.5937,0.0,800.244,24.8869,0.0,165.234,11.4743,17.7605,4.67597,0.0,77.0826,389.407,119.997,0.0,0.0,0.0,35.089,0.0,4.34416,22.44,0.0,12.2453,0.0,0.0,0.0
2023-12-07 09:40:00,15.0989,1010.75,86.3203,0.0,0.0,5.92175,21.312,44.3993,6.88096,43.9013,0.0,36.2936,12.5338,10.0959,4.92954,5.36,45.6974,0,1947.61,0.0,30.2281,98.4008,69.6092,26.3996,32.3045,9.86485,9.62319,9.40612,0.0,21.1517,40.6907,21.08,29.5967,,80.7842,10.8619,43.556,109.917,11.582,28.781,54.046,472.297,0.0,104.99,88.75,49.7002,5.3,3.21813,58.2141,0.0,0.12371,0.0,0.0,0.0,0.0,101.762,58.352,68.2536,0,25.6553,0.0,850.661,12.6284,0.0,104.949,9.24184,18.0096,6.71702,0.0115,65.3906,389.297,73.9952,0.77311,0.89873,0.25272,21.689,0.0,4.34416,22.57,0.0,12.8616,0.0,0.0,0.0
2023-12-07 09:45:00,12.393,964.773,86.1398,0.0,0.0,4.13204,39.5203,45.1993,6.81456,13.0018,0.0,38.8327,15.8541,7.9984,5.81965,6.14,39.0444,0,1940.43,0.0,51.078,98.3605,63.6375,22.7008,35.6545,8.77487,13.0383,11.0716,0.0,19.7509,43.7085,20.11,13.5373,,62.6766,9.24407,43.482,107.917,9.718,27.8923,53.87,465.119,54.8100013733,104.98,89.0,46.7002,17.483,3.58434,32.2476,0.0,0.08352,0.0,0.0,0.0,0.0,97.214,53.994,60.9476,0,23.2529,0.0,905.594,13.8491,0.0,106.621,16.115,18.15,8.46754,0.0,64.1188,389.325,58.9918,0.0,0.0,0.0,17.589,0.0,4.34416,22.42,0.0,10.7407,0.0,0.0,0.0
2023-12-07 09:50:00,11.3961,942.483,86.0999,0.0,0.0,2.06497,51.7006,46.0993,8.58412,22.4021,0.0,53.6706,18.2748,6.29915,10.645,9.14,38.2991,0,1942.0,0.0,92.3995,98.3202,64.0916,19.7986,39.5844,3.29495,11.3244,12.3705,0.0,12.8461,43.2962,47.05,21.5061,,65.1238,10.0884,44.114,109.622,11.241,19.938,53.94,468.684,110.419998169,105.02,91.25,26.3996,8.997,4.42664,86.5707,0.0,0.17395,0.0,0.0,0.0,0.0,94.2477,54.2504,2.92668,0,20.6125,0.0,853.127,18.3829,0.0,144.518,14.1726,18.2696,8.76051,0.0,45.6335,389.242,61.9925,0.0,0.0,0.0,20.189,0.0,4.34416,22.44,0.0,16.6322,0.0,0.0,0.0
2023-12-07 09:55:00,11.1942,921.828,85.9512,0.0,0.0,0.0,32.8002,46.6993,16.2542,16.4969,0.0,62.1622,22.4436,9.49851,7.97466,12.66,80.6971,0,1949.59,0.0,58.5122,98.3202,64.9534,11.7998,45.0143,3.17495,9.22963,9.83935,0.0,9.40032,46.5786,45.05,14.1542,,69.6759,10.5203,44.359,109.765,11.092,26.4225,53.058,469.709,48.1100006104,105.04,92.25,31.4015,18.836,3.13573,39.5305,0.0,0.14381,0.0,0.0,0.0,0.0,95.3353,79.9954,1.09804,0,24.5347,0.0,802.857,9.85489,0.0,164.428,14.8493,18.3904,6.77867,0.0105,33.0486,388.986,111.995,0.0,0.04935,0.0,18.489,0.0,4.34416,22.55,0.0,16.9041,0.0,0.0,0.0
2023-12-07 10:00:00,13.9978,900.002,85.861,0.0,0.0,0.0,28.3616,47.5993,23.3949,26.3985,0.0,52.3659,20.444,8.69757,4.03981,10.68,224.287,0,1934.67,0.0,44.0345,98.3202,61.7795,10.0999,36.2845,9.86485,14.6252,7.86044,0.0,17.4131,51.1806,41.82,29.6397,,102.407,17.7261,44.961,109.401,11.343,17.4991,53.182,471.174,0.0,105.01,93.25,45.6992,8.162,3.61181,0.29184,0.0,0.12371,0.0,0.0,0.0,0.0,81.8329,125.177,0.0,0,27.0945,0.0,742.112,12.665,0.0,164.294,14.5417,18.5699,2.83879,0.0,27.8948,388.711,95.0,0.0,0.0,0.0,17.689,0.0,4.34416,22.46,0.0,18.7712,0.0,0.0,0.0
2023-12-07 10:05:00,19.7976,943.215,85.7495,0.0,0.0,0.0,31.5624,48.1993,23.1957,22.9995,0.0,47.5608,20.8737,10.6977,3.32275,9.87,132.81,0,1930.96,0.0,94.8226,98.2548,67.5218,8.19867,36.2944,9.86485,16.4407,9.1895,0.0,70.9796,50.7407,43.9,20.4011,,85.3765,13.1683,44.887,115.003,11.698,18.3511,53.306,516.683,0.0,105.03,94.25,47.1,7.735,4.75624,0.22441,0.0,0.1639,0.0,0.0,0.0,0.0,78.6578,89.7459,5.72946,0,32.141,0.0,694.919,14.2666,1.2724,164.056,15.9744,18.7799,1.93668,0.44449,27.2906,388.73,73.9952,3.71304,3.28237,1.43407,18.289,0.0,4.34416,22.5,0.0,20.729,0.0,0.0,0.0
2023-12-07 10:10:00,19.4949,917.214,85.7203,0.0,0.0,0.0,33.2323,48.6993,27.852,83.3978,0.0,46.218,22.6035,16.7999,2.71501,11.08,101.591,0,1905.28,0.0,80.6805,98.1188,63.9304,8.40009,36.8644,9.89485,19.4178,11.3739,0.0,60.3894,50.7715,44.91,22.1184,,104.108,17.1137,44.207,115.008,7.787,17.8482,53.616,503.499,0.0,105.03,95.5,43.7003,6.125,7.12749,18.9482,0.0,0.15386,0.0,0.0,0.0,0.0,73.7908,96.7407,2.70451,0,34.3676,0.0,735.911,13.6416,0.18895,163.854,16.2996,18.9703,2.22965,0.1515,24.9928,388.528,61.9925,2.16382,1.41015,0.6475,17.989,0.0,4.34416,22.36,0.0,16.5778,0.0,0.0,0.0
2023-12-07 10:15:00,17.1959,873.707,85.691,0.0,0.0,0.0,24.0806,49.2993,37.5514,136.298,0.0,40.5798,16.274,13.9989,3.87443,11.26,122.241,0,1924.71,0.0,49.1615,100.309,45.5805,7.79889,39.9344,9.86485,25.1434,11.0803,0.0,34.9348,50.593,46.93,13.3115,,96.4848,14.5577,29.391,113.423,7.476,19.545,53.832,464.436,30.1299991608,104.96,96.5,39.501,6.749,3.66674,0.26438,0.0,0.17395,0.0,0.0,0.0,0.0,64.7379,114.832,0.0,0,33.6535,0.0,790.82,12.5307,0.0,163.842,19.2264,18.9703,2.15946,0.0,25.9748,388.501,68.994,0.0,0.0,0.0,18.589,0.0,4.34416,22.51,0.0,13.0429,0.0,0.0,0.0
2023-12-07 10:20:00,24.9972,848.829,85.5795,0.0,0.0,0.0,28.3397,49.8992,46.2702,79.0032,0.0,50.4906,27.2435,8.69757,6.8672,10.17,243.406,0,1879.28,0.0,41.5381,97.9627,43.0365,5.40017,44.7343,9.88485,30.7295,16.5608,0.0,28.4344,50.2423,40.84,13.5706,,88.1762,14.5294,31.726,112.665,9.896,19.3643,53.858,456.086,0.0,101.01,96.75,49.5994,5.329,3.90478,4.03923,0.0,0.12371,0.0,0.0,0.0,0.0,60.596,72.4239,0.0,0,34.547,0.0,843.068,11.7079,0.0,163.806,24.245,19.0106,1.17128,0.0,23.5571,388.336,102.993,0.0,0.0,0.0,18.989,0.0,4.34416,22.49,0.0,14.33,0.0,0.0,0.0
2023-12-07 10:25:00,34.697,823.755,85.4999,0.0,0.0,0.0,64.1117,50.3992,47.7078,115.698,0.0,52.0516,27.1128,6.49828,6.23949,16.07,263.907,0,1858.82,0.0,47.66,97.8922,44.9726,5.50088,47.2843,4.85493,39.464,12.6474,0.0,20.2209,51.0637,49.36,13.5142,,72.7475,11.9381,45.003,110.428,5.356,21.8643,53.724,451.618,21.0699996948,104.77,97.5,49.5994,5.528,4.39918,9.99369,0.0,0.15386,0.0,0.0,0.0,0.0,53.4328,126.139,0.0,0,34.005,0.0,792.7,11.5322,0.0,163.47,26.3983,19.1205,0.81544,0.0,25.6993,387.979,134.992,0.0,0.0,0.0,14.289,0.0,4.34416,22.59,0.0,16.4509,0.0,0.0,0.0
2023-12-07 10:30:00,35.5954,857.838,85.5105,0.0,0.0,0.0,99.642,50.5992,39.3209,63.8968,0.0,57.9416,25.3745,16.4991,6.01907,11.75,142.675,0,1884.55,0.0,23.3005,97.9023,32.0964,4.79896,56.9241,5.74491,45.2531,16.6235,0.0,17.3793,50.5653,39.01,19.1969,,97.8846,16.3154,44.905,110.033,6.584,21.5518,53.432,465.241,118.150001526,105.0,98.0,49.5994,5.547,3.41039,0.47699,0.0,0.12371,0.0,0.0,0.0,0.0,59.1238,154.722,40.4224,0,37.6928,0.0,746.263,47.9805,0.0,155.163,27.8398,19.2804,0.8368,0.0025,23.8029,388.208,106.994,0.0,0.0,0.0,13.289,0.0,4.34416,22.48,0.0,23.1038,0.0,0.0,0.0
2023-12-07 10:35:00,27.697,841.553,85.6008,0.0,0.0,0.0,63.1595,50.7992,39.7115,56.1032,0.0,49.7993,28.043,15.7999,3.95635,13.09,238.88,0,1873.95,0.0,34.4701,97.8418,62.5193,5.59854,59.6841,6.21491,36.7598,15.2199,0.0,17.834,50.6515,27.67,16.7439,,149.468,17.3084,44.883,108.254,5.347,18.0264,53.514,461.091,209.259994507,104.96,98.5,46.1021,6.527,2.03708,47.5304,0.0,0.08352,0.0,0.0,0.0,0.0,52.3122,85.0309,2.36271,0,40.7251,0.0,792.26,0.0,0.0,156.67,25.0624,19.3695,0.0,0.0,19.7949,387.75,165.999,0.0,0.0,0.0,0.0,0.0,4.34416,22.32,0.0,22.3787,0.0,0.0,0.0
2023-12-07 10:40:00,21.3972,868.19,85.5902,0.0,0.0,0.0,64.8917,51.0992,42.5319,16.4008,0.0,49.7734,34.8742,20.8976,2.55053,12.5,214.476,0,1888.33,0.0,39.3042,97.8167,64.4895,4.60059,68.154,7.66488,40.4923,14.8938,0.0,21.5859,50.4761,28.69,15.34,,116.929,16.0552,37.58,111.26,7.379,20.5582,53.098,478.01,156.929992676,105.01,99.5,47.4021,15.782,2.19272,2.75607,0.0,0.17395,0.0,0.0,0.0,0.0,53.6855,85.6443,0.81605,0,46.4308,0.0,813.428,30.1701,0.0,157.427,26.9784,19.4098,0.0,0.0485,17.8463,387.979,107.994,0.21982,0.07327,0.0,9.689,0.0,4.34416,22.61,0.0,17.1398,0.0,0.0,0.0
2023-12-07 10:45:00,25.7941,886.207,85.5397,0.0,0.0,0.0,49.2506,51.4992,43.6452,26.5015,0.0,52.1767,34.3652,17.3973,4.03315,13.35,225.574,0,1900.22,0.0,27.1397,97.7512,64.6043,4.20081,71.9939,9.86485,46.2688,15.0517,0.0,23.8469,49.3349,25.62,15.0958,,142.066,20.3936,39.811,111.46,5.538,20.8634,53.374,487.117,176.470001221,105.04,99.75,46.5995,17.019,2.90684,10.0,0.0,0.15386,0.0,0.0,0.0,0.0,41.084,100.842,2.90105,0,54.3227,0.0,808.252,26.7277,0.51659,158.325,26.2314,19.4098,1.91165,0.0915,18.7699,388.08,165.999,0.0,1.25463,0.0,7.989,0.0,4.34416,22.63,0.0,10.3962,0.0,0.0,0.0
2023-12-07 10:50:00,29.3941,880.958,85.5211,0.0,0.0,0.0,40.033,51.6992,48.4304,23.8991,0.0,70.6783,40.2747,14.2998,4.12378,15.34,213.84,0,1906.91,0.0,57.7981,97.6152,64.6824,4.60059,78.8038,6.3549,45.0246,17.4241,0.0,31.0149,51.0914,21.6,28.9167,,154.493,19.1085,44.872,114.166,10.996,20.6876,53.588,483.162,40.5400009155,104.99,100.25,46.1997,14.14,4.87526,0.36631,0.0,0.08352,0.0,0.0,0.0,0.0,48.3351,139.707,0.91859,0,63.4855,0.0,863.015,27.3967,0.09029,159.179,27.3827,19.4806,0.75563,0.2735,19.1693,387.842,175.992,2.02625,2.66926,0.54881,15.489,0.0,4.34416,22.72,0.0,7.96713,0.0,0.0,0.0
2023-12-07 10:55:00,34.7967,885.109,85.5397,0.0,0.0,0.0,89.6516,51.9992,51.118,6.10094,0.0,69.7353,49.5436,16.1981,2.52301,17.39,130.981,0,1913.43,0.0,59.7635,97.5196,64.4382,4.60059,80.0038,9.19486,43.0251,19.3364,0.0,42.068,50.6822,21.6,29.2895,,154.574,23.3531,44.79,114.455,12.828,13.8198,53.798,477.595,184.399993896,104.97,100.5,46.5995,19.865,1.87228,32.6684,0.0,0.15386,0.0,0.0,0.0,0.0,52.5979,159.712,0.0,0,72.9009,0.0,902.005,39.6014,0.07167,160.058,22.953,19.4598,2.35111,0.0385,22.0682,387.549,133.0,0.78508,0.94957,0.0,18.389,0.0,4.34416,22.57,0.0,8.2753,0.0,0.0,0.0
2023-12-07 11:00:00,38.2961,885.951,85.4999,0.0,0.0,0.0,64.4303,52.1992,57.7353,6.10094,0.0,75.8694,40.1538,11.3969,2.72614,14.33,125.182,0,1898.56,0.0,32.6879,97.3282,63.9793,5.69924,79.1938,9.88485,57.6122,23.9187,0.0,63.7665,50.39,17.56,19.8851,,166.327,29.0208,44.791,114.982,11.375,18.815,53.876,472.541,159.320007324,105.05,100.75,46.4012,9.172,3.15404,32.7654,0.0,0.14381,0.0,0.0,0.0,0.0,53.9931,190.611,34.7485,0,74.9261,0.0,947.002,39.1156,0.0,161.041,27.4618,19.4806,1.69253,0.0,39.0717,387.338,102.993,0.0,0.0,24.5946,18.189,0.0,4.34416,22.32,0.0,17.6111,0.0,0.0,0.0
2023-12-07 11:05:00,46.1969,856.385,85.4388,0.0,0.0,0.0,78.1488,52.2992,58.5243,10.7977,0.0,70.7118,42.5135,7.29923,3.75706,17.17,116.74,0,1863.85,0.0,28.4398,97.4491,63.7131,7.60052,91.3636,8.02488,58.0692,27.7654,0.0,59.2896,50.7407,17.56,22.0518,,173.145,29.0527,44.887,112.734,12.425,18.6441,53.352,455.744,227.869995117,104.98,100.75,47.2007,13.074,1.60678,6.10573,0.0,0.14381,0.0,0.0,0.0,0.0,48.9394,192.369,34.6032,0,73.0877,0.0,1007.79,37.4652,0.57058,161.804,28.7187,19.5404,1.63149,0.0,41.0255,387.247,148.995,0.0,0.0,8.82725,22.589,0.0,4.34416,22.44,0.0,25.1341,0.0,0.0,0.0
2023-12-07 11:10:00,57.1993,868.812,85.3008,0.0,0.0,0.0,69.2204,52.3992,64.1611,10.5985,0.0,68.2856,45.1429,5.89647,4.832,17.2,81.3339,0,1857.74,0.0,39.4446,97.4038,64.3992,8.29938,90.2036,7.29489,48.0588,25.3739,0.0,37.7569,50.2423,17.56,20.8415,,205.452,29.0527,44.709,114.492,12.884,26.0319,53.356,473.933,32.3699989319,104.96,100.75,47.1,11.438,0.0,35.8446,0.0,0.17395,0.0,0.0,0.0,0.0,53.7514,191.133,3.39666,0,65.2177,0.0,962.31,26.7423,0.04189,162.664,33.7637,19.5904,2.19852,0.0465,32.1761,387.109,125.998,0.0,0.66545,15.051,10.489,0.0,4.34416,22.52,0.0,29.4122,0.0,0.0,0.0
2023-12-07 11:15:00,59.8948,847.669,85.2211,0.0,0.0,0.0,64.2106,52.3992,73.3996,28.8979,0.0,53.0724,52.7724,6.0956,4.32666,17.62,72.2554,0,1827.62,0.0,69.6086,97.3282,55.3878,6.40116,88.5436,6.2849,39.5338,22.8411,0.0,31.7061,50.4484,18.59,17.0394,,204.878,29.0279,44.811,111.039,5.693,19.65,52.89,456.135,117.550003052,105.02,101.0,37.7005,14.084,0.0,57.9352,0.0,0.12371,0.0,0.0,0.0,0.0,46.1488,193.623,0.0,0,70.0224,0.0,1030.65,30.6267,0.0,117.467,34.4493,19.61,1.93179,0.0,21.3248,387.292,118.997,0.0,0.0,0.0,10.289,0.0,4.34416,22.58,0.0,25.1522,0.0,0.0,0.0
2023-12-07 11:20:00,75.6975,857.411,85.1892,0.0,0.0,0.0,52.9494,52.3992,67.6299,30.0034,0.0,61.0224,59.9637,6.29915,6.00064,18.63,71.456,0,1818.22,0.0,53.6965,97.3282,47.9072,3.99939,95.9435,8.80487,43.6916,19.8069,0.0,28.0822,50.916,21.6,17.0752,,185.764,28.1889,36.094,114.213,12.426,20.441,53.02,465.315,192.630004883,105.03,101.0,38.3993,15.207,0.0,67.6032,0.0,0.08352,0.0,0.0,0.0,0.0,50.3786,175.697,14.3771,0,73.7542,0.0,970.44,24.2985,0.0,119.988,34.8624,19.5904,3.79339,0.0,13.9592,391.147,102.993,0.0,0.0,0.0,19.889,0.0,4.34416,22.69,0.0,40.1438,0.0,0.0,0.0
2023-12-07 11:25:00,86.2932,865.956,85.16,0.0,0.0,0.0,52.7407,52.4992,65.208,30.0034,0.0,78.909,56.6043,5.79912,6.15475,17.63,71.5373,0,1802.18,0.0,59.556,97.3081,64.6531,4.60059,86.0137,9.87485,41.8761,18.4461,0.0,31.6733,49.8917,32.92,17.3804,,206.218,24.1797,43.323,113.508,6.032,14.9868,44.698,471.345,358.010009766,105.06,101.0,43.0014,10.486,0.0,66.4605,0.0,0.184,0.0,0.0,0.0,0.0,54.6853,134.955,69.8174,0,70.8244,0.0,914.823,25.4142,0.00093,162.817,35.7764,19.5904,3.44976,0.0,13.0529,390.835,67.9938,0.0,0.0,0.0,19.389,0.0,4.34416,22.38,0.0,36.8627,0.0,0.0,0.0
2023-12-07 11:30:00,85.7979,863.465,85.1308,0.0,0.0,0.0,55.5605,52.4992,60.6181,13.5992,0.0,87.5151,56.0037,4.69726,3.81018,20.19,71.5644,0,1824.37,0.0,110.979,97.1923,49.9263,8.29938,85.1937,8.51487,58.3168,19.6149,0.0,35.029,49.8609,26.77,22.2556,,210.297,24.7957,25.14,113.85,10.014,17.9751,52.69,469.734,348.359985352,105.01,101.0,45.7999,9.883,0.0,68.4379,0.0,0.13376,0.0,0.0,0.0,0.0,56.9705,157.551,57.8286,0,74.6661,0.0,857.375,22.5553,0.0,127.337,30.4326,19.7198,1.5967,0.0,13.846,390.506,64.9931,0.0,0.0,0.0,9.989,0.0,4.0012,22.32,0.0,36.6452,0.0,0.0,0.0
2023-12-07 11:35:00,95.6981,885.145,84.9901,0.0,0.0,0.0,51.6603,52.4992,53.6102,62.5029,0.0,80.3174,54.8135,5.1973,2.64678,17.03,107.513,0,1824.32,0.0,65.8244,97.1318,28.6809,9.40108,65.654,9.64485,46.6433,20.2536,0.0,41.9758,50.8299,30.46,17.6476,,219.24,29.0226,26.799,114.366,12.936,28.5808,52.906,479.89,325.829986572,105.08,101.0,20.0,7.324,0.0,71.0638,0.0,0.12371,0.0,0.0,0.0,0.0,62.9142,174.937,63.0155,0,67.5029,0.0,803.906,22.4698,0.0,133.611,33.5088,19.1205,1.8677,0.0,14.9371,390.561,52.9991,0.0,0.0,0.39329,9.289,0.0,4.0012,22.48,0.0,87.294,0.0,0.0,0.0
2023-12-07 11:40:00,103.293,889.003,84.8892,0.0,0.0,0.0,53.5903,52.4992,56.3602,106.6,0.0,66.2226,51.1342,1.89616,2.53824,16.16,84.8298,0,1851.35,0.0,73.875,97.0311,21.6056,6.99931,61.0841,7.22489,47.551,27.279,0.0,38.6581,49.7748,36.31,17.7285,,149.992,19.2714,37.537,114.955,12.435,28.549,53.348,472.981,311.010009766,45.16,101.0,17.1008,6.455,0.0,73.4103,0.0,0.17395,0.0,0.0,0.0,0.0,75.9442,113.285,75.6451,0,67.404,0.0,827.467,26.6349,0.15917,162.084,28.0683,19.9005,0.0,0.0,18.1914,390.661,43.997,0.0,0.0,0.0,8.389,0.0,4.0012,22.7,0.0,74.1514,0.0,0.0,0.0
2023-12-07 11:45:00,103.497,866.249,84.9105,0.0,0.0,0.0,43.7098,52.4992,57.8017,124.597,0.0,61.5351,59.4254,2.89624,1.38797,17.36,110.968,0,1842.24,0.0,74.3816,97.0764,24.8527,23.1983,67.244,9.88485,61.3701,28.689,0.0,26.0884,50.7407,48.2,23.6636,,201.041,29.0491,34.16,111.944,7.965,27.5529,53.142,460.7,316.459991455,105.01,101.0,27.4006,4.245,0.0,41.9222,0.0,0.14381,0.0,0.0,0.0,0.0,84.4477,172.062,73.1756,0,62.5553,0.0,877.615,23.903,0.0,153.436,25.7831,19.8102,0.0,0.0,26.8564,390.277,71.9947,0.0,0.0,0.0,9.289,0.0,4.0012,22.6,0.0,67.1904,0.0,0.0,0.0
2023-12-07 11:50:00,111.099,881.63,84.86,0.0,0.0,0.0,75.8196,52.4992,53.7391,38.2982,0.0,60.0168,67.9643,5.49821,2.0057,14.65,116.198,0,1830.13,0.0,51.426,96.9908,45.8955,26.2989,99.7635,6.5949,69.4,29.2048,0.0,24.2371,50.7407,30.36,28.0607,,201.041,28.865,39.479,113.739,5.719,27.3234,52.57,474.421,267.320007324,98.54,101.0,37.2,2.839,0.0,50.9444,0.0,0.08352,0.0,0.0,0.0,0.0,80.4047,189.32,74.7393,0,56.2564,0.0,822.681,22.089,0.0,134.807,28.0156,17.5701,0.28687,0.0,36.4483,390.13,73.9952,0.0,0.0,16.1815,12.789,0.0,4.0012,22.5,0.0,89.4875,0.0,0.0,0.0
2023-12-07 11:55:00,111.199,901.894,84.7512,0.0,0.0,0.0,51.8325,52.4992,60.1611,33.1003,0.0,72.7703,73.3245,7.19745,2.93862,16.56,122.458,0,1839.92,0.0,41.5747,97.0563,19.9258,17.0001,103.573,6.4749,59.5737,34.9011,0.0,24.6405,49.8024,17.17,17.6189,,175.904,26.2365,41.388,114.966,4.425,25.5949,52.722,482.576,271.399993896,77.12,101.0,33.2998,1.991,0.0,40.0574,0.0,0.14381,0.0,0.0,0.0,0.0,78.2184,172.969,74.8504,0,63.6539,0.0,771.63,24.1178,0.08843,143.151,28.1826,19.8297,1.71267,0.0,53.8604,389.041,51.9989,0.0,0.3245,0.31553,14.189,0.0,4.0012,22.45,0.0,91.8078,0.0,0.0,0.0
2023-12-07 12:00:00,113.799,898.793,84.8096,0.0,0.0,0.0,38.081,52.4992,60.2275,41.6972,0.0,74.5098,77.4932,4.99817,4.31078,17.85,269.638,0,1844.8,0.0,43.1617,97.006,47.0771,15.4986,99.4735,4.87493,78.3313,32.5627,0.0,18.7976,52.0,15.15,12.2931,,188.775,25.04,43.4,114.95,3.213,21.2369,52.732,474.006,311.529998779,92.97,101.0,38.7991,1.726,0.0,45.265,0.0,0.12371,0.0,0.0,0.0,0.0,80.0861,142.6,6.48142,0,67.0744,0.0,716.306,22.5284,0.0121,89.5247,25.2909,12.4894,5.59274,0.0,37.5378,388.812,76.9959,0.0,0.73722,13.3014,20.489,0.0,4.0012,22.4,0.0,82.8346,0.0,0.0,0.0
2023-12-07 12:05:00,118.398,892.763,84.799,0.0,0.0,0.0,37.4402,52.4992,53.3485,5.99794,0.0,80.9812,76.5228,11.596,4.41293,18.15,264.774,0,1842.8,0.0,36.1486,97.016,45.4316,12.8985,96.9835,5.57491,76.0397,33.5665,0.0,15.358,50.6515,15.15,11.647,,182.501,18.8749,40.584,107.148,3.464,21.1392,52.102,507.259,398.410003662,83.62,101.0,35.5001,2.227,0.0,75.901,0.0,0.19405,0.0,0.0,0.0,0.0,75.5816,140.174,45.0111,0,69.0556,0.0,650.508,21.7813,0.03258,77.7447,24.9042,9.64019,6.65293,0.0,31.5935,388.986,127.999,0.0,0.0,24.5557,31.389,0.0,4.34416,22.18,0.0,95.1615,0.0,0.0,0.0
2023-12-07 12:10:00,123.594,882.338,84.7512,0.0,0.0,0.0,40.4724,52.4992,52.4266,6.10094,0.0,99.6216,83.0146,7.49836,4.19302,18.01,168.853,0,1846.9,0.0,29.099,96.8851,50.837,11.5984,88.0937,9.87485,76.611,37.2458,0.0,17.9558,49.8024,15.15,15.9089,,192.068,23.2168,39.501,114.766,8.503,26.0002,51.892,528.353,322.109985352,76.1,101.0,35.3018,2.974,0.0,50.1763,0.0,0.1639,0.0,0.0,0.0,0.0,89.6004,173.014,41.781,0,61.951,0.0,713.962,20.7974,0.0,80.7721,22.2323,15.2495,4.64424,0.0,36.1042,389.224,108.995,0.0,0.1301,0.14505,30.089,0.0,4.34416,22.32,0.0,97.6812,0.0,0.0,0.0
2023-12-07 12:15:00,104.694,886.903,80.4207,0.0,0.0,0.0,42.2119,52.4992,51.7078,6.10094,0.0,111.264,68.7541,3.19715,5.73773,21.67,211.414,0,1833.94,0.0,32.0348,96.8247,57.8952,15.3002,102.033,9.87485,78.928,41.1965,0.0,19.6219,50.0362,18.2,23.5991,,132.972,17.9792,40.795,114.961,4.894,21.8912,52.392,555.062,379.109985352,81.56,101.0,34.4015,2.672,0.0,51.6629,0.0,0.12371,0.0,0.0,0.0,0.0,90.0069,107.462,3.88373,0,73.7835,0.0,741.087,23.2609,0.00093,82.9999,29.5009,16.5496,6.93797,0.0,30.8029,389.197,105.994,0.01944,0.0,0.01346,23.589,0.0,4.34416,22.48,0.0,101.234,0.0,0.0,0.0
2023-12-07 12:20:00,98.8959,864.295,80.0889,0.0,0.0,0.0,43.252,52.4992,59.9658,6.10094,0.0,107.283,69.4047,6.39651,10.2876,20.09,269.937,0,1815.53,0.0,34.2077,96.8599,58.2296,27.0985,114.363,9.88485,83.2317,41.6281,0.0,20.5046,50.2731,17.18,19.796,,111.47,16.4676,18.641,110.475,4.843,17.7701,52.278,548.544,341.540008545,92.17,101.0,29.3019,2.8,0.0,59.291,0.0,0.08352,0.0,0.0,0.0,0.0,86.656,99.9908,0.0,0,74.2779,0.0,731.077,24.2887,0.0,86.7842,30.8984,19.8004,7.76745,0.0,26.1181,388.748,109.995,0.0,0.0,0.0,24.189,0.0,4.34416,22.27,0.0,90.9014,0.0,0.0,0.0
2023-12-07 12:25:00,110.099,878.187,80.3092,0.0,0.0,0.0,73.93,52.4992,65.3408,6.10094,0.0,100.697,65.2433,6.39651,4.41446,18.51,261.915,0,1828.06,0.0,43.357,96.8499,65.034,11.4,113.193,9.87485,83.492,36.7697,0.0,20.6121,50.0085,12.14,28.6966,,112.86,18.2271,13.451,110.175,4.745,15.0039,52.064,556.747,375.040008545,103.17,101.0,47.2007,2.927,2.30259,65.2427,0.0,0.184,0.0,0.0,0.0,0.0,96.4449,111.417,67.3307,0,87.0588,0.0,699.655,36.0076,0.0,133.397,21.6786,19.8395,4.92378,0.0,25.8376,382.98,169.0,0.0,0.12113,0.0,30.789,0.0,4.34416,22.52,0.0,69.5107,0.0,0.0,0.0
2023-12-07 12:30:00,127.594,874.965,80.1499,0.0,1.7,0.0,98.7118,52.4992,67.962,6.10094,0.0,91.1803,51.6432,4.49813,4.83789,22.98,262.972,0,1826.71,0.0,64.7746,96.8096,63.9548,27.0985,132.033,9.87485,87.2689,35.5438,0.0,20.0888,51.239,9.11,23.6565,,101.44,15.0003,11.786,74.7408,6.701,13.3291,52.204,564.437,371.959991455,94.19,100.75,40.9018,3.896,0.0,65.4672,0.0,0.14381,0.0,0.0,0.0,0.0,98.06,93.3074,74.1155,0,92.3653,0.0,756.761,32.1575,0.0,95.4574,23.6122,19.8102,6.6157,0.0,26.9506,387.933,179.993,0.0,0.0,0.0,29.989,0.0,4.34416,22.51,0.0,76.363,0.0,0.0,0.0
2023-12-07 12:35:00,134.594,880.311,80.2189,0.0,6.87,0.0,86.7988,52.4992,62.1924,6.10094,0.0,126.183,79.2731,7.89662,6.0992,25.07,263.026,0,1827.93,0.0,59.7574,99.0957,54.8019,16.2005,125.873,9.88485,87.91,41.0751,0.0,20.8415,49.6856,8.11,24.6036,,63.4722,10.5875,14.797,74.6566,9.318,13.517,52.408,601.23,366.679992676,80.24,100.75,30.901,3.293,2.47654,51.3341,0.0,0.14381,0.0,0.0,0.0,0.0,99.7189,64.5319,73.9617,0,89.2268,0.0,799.976,34.7747,0.0,67.155,23.1024,19.8199,4.42206,0.0,24.8607,387.613,161.998,0.0,0.0,0.0,0.0,0.0,4.34416,22.42,0.0,83.2515,0.0,0.0,0.0
2023-12-07 12:40:00,143.699,879.652,84.4193,0.0,6.38,0.0,58.2119,52.4992,56.3563,6.10094,0.0,155.325,84.5942,10.1977,7.18797,20.28,262.891,0,1826.42,0.0,58.8052,98.9799,33.8225,17.3999,143.283,5.72491,81.8225,36.7967,0.0,19.797,50.6238,7.1,17.109,,41.3262,7.11293,12.853,73.7353,5.544,12.7602,52.258,626.792,393.809997559,92.56,100.5,28.0018,2.695,1.59762,52.1961,0.0,0.14381,0.0,0.0,0.0,0.0,104.19,52.8405,73.1157,0,83.2831,0.0,844.996,28.9885,0.0,71.2077,18.2508,18.8397,3.7348,0.1675,22.7645,387.182,160.998,0.0,0.0,0.0,29.289,0.0,4.34416,22.47,0.0,95.5059,0.0,0.0,0.0
2023-12-07 12:45:00,142.596,873.402,80.2296,0.0,7.39,0.0,59.9918,52.4992,48.2312,6.10094,0.0,118.779,83.9631,7.19745,9.67219,23.82,272.823,0,1830.2,0.0,70.7805,98.9497,39.6161,16.2005,139.603,7.15489,82.5398,31.9494,0.0,21.2367,49.9778,9.1,17.3322,,36.0792,5.97302,12.985,101.5,6.599,13.6074,51.922,646.885,408.010009766,99.43,100.25,38.6007,2.335,3.19066,54.0235,0.0,0.14381,0.0,0.0,0.0,0.0,117.616,43.209,63.9811,0,87.6887,0.0,891.726,28.1681,0.0,134.313,25.6073,18.0401,2.82048,1.31448,22.3642,367.828,145.994,0.0,0.0,0.0,28.089,0.0,4.34416,22.51,0.0,85.7169,0.0,0.0,0.0
2023-12-07 12:50:00,167.295,912.612,80.1605,0.0,8.33,0.0,64.5914,52.3992,42.2702,6.10094,0.0,107.15,84.3232,10.6977,9.65222,22.42,226.861,0,1831.91,0.0,53.4035,98.8892,66.1277,19.3988,120.093,6.4849,75.0051,32.1763,0.0,23.7199,52.0,11.11,18.5508,,30.7517,5.35705,17.982,99.1832,4.419,14.7475,51.902,674.424,213.029998779,103.17,100.25,36.2997,2.014,1.13069,55.9042,0.0,0.08352,0.0,0.0,0.0,0.0,102.125,34.4106,74.0471,0,93.6068,0.0,936.796,29.4475,0.0,157.818,23.7264,14.8796,0.85634,0.0,20.1451,387.164,152.996,0.0,0.0,11.6864,22.489,0.0,4.34416,22.51,0.0,82.037,0.0,0.0,0.0
2023-12-07 12:55:00,143.196,943.374,78.3206,0.0,11.19,0.44691,66.1405,52.4992,38.5357,6.10094,0.0,93.5943,78.9349,12.0961,7.94624,23.14,270.167,0,1833.43,0.0,43.6744,98.9194,48.0684,19.0997,114.153,9.85485,85.1043,33.2134,0.0,25.1249,52.0,8.11,19.669,,27.6095,3.9357,22.482,115.292,4.52,20.8243,51.788,709.068,249.970001221,102.93,100.0,42.2019,1.526,0.0,59.1402,0.0,0.14381,0.0,0.0,0.0,0.0,106.772,25.4475,66.4591,0,93.8045,0.0,994.049,31.4788,0.0,161.254,21.4412,19.8297,0.0,2.04147,23.7978,387.1,144.585,0.0,0.0,0.0,20.389,0.0,4.34416,22.3,0.0,83.4691,0.0,0.0,0.0
2023-12-07 13:00:00,130.098,979.165,80.2508,0.0,16.32,3.47267,66.7595,50.9992,38.86,6.10094,0.0,70.222,85.8845,11.4987,9.41619,22.15,189.91,0,1830.52,0.0,37.0092,98.4411,36.3568,15.8984,113.153,9.88485,72.5231,34.4512,0.0,24.0404,50.3008,4.67,19.8001,,56.6743,7.34127,22.955,105.058,4.015,18.0655,51.41,743.468,297.940002441,102.66,99.75,23.7018,1.696,0.0,59.9259,0.0,0.15386,0.0,0.0,0.0,0.0,99.653,45.4887,75.8929,0,95.8993,0.0,1046.32,31.9768,0.0,160.912,18.9275,3.49986,0.0,2.36146,33.2657,387.832,108.995,0.0,0.0,11.175,20.289,0.0,4.34416,22.4,0.0,87.4209,0.0,0.0,0.0
2023-12-07 13:05:00,167.494,1002.43,64.2593,0.0,18.14,2.9703,63.8993,52.3992,45.2858,6.10094,0.0,60.7172,78.4637,6.99832,17.7766,20.54,136.455,0,1820.36,0.0,30.4845,98.7935,28.5124,14.9004,106.873,9.85485,74.529,25.335,0.0,21.7948,51.0052,4.67,18.732,,111.188,15.988,42.579,67.1127,4.467,19.3375,51.16,757.092,305.829986572,102.32,99.25,19.3011,1.65,3.23644,58.5483,0.0,0.14381,0.0,0.0,0.0,0.0,106.355,80.7004,56.6922,0,95.0387,0.0,1032.97,30.1872,0.0,119.329,18.3123,5.21989,1.69741,0.0,30.59,387.539,118.997,0.0,0.0,0.0,21.489,0.0,4.34416,22.34,0.0,90.5933,0.0,0.0,0.0
2023-12-07 13:10:00,171.399,1036.2,84.3396,0.0,20.96,3.04147,62.1817,52.4992,44.6296,132.899,0.0,72.8572,80.694,6.59564,20.3807,14.64,139.26,0,1826.74,0.0,24.6128,88.6017,24.2399,17.5006,102.263,9.44486,60.767,30.8837,0.0,15.2218,50.2423,8.12,18.8099,,94.813,14.0462,25.279,57.3105,4.668,15.1382,50.624,773.84,153.339996338,102.15,99.0,16.2005,1.711,6.2211,55.9416,0.0,0.14381,0.0,0.0,0.0,0.0,99.653,86.0105,50.2663,0,87.5972,0.0,975.079,30.4778,0.0,137.939,26.1347,4.96963,0.0,2.20547,29.8998,386.807,151.996,0.0,0.0,0.0,24.189,0.0,4.34416,22.52,0.0,73.8251,0.0,0.0,0.0
2023-12-07 13:15:00,166.696,1074.38,84.2812,0.0,15.56,2.44176,59.2703,52.4992,48.4304,117.998,0.0,85.4673,82.7558,17.1982,20.8691,13.7,173.406,0,1831.77,0.0,28.4764,88.9442,22.6212,12.0989,99.5335,7.92488,80.0007,29.3524,0.0,15.1004,50.1839,9.13,17.8258,,101.027,13.4108,20.386,56.3997,3.403,23.2169,50.814,797.766,176.529998779,102.28,98.75,16.3989,1.49,4.97597,53.2832,0.0,0.15386,0.0,0.0,0.0,0.0,108.783,76.3241,59.512,0,89.2708,0.0,921.805,24.2863,0.0,161.559,21.6082,4.95987,0.0,2.03647,36.1697,387.091,99.9924,0.0,0.17197,0.0,29.489,0.0,4.34416,22.6,0.0,76.4174,0.0,0.0,0.0
2023-12-07 13:20:00,157.796,1111.17,84.1989,0.0,21.1,4.03994,58.9407,52.4992,49.7429,141.599,0.0,111.267,75.2239,20.3976,16.4209,10.06,149.098,0,1828.64,0.0,35.3307,88.8686,24.3668,11.4,106.363,5.61491,79.4866,26.5514,0.0,20.4554,50.916,11.15,17.4039,,105.549,14.4515,20.552,57.3526,5.071,21.3858,51.592,829.529,67.2600021362,102.6,98.25,18.3001,1.244,5.61685,52.9103,0.0,0.1639,0.0,0.0,0.0,0.0,99.3124,77.4319,45.0709,0,90.124,0.0,865.554,22.9459,0.0,161.266,20.8084,5.4799,0.0,0.0,40.0835,386.011,146.995,0.0,0.0,0.0,28.589,0.0,4.34416,22.36,0.0,76.8343,0.0,0.0,0.0
2023-12-07 13:25:00,152.497,1144.57,83.9998,0.0,27.33,4.2053,62.6395,52.4992,48.2312,142.1,0.0,92.3781,67.4931,28.8982,20.5978,14.38,152.58,0,1829.18,0.0,38.0285,87.5946,25.9074,14.9004,89.2036,9.85485,76.3444,23.1522,0.0,21.7313,50.2731,21.55,18.3818,,83.1811,12.8532,23.822,60.6797,3.907,28.6149,51.608,850.623,30.7900009155,103.12,97.75,17.2992,1.005,4.56397,56.4795,0.0,0.12371,0.0,0.0,0.0,0.0,96.2692,75.3903,41.9605,0,90.743,0.0,803.613,22.3477,0.0,161.151,23.7089,3.23008,0.0,0.0,44.2696,384.317,140.993,0.0,0.0,0.0,27.789,0.0,4.34416,22.34,0.0,85.1006,0.0,0.0,0.0
2023-12-07 13:30:00,142.896,1204.63,84.0608,0.0,36.67,3.83376,59.3216,52.4992,53.6727,128.099,0.0,97.2228,58.5354,30.1992,14.2188,19.12,143.854,0,1837.6,0.0,34.5678,88.2593,19.5254,11.5984,93.5536,9.86485,82.6731,23.0816,0.0,20.0499,50.5346,13.29,17.9804,,63.8146,10.4017,22.314,72.535,3.15,28.6223,50.712,889.54,70.5500030518,103.21,97.25,13.2006,0.83,4.03296,53.4365,0.0,0.12371,0.0,0.0,0.0,0.0,88.7214,61.5381,54.9746,0,89.051,0.0,750.047,27.8215,0.04933,161.138,23.5067,3.73058,0.0,0.2035,44.8573,374.997,175.992,0.0,0.78209,0.63554,27.489,0.0,4.34416,22.37,0.0,99.1496,0.0,0.0,0.0
2023-12-07 13:35:00,146.596,1224.43,70.3394,0.0,41.16,3.682,43.1898,52.4992,48.1687,137.602,0.0,75.1919,62.1329,56.1968,14.3043,21.65,186.983,0,1872.76,0.0,43.4424,87.5997,18.3365,10.6004,90.4036,9.48486,76.3635,23.3037,0.0,21.076,50.2423,9.32,17.791,,38.7984,5.84027,16.134,115.161,2.295,19.8624,50.898,898.378,139.190002441,103.2,96.75,13.0999,0.664,7.24651,54.5441,0.0,0.17395,0.0,0.0,0.0,0.0,88.282,33.4402,65.6046,0,82.3639,0.0,699.435,23.7076,0.09773,160.986,21.7752,10.5496,0.0,0.0,39.596,384.903,162.998,0.0,0.20188,0.0,28.789,0.0,4.34416,22.58,0.0,101.307,0.0,0.0,0.0
2023-12-07 13:40:00,149.795,1280.0,82.4094,0.0,40.33,0.045,39.5605,52.4992,56.0985,113.7,0.0,67.2679,66.3444,51.5991,12.0714,19.19,181.198,0,1929.52,0.0,37.5463,87.499,19.8624,16.701,73.8639,9.87485,77.779,28.0677,0.0,21.4917,50.2423,5.29,23.8377,,28.4958,4.40653,16.468,115.171,2.245,20.2774,50.634,928.53,159.63999939,103.2,96.0,17.6989,0.591,12.7947,78.364,0.0,0.17395,0.0,0.0,0.0,0.0,73.3074,27.7455,77.6702,0,80.9137,0.0,744.09,23.2316,0.28762,102.934,17.7498,4.69008,0.19471,0.2715,50.5487,384.225,166.999,2.11896,1.59557,1.11406,19.089,0.0,4.34416,22.54,0.0,87.4753,0.0,0.0,0.0
2023-12-07 13:45:00,131.197,1259.59,75.4212,0.0,38.41,2.4742,50.9316,52.4992,62.8447,85.4028,0.0,94.4411,72.8142,67.1976,9.21242,22.28,214.544,0,1948.3,0.0,39.4873,90.0419,18.251,10.7012,81.3238,6.92489,85.1234,24.3225,0.0,20.4749,50.7715,3.76,25.1566,,26.6931,4.28971,22.64,101.168,2.548,18.9932,50.496,893.983,151.789993286,103.24,95.0,16.3012,0.626,14.5983,74.8738,0.0,0.12371,0.0,0.0,0.0,0.0,79.8993,32.1767,96.7428,0,85.4804,0.0,785.083,25.1261,0.0,61.1734,19.9998,4.7206,1.63272,0.0,40.6876,367.398,128.999,0.0,0.0,0.0,18.689,0.0,4.34416,22.37,0.0,81.6563,0.0,0.0,0.0
2023-12-07 13:50:00,135.499,1304.41,84.1299,0.0,34.4,4.09855,56.1392,52.4992,61.3408,124.0,0.0,125.286,72.8252,66.6976,7.40736,22.0,156.184,0,1957.84,0.0,51.6213,89.0297,15.6387,8.90059,86.8637,4.92492,59.0405,33.5062,0.0,21.2879,50.9745,6.35,17.9732,,37.1568,6.31287,44.045,96.3668,2.702,17.3965,50.672,848.304,196.259994507,103.09,94.0,25.0019,0.544,16.0723,48.2903,0.0,0.08352,0.0,0.0,0.0,0.0,91.1714,45.6443,87.0613,0,76.1968,0.0,847.047,23.7638,0.0,115.349,20.6238,3.8905,0.0,0.0,36.2619,364.559,132.0,0.0,0.0,0.0,23.189,0.0,4.34416,22.45,0.0,80.8224,0.0,0.0,0.0
2023-12-07 13:55:00,153.797,1319.11,79.7012,0.0,27.72,2.91587,51.4516,52.4992,83.6888,137.101,0.0,123.912,61.8131,59.4979,8.32563,22.72,231.956,0,2013.82,0.0,50.5531,91.3964,25.695,8.10102,96.2135,4.87493,50.3123,38.9089,0.0,22.5505,50.39,13.51,18.6747,,45.1229,7.11647,42.406,112.213,2.953,13.9907,50.41,871.083,154.809997559,103.18,93.0,20.5005,0.518,12.163,56.7535,0.0,0.15386,0.0,0.0,0.0,0.0,94.9069,41.0941,40.1746,0,66.602,0.0,804.395,23.9762,0.0,109.337,21.6522,3.44005,0.0,0.0,31.4317,355.743,136.992,0.0,0.0,0.0,19.389,0.0,4.34416,22.25,0.0,54.2835,0.0,0.0,0.0
2023-12-07 14:00:00,185.697,1359.66,79.8605,0.0,26.72,2.4428,84.2499,50.9992,82.8372,133.098,0.0,105.913,66.5031,62.299,9.96147,13.66,140.575,0,2047.03,0.0,36.0388,90.7217,28.4465,9.30037,94.6636,9.85485,57.6503,30.6306,0.0,24.2893,50.5653,16.53,28.6607,,37.4287,5.42785,18.275,114.087,2.298,15.6094,50.44,893.544,138.229995728,102.2,92.25,19.8016,0.492,11.5862,87.8017,0.0,0.17395,0.0,0.0,0.0,-0.1,78.7347,30.1534,41.1743,0,75.2117,0.0,757.884,37.4017,0.0,100.175,27.8046,2.24006,0.67872,0.0,30.0974,368.167,164.999,0.0,0.0,0.0,20.589,0.0,4.34416,22.31,0.0,54.084,0.0,0.0,0.0
2023-12-07 14:05:00,195.295,1434.47,79.6189,0.0,28.48,2.25546,45.0318,50.3992,97.0601,139.903,0.0,93.933,65.0138,71.0961,14.0452,16.76,275.045,0,2097.4,0.0,32.4254,92.0561,16.3809,11.5007,81.0138,8.71487,63.0395,25.6159,0.0,24.192,50.4177,0.79,18.9983,,31.4264,4.68797,11.843,114.424,1.947,15.0161,50.294,897.89,163.669998169,103.13,91.0,10.8995,0.506,12.4193,55.011,0.0,0.04333,0.0,0.0,0.0,5.4,84.9421,28.4688,49.557,0,69.6123,0.0,735.301,18.7051,0.0,147.167,33.1572,4.64003,0.0,0.0,32.7957,381.167,167.999,0.0,0.0,0.0,20.089,0.0,4.34416,22.38,0.0,73.4988,0.0,0.0,0.0
2023-12-07 14:10:00,196.694,1484.93,62.4592,0.0,31.83,4.67628,51.4809,50.7992,98.8921,130.001,0.0,151.644,57.0535,65.9984,17.4254,15.18,272.904,0,2138.48,0.0,39.3225,92.7258,14.1884,15.1995,77.8638,9.60485,75.1257,24.6225,0.0,25.0225,49.8609,14.1,25.8222,,32.4839,4.62779,11.87,115.013,1.947,14.9014,50.25,899.965,0.0,101.99,89.75,5.29946,0.522,22.3163,78.3926,0.0,0.14381,0.0,0.0,0.0,5.7,79.8993,28.0201,52.8896,0,62.9837,0.0,681.661,18.5318,0.0,54.6059,34.9766,6.89962,0.04334,0.0255,56.0026,347.585,132.0,0.0,0.0,0.0,23.189,0.0,4.34416,22.35,0.0,78.5927,0.0,0.0,0.0
2023-12-07 14:15:00,207.798,1497.8,33.4313,0.0,36.59,3.11368,67.3198,46.9993,96.7944,106.998,0.0,143.401,50.4836,61.4981,19.2625,25.0,275.099,0,2187.29,0.0,55.3872,93.4157,10.6093,17.5006,84.8237,6.93489,81.2259,27.4068,0.0,23.5049,50.0947,15.11,15.6534,,28.2641,4.08792,11.672,72.8035,2.097,10.6801,50.726,899.672,56.7799987793,93.65,89.0,4.1001,0.52,20.0092,51.505,0.0,0.14381,0.0,0.0,0.0,5.7,64.3204,23.8727,74.6282,0,65.994,0.0,665.108,24.3253,0.05306,56.6079,35.8995,12.1403,3.52056,0.0,39.2581,259.876,123.998,0.0015,0.01047,0.0,17.689,0.0,4.34416,22.5,0.0,96.3398,0.0,0.0,0.0
2023-12-07 14:20:00,203.199,1494.43,84.0608,0.0,46.86,4.55383,64.661,43.9993,104.857,114.201,0.0,148.585,47.5831,64.3965,11.4038,25.41,274.923,0,2190.76,0.0,64.3534,93.8789,7.32311,18.3001,86.2837,8.85487,90.7665,31.3384,0.0,23.3226,50.6822,13.99,12.3453,,28.1332,3.93039,12.324,67.1443,2.348,9.90616,47.708,851.234,113.230003357,40.71,87.5,4.20081,0.514,33.7148,89.8901,0.0,0.12371,0.0,48.8,0.0,5.7,69.0886,23.8086,69.9455,0,66.049,0.0,720.579,41.7694,0.0,62.1073,36.9893,6.47969,1.95071,0.0,34.1156,359.469,143.994,0.0,0.0,0.0,11.089,0.0,4.34416,22.37,0.0,86.2064,0.0,0.0,0.0
2023-12-07 14:25:00,198.095,1535.69,79.0401,0.0,53.3,3.46011,39.9121,39.3994,100.334,140.198,0.0,143.952,47.173,58.5996,8.89549,22.4,275.668,0,2251.94,0.0,65.7694,94.1005,7.23522,20.2991,110.113,6.11491,81.6067,38.2535,0.0,22.4788,51.0329,24.19,12.2209,,33.4608,5.12163,13.079,108.275,2.901,19.6329,50.446,868.251,13.9399995804,96.14,86.0,5.79995,0.632,40.8835,41.2157,0.0,0.12371,0.0,29.1,0.0,5.7,58.0801,36.1593,73.2012,0,61.6544,0.0,665.303,21.5714,0.0,126.592,38.923,12.8495,1.76455,0.0,22.9898,294.786,127.999,0.0,0.0,0.0,7.589,0.0,4.34416,22.44,0.0,90.4845,0.0,0.0,0.0
2023-12-07 14:30:00,184.197,1572.09,51.6504,0.0,66.94,1.30513,40.2014,16.4998,74.5793,138.797,0.0,146.647,49.4752,68.1977,7.26579,20.44,275.072,0,2278.87,0.0,121.801,94.0854,9.67422,26.6011,114.383,6.7049,79.0866,40.8386,0.0,20.7749,50.3316,33.35,14.9509,,32.3429,5.01012,16.446,114.971,2.951,16.0415,50.01,891.713,43.9399986267,103.24,84.25,7.79889,0.794,40.2426,89.7903,0.0,0.15386,0.0,0.0,0.0,5.6,65.0236,38.8785,73.8335,0,64.0421,0.0,612.348,21.6226,0.0,102.379,37.0245,5.9096,0.0,0.0,15.127,327.251,166.999,0.0,0.0,0.0,5.989,0.0,4.34416,22.65,0.0,92.1523,0.0,0.0,0.0
2023-12-07 14:35:00,157.797,1604.47,59.3899,0.0,82.06,2.92425,62.2513,12.3998,72.4191,128.401,0.0,159.487,54.4033,81.3978,5.66195,24.85,274.056,0,2318.13,0.0,124.62,94.0954,10.7753,15.0011,119.093,9.48486,88.913,40.2015,0.0,29.3294,50.1531,49.79,19.9864,,40.6313,6.21375,16.937,114.787,3.342,13.893,50.558,924.526,0.0,103.01,82.75,8.69917,0.826,40.9567,89.8586,0.0,0.17395,0.0,0.0,0.0,5.6,72.9998,43.7491,74.7735,0,64.6024,0.0,560.564,31.7473,0.0,50.1808,38.5802,6.06952,1.57717,0.0,10.8539,277.189,148.995,0.0,0.1301,0.0,5.589,0.0,4.34416,22.56,0.0,78.8646,0.0,0.0,0.95789
2023-12-07 14:40:00,143.996,1653.76,48.2015,0.0,77.81,4.07134,55.0991,11.3998,106.494,111.702,0.0,164.427,67.0842,75.7956,6.18291,24.6,165.872,0,2373.67,0.0,76.3592,94.1055,14.1396,27.1992,124.013,9.67485,92.6454,37.2474,0.0,22.144,49.8024,21.97,18.348,,44.3374,7.06868,11.545,107.985,2.538,11.2563,50.368,987.027,12.0200004578,80.55,81.25,10.8995,0.735,27.3426,83.6308,0.0,0.13376,0.0,0.0,0.0,5.7,59.9918,42.6047,55.2566,0,53.6745,0.0,535.075,21.4542,0.53335,45.6336,38.4132,14.5097,0.64332,0.2365,8.57856,194.131,171.0,0.0,2.22065,0.0,4.489,0.0,4.34416,22.33,0.0,84.1579,0.0,0.0,0.0
2023-12-07 14:45:00,173.3,1622.49,28.0601,0.0,75.94,4.18437,55.6301,17.5997,96.6655,79.9027,0.0,160.861,77.6739,85.0972,4.92314,25.45,190.859,0,2405.65,0.0,55.4238,95.4802,16.4517,22.7008,114.193,9.37486,92.8803,38.1567,0.0,19.969,50.2147,18.94,29.1686,,34.0449,5.25438,8.722,114.966,2.588,13.9931,49.408,1018.84,210.080001831,102.25,81.25,11.2016,0.751,27.1321,73.4036,0.0,0.17395,0.0,12.7,0.0,5.7,58.2339,33.0281,66.912,0,58.9188,0.0,547.087,22.7628,0.00093,116.735,36.4971,14.08,3.90875,0.0,8.22477,280.632,159.997,0.0,0.0015,0.0,4.189,0.0,4.34416,22.6,0.0,84.6836,0.0,0.0,0.0
2023-12-07 14:50:00,180.897,1620.63,23.6208,0.0,73.49,2.77353,55.0112,31.3995,96.9937,43.7022,0.0,148.861,74.2437,82.7961,5.03091,22.28,181.252,0,2435.17,0.0,64.2008,95.6514,12.936,11.7998,121.683,8.28487,100.25,41.636,0.0,17.7418,50.4484,22.96,20.1073,,30.1575,4.4437,8.234,106.59,2.538,10.5116,49.154,1028.82,181.220001221,98.1,81.25,9.90158,0.624,19.7711,44.4784,0.0,0.14381,0.0,94.5449,0.0,5.7,69.3962,26.6285,73.1243,0,46.3246,0.0,500.699,28.6198,0.0,149.932,38.1407,15.96,2.58915,0.0,9.46586,348.263,104.994,0.0,1.29949,0.0,3.889,0.0,4.34416,22.56,0.0,83.7591,0.0,0.0,0.0
2023-12-07 14:55:00,188.794,1646.49,28.2619,0.0,73.21,4.66268,50.3017,28.1996,96.7319,39.1978,0.0,186.744,80.174,94.1997,4.62259,24.03,273.676,0,2475.94,0.0,64.6097,97.9476,14.5083,10.399,112.203,7.86488,99.6216,36.5205,0.0,14.0785,50.4761,18.91,25.4024,,36.3813,5.18535,9.112,73.7458,2.186,10.4628,49.298,1056.88,221.529998779,60.47,69.5,12.401,0.449,19.7803,77.0191,0.0,0.15386,0.0,78.1957,0.0,6.0,77.2515,27.5807,72.7056,0,44.314,0.0,493.423,22.1134,0.0,82.6337,36.5587,5.73992,1.39528,0.0,8.99482,319.387,177.219,0.0,1.00639,0.0,3.989,0.0,4.34416,22.54,0.0,70.4896,0.0,0.0,0.0
2023-12-07 15:00:00,215.495,1670.29,39.992,0.0,73.67,4.38428,53.0117,14.1998,94.5014,35.0984,0.0,195.575,82.1833,94.3988,4.20762,24.9,265.98,0,2514.64,0.0,52.3354,95.2687,13.5366,11.0002,133.473,8.02488,96.3081,39.1096,0.0,11.905,51.0329,18.9,22.7697,,39.463,5.06676,8.492,51.8303,1.885,8.56092,49.75,1112.74,208.649993896,84.77,33.5,10.2007,0.461,14.5617,86.8718,0.0,0.13376,0.0,44.1857,0.0,5.7,84.6345,25.9968,77.4224,0,41.637,0.0,523.6,15.2895,0.81631,65.0797,28.6484,4.67055,2.30289,0.2405,8.42086,221.524,176.993,0.0,0.11215,15.5176,4.789,0.0,4.34416,24.25,0.0,83.0521,0.0,0.0,0.84115
2023-12-07 15:05:00,197.295,1634.5,23.4801,0.0,68.61,9.6205,27.2923,13.3998,94.2397,32.599,0.0,175.941,80.6244,84.1989,4.84275,23.89,103.177,0,2534.56,0.0,62.4002,83.5008,13.6587,11.7998,128.283,7.45489,94.1562,38.7161,0.0,11.7105,50.593,31.6,28.1016,,38.7681,4.82426,8.099,56.9104,1.835,6.83482,49.126,1142.5,364.670013428,95.8,19.75,10.399,0.525,18.8281,61.7201,0.0,0.14381,0.0,42.6505,0.0,7.8,60.2884,24.3122,62.0243,0,53.8064,0.0,580.023,11.581,0.40117,139.892,29.457,4.36048,0.94789,0.0,7.91885,216.269,177.314,0.0,56.7483,0.0,4.889,0.0,4.34416,24.0,0.0,79.5354,0.0,0.0,0.832
2023-12-07 15:10:00,198.795,1610.77,34.9314,0.0,64.94,15.7704,24.3003,15.6998,90.5053,27.6001,0.0,173.97,81.4826,75.0964,3.47597,24.85,84.6943,0,2542.45,0.0,47.0863,44.919,12.9043,9.89853,127.943,6.99489,88.7543,40.7569,0.0,12.9372,50.5069,24.37,27.9337,,42.3433,5.78009,7.331,48.777,2.337,6.73228,49.318,1153.14,416.269989014,96.28,20.5,9.59945,0.692,22.5635,90.0518,0.0,0.17395,0.0,95.7219,0.0,7.8,52.5209,34.3191,72.4578,0,68.5283,0.0,638.789,11.642,0.0,132.341,23.7528,5.1796,0.38087,0.0,10.1535,257.093,171.992,0.0,7.5801,4.17362,5.289,0.0,4.34416,24.29,0.0,100.382,0.0,0.0,0.86404
2023-12-07 15:15:00,186.993,1643.43,66.2108,0.0,65.85,19.0024,31.6905,20.8997,84.2786,22.9995,0.0,160.735,80.1947,71.8971,2.74496,20.98,72.8516,0,2550.19,0.0,32.6024,44.1586,12.2695,5.79995,112.713,7.08489,95.6543,41.4297,0.0,13.8747,50.3008,19.37,28.2921,,57.5102,7.74661,5.972,49.3824,2.789,6.30747,47.026,1152.95,240.080001831,100.65,23.0,13.4997,0.905,28.13,89.5122,0.0,0.14381,0.0,73.8527,0.0,7.8,65.2982,40.2609,72.0818,0,75.8526,0.0,694.235,11.6054,0.0,115.41,24.9394,4.53017,1.72244,0.0,10.666,299.117,133.992,0.0,0.0,0.0,6.489,0.0,4.34416,24.33,0.0,95.9772,0.0,0.0,0.86633
2023-12-07 15:20:00,207.297,1660.47,47.3996,0.0,64.35,47.2401,39.3298,46.6993,89.3217,21.7979,0.0,155.053,80.0641,92.6995,2.43725,21.05,59.8978,0,2592.91,0.0,24.8753,36.0767,28.7102,9.30037,115.983,6.18491,91.0077,40.6632,0.0,13.0432,50.6238,13.21,28.8809,,50.4202,6.2403,4.479,71.1873,2.887,11.9789,47.262,1150.12,218.050003052,97.16,24.5,20.5005,1.368,31.0872,90.143,0.0,0.08352,0.0,3.85153,0.0,7.8,66.1881,28.3131,77.0806,0,77.0282,0.0,750.096,19.7525,0.47936,102.971,23.7001,4.57045,3.93133,0.1245,10.3634,371.646,138.993,1.59258,2.12494,0.76115,9.889,0.0,4.34416,25.41,0.0,88.6173,0.0,0.0,0.0
2023-12-07 15:25:00,194.998,1667.16,52.2398,0.0,55.06,44.59,42.8821,12.0998,68.1534,18.3028,0.0,137.511,81.0651,86.3982,2.1312,21.87,49.7082,0,2601.11,1.28727,18.5885,28.03,23.8395,11.1009,132.383,6.2649,91.9091,40.015,0.0,11.8963,50.0362,11.2,8.88934,,40.1982,4.88975,4.148,49.5666,2.327,11.371,49.21,1167.01,214.619995117,96.04,26.25,16.0998,0.843,42.2019,59.0949,0.0,0.12371,0.0,0.0,0.0,7.8,48.1813,23.8636,73.0388,0,69.2241,0.0,810.816,17.4136,0.0,163.183,26.8378,3.9198,6.12619,0.0,14.9985,387.631,175.218,0.0,0.0,0.0,12.289,0.0,4.34416,25.12,0.0,88.8349,0.0,0.0,0.0
2023-12-07 15:30:00,197.797,1665.43,54.101,0.0,54.5,70.9313,68.6894,9.49986,59.7665,14.6017,0.0,121.968,77.0831,85.5972,2.02726,15.56,64.8029,0,2625.33,34.3059,22.1897,26.7157,19.7012,8.5008,121.303,6.10491,99.8882,40.5268,0.0,13.8189,50.39,10.19,15.1521,,40.8629,4.88798,3.579,41.3489,2.076,6.14878,38.652,1146.38,257.529998779,98.9,36.0,14.2992,0.603,44.0696,28.1777,0.0,0.17395,0.0,0.0,0.0,7.8,52.5979,22.948,68.6125,0,60.38,0.0,867.995,22.5211,0.0,162.652,23.2606,3.33018,11.9161,0.0,17.8012,384.784,67.9938,0.0,0.0,0.0,11.889,0.0,4.34416,25.17,0.0,92.1341,0.0,0.0,0.0
2023-12-07 15:35:00,186.195,1640.48,50.4105,0.0,56.92,75.1324,31.892,10.5998,57.2118,9.49989,0.0,110.863,84.0449,90.6994,1.81613,16.88,68.7189,0,2613.37,33.6082,33.3837,31.2325,18.7564,6.19974,117.353,5.97491,99.0884,35.1328,0.0,12.4984,50.7715,10.19,9.86112,,47.268,5.8562,2.684,36.8742,2.026,3.36065,23.316,1169.35,200.270004272,98.51,33.5,11.7998,0.669,40.911,23.4757,0.0,0.14381,0.0,52.6,0.0,7.8,48.0055,27.6356,48.4376,0,53.1911,0.0,913.749,15.5874,0.0,162.267,23.4628,2.91025,16.3638,0.0,14.8019,373.156,51.9989,0.0,0.0,0.0,12.589,0.0,4.34416,25.17,0.0,106.364,0.0,0.0,0.0
2023-12-07 15:40:00,138.995,1647.95,76.7408,0.0,48.18,83.6602,48.1813,16.9997,61.5361,6.80133,0.0,118.405,81.7035,98.7974,2.12352,12.79,109.315,0,2643.23,33.48,42.0691,39.3497,19.7794,3.80102,127.923,5.70491,94.7148,30.6528,0.0,21.0268,52.0,10.19,9.40032,,38.5164,4.56229,1.775,31.9099,2.026,3.08721,24.758,1209.17,262.529998779,97.78,21.0,13.7011,0.748,45.0034,28.25,0.0,0.12371,0.0,29.5,0.0,7.8,46.6102,21.3458,72.4749,0,65.1627,0.0,949.883,19.335,0.0,162.506,26.1523,2.71981,16.1569,0.1395,15.4394,345.205,62.9927,1.6524,1.78698,0.70433,13.689,0.0,4.34416,26.29,0.0,99.2765,0.0,0.0,0.0
2023-12-07 15:45:00,137.895,1665.11,67.3711,0.0,55.24,80.2713,30.7127,26.7996,37.4185,5.99794,0.0,105.438,77.9632,95.8989,2.02234,12.52,66.1715,0,2663.3,33.5771,32.7123,94.3875,23.3878,2.90074,126.253,5.59491,87.7133,19.5324,0.0,61.2844,50.4761,9.17,10.1898,,26.8441,3.45425,7.425,29.5147,1.876,2.5745,6.206,1205.37,216.130004883,97.73,17.5,16.3012,0.746,48.7755,47.5477,0.0,0.14381,0.0,181.412,0.0,7.8,51.5651,19.4324,74.7906,0,67.4736,0.0,1013.68,12.2866,0.14986,123.363,25.2821,3.2899,12.5826,0.0845,15.6314,296.205,50.9986,0.0,0.02542,0.05234,10.689,0.0,4.34416,26.03,0.0,90.6658,0.0,0.0,0.0
2023-12-07 15:50:00,141.495,1650.71,43.8418,0.0,40.63,76.1413,21.4401,38.4994,24.9691,4.80316,0.0,88.5054,86.6633,94.7971,2.02234,10.86,30.1962,0,2662.49,33.4709,28.6351,90.0368,22.7481,2.90074,120.983,2.69496,82.5271,21.4788,0.0,85.0166,50.5069,8.11,11.1119,,26.4916,3.63125,9.37,22.9816,1.976,2.05936,18.276,1212.05,281.609985352,98.87,14.75,16.2005,0.834,45.7267,43.396,0.0,0.17395,0.0,107.029,0.0,7.8,35.8434,20.6683,74.5428,0,75.783,0.0,1057.82,10.0868,0.02513,36.2829,19.8592,5.09049,14.0566,1.78847,14.1978,285.539,47.2065,0.0,1.09612,0.04636,9.989,0.0,4.34416,27.04,0.0,96.9017,0.0,0.0,0.0
2023-12-07 15:55:00,163.395,1643.75,80.3889,0.0,42.16,63.8206,24.7727,45.5993,13.3693,3.89677,0.0,71.2551,78.3844,86.5973,1.50195,8.44,18.2722,0,2656.27,33.6595,22.8367,24.8274,24.3156,2.69932,106.883,3.41495,75.716,20.836,0.0,84.8937,49.3349,6.1,19.1631,,25.0414,3.38875,7.967,24.0713,2.076,1.48562,49.966,1229.76,354.25,101.17,12.25,20.9003,0.642,45.4337,31.2665,0.0,0.12371,0.0,123.352,0.0,7.8,46.3246,20.2106,73.3721,0,78.6834,0.0,1106.63,10.4945,0.0,78.1292,14.1374,8.7698,15.6088,0.0,13.2931,320.174,55.0865,0.0,0.0,0.0,8.289,0.0,4.34416,27.04,0.0,74.5865,0.0,0.0,0.0
2023-12-07 16:00:00,141.497,1700.37,80.3703,0.0,35.76,80.2922,35.2099,12.2998,7.47082,3.69764,0.0,53.109,74.4744,102.196,1.70829,6.54,11.0907,0,2665.3,33.4361,19.3271,20.4163,31.2566,2.10117,82.0738,2.95496,63.7822,21.9763,0.0,84.7749,50.7991,6.28,29.2731,,29.0094,3.88968,6.522,26.2455,2.076,2.35721,48.236,1271.53,250.589996338,78.13,10.75,20.3998,0.6,45.8366,37.2783,0.0,0.14381,0.0,106.672,0.0,7.8,54.3777,23.8544,55.4275,0,69.3596,0.0,1165.83,15.6704,2.87338,164.758,8.87269,8.28028,21.4426,1.84547,14.0974,333.294,39.6047,0.0,13.5018,0.75816,8.589,0.0,4.34416,27.03,0.0,62.8941,0.0,0.0,0.0
2023-12-07 16:05:00,105.795,1686.43,79.2313,0.0,33.1,75.6201,46.3612,26.3996,5.96298,3.69764,0.0,34.7311,81.4447,78.4994,1.70829,4.84,14.302,0,2645.74,33.3647,18.9059,17.7123,31.4788,1.60067,72.2839,3.96494,54.4002,21.9104,0.0,64.0164,50.5069,8.11,28.8666,,34.6894,4.63487,5.815,22.6762,1.976,3.07744,47.128,1288.98,222.490005493,89.4,9.75,39.202,0.616,38.9151,88.7816,0.0,0.12371,0.0,58.4063,25.0,8.0,68.0119,27.0863,39.8498,0,67.1879,0.0,1218.81,17.1646,0.0,164.239,5.43612,4.31043,25.9434,0.0,13.9674,335.299,21.0874,0.0,0.0,0.0,10.089,0.0,4.34416,27.03,0.0,68.6043,0.0,0.0,0.0
2023-12-07 16:10:00,85.3958,1728.35,76.9798,0.0,30.61,82.9799,54.7622,37.9994,0.0,4.50103,0.0,32.7748,83.5224,64.0956,1.29299,3.7,10.5487,0,2657.78,0.0,15.8602,16.2268,50.6856,1.60067,63.994,3.35495,48.5095,15.1516,0.0,34.5907,50.3592,9.12,26.8011,,37.2474,4.81187,6.783,25.1084,2.177,3.9881,45.544,1324.8,299.079986572,67.65,9.0,29.2012,0.475,22.7283,89.9036,0.0,0.1639,0.0,32.389,31.9,7.9,59.3326,25.1179,45.464,0,83.155,0.0,1251.92,13.8906,0.03816,161.535,2.58842,3.75988,30.1012,2.96545,16.639,349.49,13.8771,0.0,0.82097,0.24973,13.289,0.0,4.34416,27.01,0.0,58.9604,0.0,0.0,0.0
2023-12-07 16:15:00,60.1954,1727.08,75.9602,0.0,26.81,89.492,22.6304,40.0994,0.0,5.00229,0.0,25.3559,71.4238,63.6,1.0912,2.54,8.84138,0,2655.56,0.0,18.1125,15.688,63.9085,1.29854,51.1942,2.97495,40.0861,18.7389,0.0,19.3434,50.2731,9.12,6.24077,,37.61,4.69328,6.171,26.0033,1.976,3.44854,45.47,1365.65,239.399993896,57.7,8.25,47.1,0.402,50.5058,89.7488,0.0,0.14381,0.0,111.884,31.3,9.8,70.9343,24.4037,49.7023,0,79.5331,0.0,1255.12,17.3965,0.0,90.0435,1.85892,4.41053,57.781,3.38845,20.8046,278.572,11.981,0.0,1.20677,0.33646,13.389,0.0,4.34416,26.72,0.0,44.8027,0.0,0.0,0.0
2023-12-07 16:20:00,43.8969,1721.27,76.0505,0.0,26.98,85.9,50.8217,20.8997,0.0,5.90181,0.0,21.2879,64.7648,58.5996,1.5047,2.69,9.00398,0,2655.41,0.0,17.673,15.0233,17.6821,1.20089,40.4344,3.27495,30.1836,19.1769,0.0,36.9459,50.593,9.12,10.5938,,36.5525,4.75877,4.879,40.7593,1.926,3.23857,43.392,1380.27,330.899993896,89.67,6.0,12.401,0.458,58.5351,23.63,0.0,0.14381,0.0,248.236,31.5,9.8,71.5166,26.363,70.6462,0,77.9437,0.0,1192.64,36.1297,0.0,118.083,0.61964,7.16941,76.3677,2.30846,22.8854,194.049,12.6594,0.0,0.0,0.0,48.689,0.0,4.34416,26.82,0.0,41.3765,0.0,0.0,0.0
2023-12-07 16:25:00,38.4958,1723.95,74.399,0.0,25.87,85.632,38.5718,24.2996,0.0,5.90181,0.0,17.5875,56.9741,51.5991,1.5047,2.05,10.9958,0,2655.36,0.0,15.7076,13.3516,11.9643,1.39925,34.7945,2.80496,22.3504,13.1925,0.0,57.1413,50.067,10.11,5.49478,,38.2545,5.11101,4.766,51.1143,2.026,3.58038,43.26,1395.7,435.290008545,46.99,4.25,9.0013,0.496,67.7821,35.9502,0.0,0.14381,0.0,307.516,31.4,10.1,86.2605,30.2358,74.5769,0,72.0403,0.0,1135.44,17.1353,0.0,152.062,0.62843,3.02011,68.6626,4.88842,23.1567,187.137,16.8778,0.04636,0.07028,0.0,50.689,0.0,4.34416,26.7,0.0,26.0223,0.0,0.0,0.0
2023-12-07 16:30:00,30.396,1729.32,73.5415,0.0,25.67,87.2606,52.5905,35.1995,0.0,6.30007,0.0,12.5139,40.6751,57.1968,1.9161,1.96,11.6598,0,2650.24,0.0,15.8968,11.6748,10.3529,1.39925,27.6546,2.39496,17.5452,9.15538,0.0,85.0289,50.8299,10.11,3.51962,,41.3564,5.49511,5.702,66.0862,2.126,4.08087,42.606,1405.51,571.369995117,23.5,3.0,8.10102,0.6,84.1245,53.9334,0.0,0.15386,0.0,322.461,30.8,9.8,84.4367,30.6569,46.8995,0,79.1742,-4.03754,1139.54,11.0927,2.26836,94.6578,0.0,2.39998,79.7174,9.81835,21.974,196.915,15.9732,28.1207,52.7168,23.6644,22.889,0.0,4.34416,26.78,0.0,27.1281,0.0,0.0,0.0
2023-12-07 16:35:00,28.9951,1732.52,72.2405,0.0,29.32,86.6724,21.1508,33.4995,0.0,6.89746,0.0,6.63691,28.2237,47.0987,2.23066,1.66,11.5243,0,2654.65,0.0,11.4962,9.99794,10.3847,1.49996,22.2447,2.39496,13.0065,5.24675,0.0,85.0084,50.916,9.1,3.27744,,43.4109,5.31279,7.23,70.982,1.976,3.58282,41.55,1408.71,520.570007324,14.59,2.0,8.10102,0.379,114.044,16.097,0.0,0.14381,259.95,304.229,30.8,10.1,78.3392,26.5187,74.0386,0,72.3735,39.8108,1138.12,9.05898,0.0,118.096,0.60206,2.39021,81.9452,9.95735,19.1437,187.759,15.5209,30.0587,2.10999,0.63853,11.589,0.0,4.34416,26.89,0.0,18.9525,0.0,0.0,0.0
2023-12-07 16:40:00,39.8959,1755.74,70.8412,0.0,31.47,89.7432,15.87,29.0996,0.0,7.19959,0.0,2.91371,26.052,44.8994,2.76467,2.07,13.0961,0,2656.0,0.0,8.92653,8.31609,11.1562,2.59861,18.8347,1.75497,5.35116,3.37179,0.0,80.4414,50.3008,7.09,4.21504,,42.7462,5.59246,9.915,61.6694,1.876,3.44854,41.69,1422.78,576.739990234,13.94,1.25,8.60151,0.304,121.14,13.2683,0.0,0.12371,259.39,336.038,32.0,9.8,66.3859,28.2673,49.3263,0,75.2044,87.3945,1139.54,8.16785,0.84982,115.929,0.0,2.14972,63.1119,10.0034,13.3146,153.216,12.7377,52.6869,38.8486,15.2574,17.489,0.0,4.0012,26.97,0.0,16.3059,0.0,0.0,0.0
2023-12-07 16:45:00,36.6944,1732.94,68.6004,0.0,34.77,88.2214,24.2124,13.1998,0.0,6.6022,0.0,0.69047,21.8625,53.9975,3.0761,1.21,15.0473,0,2654.85,0.0,8.95094,6.62417,14.2153,3.09911,11.9148,1.73497,0.0,1.64758,0.0,85.033,50.4761,6.02,12.5563,,38.6171,4.79771,23.466,70.1503,1.775,4.42268,41.132,1409.71,610.929992676,17.32,1.0,12.1996,0.195,133.967,14.3827,0.0,0.13376,251.14,411.635,31.1,9.8,64.65,24.477,36.4575,0,69.3999,141.918,1141.56,9.53994,0.04189,82.5055,0.0,2.10944,65.9831,10.0104,13.3627,137.139,8.64981,50.0729,20.2879,14.7729,12.089,0.0,4.0012,26.86,0.0,13.3511,0.0,0.0,0.0
2023-12-07 16:50:00,27.1968,1733.82,65.7807,0.0,30.84,87.5306,16.8514,8.29987,0.0,7.00046,0.0,0.27848,18.7643,54.5993,3.28691,0.93,16.8494,0,2643.13,0.0,7.11986,5.8336,16.3027,2.90074,10.3548,3.06495,0.0,0.26377,0.0,85.0412,50.3316,6.02,7.35693,,33.6722,3.87375,26.822,65.923,1.625,6.73228,14.984,1404.15,608.960021973,17.73,0.5,38.8998,0.266,131.339,9.84358,0.0,0.184,298.31,424.988,30.6,9.8,90.6221,16.9604,36.184,0,62.3282,139.913,1138.63,8.9369,18.8422,80.6012,0.0,2.34993,76.9818,9.83735,14.8762,56.6995,6.33623,58.0493,0.0,0.36039,10.389,0.0,4.0012,26.97,0.0,12.4628,0.0,0.0,0.0
2023-12-07 16:55:00,29.3973,1752.25,62.9796,0.0,34.7,85.9125,16.3607,4.59993,0.0,6.80133,0.0,1.32448,17.0834,53.8957,3.08147,1.34,17.6082,0,2655.51,0.0,5.90524,5.16892,61.6794,2.19882,6.6549,2.18497,0.0,0.07175,0.0,85.033,50.2423,6.02,9.43002,,22.8258,2.52851,26.591,45.0761,1.575,14.0761,5.308,1413.3,585.619995117,17.75,0.25,41.3016,0.312,110.007,9.58329,0.0,0.08352,256.51,451.716,31.3,9.8,87.6557,9.96567,47.2071,0,50.1039,187.704,1142.39,11.2392,26.5678,64.0604,0.0,2.39998,70.1421,10.0014,17.6364,54.6853,5.01419,60.2236,1.3294,24.4151,11.089,0.0,4.0012,26.9,0.0,10.1606,0.0,0.0,0.0
2023-12-07 17:00:00,23.2988,1746.95,58.4713,0.0,39.8,88.7614,8.83131,3.59995,0.0,6.6022,0.0,3.62249,13.3236,40.8991,3.169,1.51,20.8873,0,2648.48,0.0,8.5481,4.63012,39.5257,1.79904,6.8049,1.53498,0.0,0.0,0.0,84.181,50.7407,7.09,5.22624,,18.9586,1.97272,25.763,23.4712,1.625,21.2491,3.924,1405.17,521.109985352,17.1,0.0,15.8007,0.501,109.805,9.31971,0.0,0.08352,242.89,454.977,30.7,10.1,92.6876,8.24445,68.2792,0,41.3074,238.816,1140.68,4.90364,1.46787,38.5107,0.0,2.08014,66.298,9.88735,18.1422,60.1694,4.13573,59.3922,26.3232,0.13608,11.489,0.0,4.0012,26.9,0.0,11.7921,0.0,0.0,0.0
2023-12-07 17:05:00,43.0945,1749.61,56.241,0.0,37.02,88.8619,5.38155,2.99995,0.0,5.49668,0.0,5.23995,10.815,45.0986,2.87962,1.75,19.8846,0,2649.58,0.0,4.66011,4.09133,27.6115,1.49996,7.77488,1.49498,0.0,0.0,0.0,73.8509,51.1221,7.09,2.84992,,22.846,2.58869,17.157,18.1226,1.575,27.487,3.314,1408.2,567.929992676,15.7,0.0,14.0001,0.652,108.954,6.20555,0.0,0.15386,501.06,347.492,30.7,9.8,86.3044,10.103,73.2268,0,27.4534,292.259,1144.15,2.48905,0.0,70.5486,0.0,1.78961,80.1227,4.08944,15.6948,57.4594,4.28359,0.56077,0.0,0.0,8.989,0.0,4.0012,26.9,0.0,7.44143,0.0,0.0,0.0
2023-12-07 17:10:00,36.7967,1757.23,53.3895,0.0,37.81,87.9932,3.45159,8.09988,0.0,5.59968,0.0,3.01137,9.83352,43.8994,2.77414,1.11,15.657,0,2650.02,0.0,2.78019,3.6331,12.3061,1.10018,5.87491,1.65497,0.0,0.0,0.0,43.4401,49.6579,10.2,1.87827,,17.2868,1.9267,8.734,12.3002,1.575,13.0532,2.806,1407.69,435.049987793,13.86,0.0,8.79988,1.219,107.425,6.45881,0.0,0.2041,496.78,346.147,30.7,10.0,91.4571,7.49371,74.7051,0,18.9645,310.967,1139.9,1.63943,0.0,34.0368,0.0,1.72979,75.0494,2.86546,9.17965,97.8256,4.83154,0.0,7.73263,0.0,6.689,0.0,4.0012,26.9,0.0,7.56832,0.0,0.0,0.0
2023-12-07 17:15:00,31.6957,1758.4,48.1112,0.0,38.14,82.532,3.51019,5.39992,0.0,5.49668,0.0,2.047,9.08522,47.7979,1.51578,1.35,10.4267,0,2646.48,0.0,1.87076,3.25544,13.9199,1.39925,2.42496,1.63498,0.0,0.0,0.0,47.1122,50.1531,8.17,2.28262,,12.7146,1.31603,6.113,7.33589,1.575,3.90021,2.4,1403.46,468.100006104,12.09,0.0,10.7988,0.677,97.9217,8.0603,0.0,0.08352,491.51,344.827,30.5,10.0,103.41,5.14992,73.9019,0,15.1778,312.615,1139.78,1.39529,0.0,95.3719,0.0,1.6895,81.0138,4.86343,7.99053,157.171,5.86656,0.0,0.0,0.0,6.889,0.0,4.0012,26.9,0.0,10.0881,0.0,0.0,0.0
2023-12-07 17:20:00,38.6944,1760.09,44.272,0.0,31.59,78.8123,4.42206,6.99989,0.0,5.40055,0.0,0.486,8.77272,44.9968,1.2057,0.99,12.2018,0,2650.04,0.0,0.83925,2.75692,15.624,1.49996,0.84999,1.79497,0.0,0.0,0.0,65.065,50.1531,10.19,2.56858,,13.0671,1.31603,4.96,5.68814,1.625,4.24445,2.098,1406.37,438.910003662,10.33,0.0,11.2993,0.708,85.6901,7.3143,0.0,0.12371,495.08,347.365,30.8,9.9,100.411,5.7908,73.1926,0,9.85306,312.92,1141.27,1.98123,0.0,115.679,0.0,1.6895,72.4346,1.52148,9.48736,139.226,6.14488,0.0,0.05234,0.04636,6.189,0.0,4.0012,26.9,0.0,9.2542,0.0,0.0,0.0
2023-12-07 17:25:00,40.7937,1772.07,42.1612,0.0,29.83,87.181,5.30098,9.09986,0.0,5.99794,0.0,0.0,7.30419,47.5988,0.8983,0.41,16.9985,0,2648.75,0.0,0.5951,2.39437,14.3447,4.7013,0.0,1.25498,0.0,0.0,0.0,67.9772,50.593,43.19,1.73734,,18.4248,2.08423,5.758,4.98798,1.826,4.43976,2.406,1409.35,331.980010986,8.61,0.0,11.0002,0.472,80.8835,5.12647,0.0,0.15386,495.85,350.395,30.9,9.9,98.851,10.0847,71.7998,0,6.43992,313.597,1137.88,2.45731,0.0,88.8228,0.0,1.61992,69.6623,3.03945,11.8231,144.518,5.07507,47.6773,0.0,0.0,5.789,0.0,4.0012,26.59,0.0,9.96118,0.0,0.0,0.0
2023-12-07 17:30:00,42.3934,1782.57,22.1021,0.0,26.93,85.8309,5.08125,11.2998,0.0,9.39689,0.0,1.11543,5.61471,53.4974,0.79725,0.56,19.722,0,2656.93,0.0,0.0,2.28359,12.7748,5.69924,0.0,0.98498,0.0,0.0,0.0,62.5295,50.1839,36.01,1.28736,,18.0421,2.08423,5.874,5.41966,1.725,4.95003,3.02,1410.1,443.820007324,6.97,0.0,14.2016,0.381,80.8011,4.81982,0.0,0.17395,501.06,354.962,31.3,9.9,92.8963,8.72969,26.4256,0,4.23529,313.384,1138.07,2.89433,0.05119,27.8904,0.0,1.51982,63.9689,2.79746,13.8296,77.2991,3.03113,59.9425,0.11215,0.09421,9.789,0.0,4.0012,27.05,0.0,11.3751,0.0,0.0,0.0
2023-12-07 17:35:00,54.297,1779.47,30.8612,0.0,23.94,83.2311,6.08103,6.89989,0.0,8.99863,0.0,1.44121,5.26436,47.1961,0.90054,0.45,21.0364,0,2649.63,0.0,0.0,2.63104,11.6835,5.50088,0.0,1.00498,0.0,0.0,0.0,55.1649,51.0914,10.31,1.28736,,20.5901,2.32496,6.932,7.69913,1.575,3.88067,3.222,1412.69,603.820007324,5.77,0.0,8.79988,0.325,87.3106,4.67792,0.0,0.17395,493.87,351.476,31.0,9.9,76.9879,9.47128,23.6313,0,3.26848,314.147,1135.87,3.2874,0.0,21.4572,0.0,1.40019,64.8576,2.19647,11.2527,65.3788,0.0,59.7989,0.07626,4.45774,15.189,0.0,4.0012,27.03,0.0,12.2997,0.0,0.0,0.0
2023-12-07 17:40:00,69.3986,1797.42,30.3196,0.0,27.34,81.7826,0.0,3.59995,0.0,2.70199,0.0,0.22889,4.6247,47.497,0.25535,0.31,12.1069,0,2654.29,0.0,0.0,3.13962,14.0127,9.0013,0.0,1.00498,0.0,0.0,0.0,46.6698,50.1255,10.31,0.14783,,0.0,0.0,8.033,10.0154,1.575,3.48516,3.324,1406.76,570.239990234,4.92,0.0,9.59945,0.591,116.068,3.58082,0.0,0.08352,660.48,348.694,31.0,9.9,59.9698,8.80293,19.5639,0,0.96315,314.714,1143.15,0.0,1.69126,16.08,0.0,1.31962,63.4879,9.45736,8.49971,65.452,0.0,58.6475,12.3594,0.0,8.089,0.0,4.0012,26.85,0.0,17.3573,0.0,0.0,0.0
2023-12-07 17:45:00,87.7951,1801.59,27.1521,0.0,30.93,84.9245,5.11055,1.09998,0.0,1.39734,0.0,1.20241,3.1342,53.3957,0.67459,0.3,9.00398,0,2656.17,0.0,0.0,7.82765,10.7265,7.20073,0.0,0.89499,0.0,0.0,0.0,50.1719,50.4177,15.48,0.83674,,11.3248,1.78686,6.965,11.2157,1.569,3.91485,3.324,1412.3,445.410003662,4.29,0.0,7.49981,0.64,145.429,1.6123,0.0,0.17395,644.66,354.691,31.3,9.9,36.8762,8.78462,14.0609,0,0.0,314.263,1139.9,2.5452,2.6593,11.4778,0.0,1.1597,74.8638,9.99235,6.44326,41.4465,0.0,59.8857,0.0,10.2299,6.489,0.0,4.0012,26.85,0.0,11.8827,0.0,0.0,0.0
2023-12-07 17:50:00,81.3957,1814.31,22.2004,0.0,28.92,80.8009,4.3415,0.0,0.0,0.0,0.0,0.9575,3.59197,47.997,0.37026,0.44,5.81973,0,2653.73,0.0,0.0,32.431,7.87243,3.49889,0.0,1.03498,0.0,0.0,0.0,46.9033,50.3008,10.15,1.05203,,11.6571,1.91785,4.071,4.80373,1.619,3.58038,3.224,1408.54,678.309997559,3.66,0.0,5.50088,0.543,173.719,0.86147,0.0,0.13376,501.41,355.234,31.2,9.9,18.6825,8.80293,12.6766,0,0.0,313.933,1140.12,2.16678,0.59106,10.9895,0.0,1.02054,79.0338,4.43443,10.667,32.9778,0.0,59.6554,0.0,13.1519,3.589,0.0,4.0012,26.91,0.0,14.6744,0.0,0.0,0.0
2023-12-07 17:55:00,63.4953,1836.62,21.0613,0.0,30.99,79.7103,3.0927,0.0,0.0,4.39803,0.0,0.61189,1.68582,54.2984,0.1652,0.12,13.8955,0,2654.97,0.0,0.72328,20.6883,6.20737,1.89975,0.0,1.23498,0.0,0.0,0.0,43.2026,50.4484,16.42,1.04755,,13.772,1.79571,4.212,3.62451,1.87,5.1014,3.122,1411.76,600.75,3.1,0.0,4.30152,0.595,197.908,0.75511,0.0,0.14381,532.45,349.992,30.9,9.9,14.6944,8.37263,23.469,0,0.0,313.652,1142.05,1.43679,3.65525,10.0008,0.0,0.88015,76.878,0.0665,24.066,25.5619,1.03067,60.0412,0.0,2.27448,6.189,0.0,4.0012,26.88,0.0,19.9677,0.0,0.0,0.0
2023-12-07 18:00:00,62.9979,1844.71,12.3315,0.0,37.87,78.8814,2.7924,0.0,0.0,3.80064,0.0,0.85679,1.86648,54.6967,0.06404,0.55,10.1693,0,2650.65,0.0,1.73648,11.0252,5.70687,2.29954,0.45499,0.81499,0.0,0.0,0.0,38.955,50.1255,22.48,0.79638,,13.057,1.67712,9.262,2.70851,1.72,8.25574,2.818,1409.18,526.640014648,2.86,0.0,3.80102,0.267,207.475,1.05305,0.0,0.17395,592.45,351.166,31.1,9.9,13.8045,8.68391,24.3577,0,0.0,314.281,1141.44,1.30739,0.0,8.60304,0.0,0.76052,78.1634,0.0,10.8165,20.6546,0.60449,59.5447,0.0,24.3105,4.789,0.0,4.0012,27.01,0.0,28.0526,0.0,0.0,0.0
2023-12-07 18:05:00,64.6965,1849.2,3.85118,0.0,43.48,72.7231,2.36027,0.0,0.0,3.69764,0.0,0.11749,0.73732,67.6976,0.06404,0.61,8.70588,0,2652.51,0.0,2.01724,10.3555,8.46815,3.5996,1.14498,0.49499,0.0,0.0,0.0,35.3874,50.916,16.28,0.68931,,21.3253,2.73561,5.298,1.73987,1.62,2.24735,2.714,1406.2,269.190002441,2.77,0.0,6.70024,0.193,219.634,1.19753,0.0,0.14381,745.64,348.041,30.9,9.9,19.0561,14.1222,25.6052,0,0.0,314.397,1137.88,0.82643,0.0,8.49317,0.0,0.62014,82.005,0.0,32.2632,15.7198,0.0,60.0053,61.3033,24.5497,4.589,0.0,4.0012,26.92,0.0,37.2434,0.0,0.0,0.0
2023-12-07 18:10:00,62.2988,1851.44,3.41044,0.0,46.31,65.3235,1.85122,0.0,0.0,3.29938,0.0,1.68841,0.0885,74.8,0.06404,0.46,6.59208,0,2649.21,0.0,1.2665,10.2699,21.8057,2.10117,0.36499,0.35499,0.0,0.0,0.0,31.8781,50.1255,12.13,0.38509,,22.6949,3.11263,5.119,1.13973,1.62,1.78592,4.99,1405.71,187.839996338,2.7,0.0,20.5005,0.191,222.893,1.26526,0.0,0.12371,812.49,347.936,30.6,9.9,25.0657,16.0174,38.1408,0,0.0,314.159,1142.59,0.63844,0.0,20.2548,0.0,0.48952,86.8904,0.0,29.0468,11.5175,0.0,59.0243,58.5578,0.04038,19.589,0.0,4.0012,26.92,0.0,35.7932,0.0,0.0,0.0
2023-12-07 18:15:00,75.0987,1835.18,2.85022,0.0,50.31,73.2506,1.15175,0.0,0.0,3.99977,0.0,2.94957,0.29664,74.499,0.1664,0.52,7.25603,0,2642.06,0.0,0.86976,8.3463,21.5592,1.60067,0.36499,0.295,0.0,0.0,0.0,27.8047,49.8917,14.22,0.07395,,19.0492,2.62586,3.976,0.63962,1.469,1.80789,2.998,1401.44,121.550003052,2.7,0.5,17.6013,0.058,230.986,1.48751,0.0,0.12371,818.25,343.942,30.6,9.9,21.8247,14.8821,31.1937,0,0.0,314.147,1138.61,0.44556,0.0,23.1784,0.0,0.36988,83.0109,0.0,11.691,8.13916,0.0,57.182,2.4629,0.0,7.089,0.0,4.0012,26.95,0.0,39.9988,0.0,0.0,0.0
2023-12-07 18:20:00,89.4985,1860.33,2.39089,0.0,54.02,75.4213,0.85145,1.09998,0.0,3.89677,0.0,1.45647,0.0885,76.5965,0.26835,0.94,5.75198,0,2656.93,0.0,0.71107,5.30488,17.2256,1.39925,0.77999,0.0,0.0,0.0,0.0,23.3093,49.9501,12.13,0.42218,,15.7963,2.21344,1.542,0.23953,1.469,2.65507,2.838,1413.77,162.050003052,2.74,3.0,10.2007,0.0,235.5,1.71769,0.0,0.17395,767.71,359.513,31.5,9.9,20.9348,12.4468,26.4512,0,0.0,314.769,1140.37,0.1648,1.90349,23.3677,0.0,0.25025,76.5496,0.0425,7.13165,5.33761,1.50034,59.76,1.62548,0.63554,4.189,0.0,4.0012,26.76,0.0,41.8116,0.0,0.0,0.0
2023-12-07 18:25:00,85.7974,1842.61,1.75102,0.0,64.22,67.0818,0.76356,1.09998,8.06067,2.50286,0.0,3.68811,0.95583,72.0962,0.26835,1.37,4.69508,0,2644.74,0.0,0.96132,3.26047,8.31434,1.29854,1.37998,0.0,0.0,0.0,0.0,19.0433,50.8884,9.09,0.07217,,12.9966,1.78509,0.857,0.0,1.469,1.84451,1.592,1403.46,0.0,2.58,2.75,8.10102,0.0,239.236,1.03392,0.0,0.17395,915.16,342.708,30.6,9.9,24.3955,10.0023,18.5898,0,0.0,314.537,1139.12,0.0,0.0,17.1542,0.0,0.16968,79.8956,0.0,5.12256,3.54315,0.0,59.2576,0.0,0.0,5.389,0.0,4.0012,26.75,0.0,49.8784,0.0,0.0,0.0
2023-12-07 18:30:00,78.9962,1848.32,1.04211,0.0,65.75,70.5085,0.7306,1.09998,7.60363,1.50034,0.0,6.31266,2.12528,77.2957,0.59386,1.16,3.82788,0,2647.87,0.0,0.46082,1.92607,10.6435,0.999466,1.49998,0.0,0.0,0.0,0.0,8.40653,49.9501,7.08,0.25555,,11.5967,1.54437,0.674,0.0,1.469,1.29274,1.282,1408.64,193.429992676,2.46,2.25,8.29938,0.0,242.074,0.3606,0.0,0.14381,740.35,352.753,30.9,9.9,21.561,7.52117,13.8814,0,0.0,315.087,1140.46,0.0,1.98354,13.5164,0.0,0.10987,88.8423,0.0,6.54029,1.85855,0.0,59.1499,10.3496,0.0,5.889,0.0,4.0012,26.7,0.0,39.7994,0.0,0.0,0.0
2023-12-07 18:35:00,64.5973,1865.46,0.61199,0.0,68.35,72.0009,0.84047,0.0,11.9943,1.50034,0.0,8.77546,2.52567,77.5966,0.59386,2.3,2.66258,0,2659.76,0.0,0.0,0.93408,6.98131,0.700389,0.99998,0.0,0.0,0.0,0.0,5.01734,50.7407,5.07,0.25555,,8.84733,1.1284,0.599,0.0,1.419,0.86549,0.87,1427.83,132.580001831,2.43,1.75,5.29946,0.0,243.081,0.36098,0.0,0.14381,775.65,358.627,31.5,9.9,35.2612,5.12245,7.62646,0,0.0,316.564,1144.96,0.0,0.0,10.2571,0.0,0.0,95.1718,0.2385,9.03373,0.43488,0.0,60.1309,0.28562,0.0,2.689,0.0,4.0012,26.87,0.0,39.2012,0.0,0.0,0.0
2023-12-07 18:40:00,51.8969,1840.97,0.59075,0.0,61.45,70.1003,0.64271,0.0,21.0374,1.50034,0.0,9.45907,2.40421,66.8967,0.59386,2.5,1.13143,0,2645.13,0.0,0.0,0.2694,3.95148,0.401312,1.28998,0.0,0.0,0.0,0.0,2.58893,49.9193,4.05,0.06788,,6.78279,0.82927,0.0,0.0,1.419,0.49195,0.346,1425.17,148.550003052,2.37,2.25,3.30053,0.0,246.569,0.91799,0.0,0.08352,816.96,344.641,30.6,9.9,55.2456,3.95056,4.95186,0,0.0,316.722,1142.32,0.0,0.0,7.93164,2.33353,0.0,97.2409,0.0015,3.03898,0.0,0.0,24.463,0.0,0.0,2.189,0.0,4.0012,26.96,0.0,42.9536,0.0,0.0,0.0
2023-12-07 18:45:00,54.2989,1867.66,0.37038,0.0,55.52,74.9021,0.61341,0.0,40.2389,1.30121,0.0,14.4808,2.21439,46.0987,0.48837,3.35,0.0,0,2657.15,0.0,0.0,0.0,2.81865,0.300603,1.77997,0.0,0.0,0.23917,0.0,2.0928,50.0362,1.01,0.22178,,6.09796,0.80803,0.0,0.0,1.369,0.26001,0.0,1429.32,204.759994507,2.53,2.5,2.00046,0.0,246.633,0.3252,0.0,0.14381,778.59,354.206,31.0,9.9,46.8959,4.56397,2.94377,0,0.0,316.045,1143.17,0.0,0.0,5.91135,5.55038,0.0,89.1804,0.1605,2.54336,0.0,0.0,1.6195,10.3196,2.80684,1.489,0.0,4.0012,27.12,0.0,37.5516,0.0,0.0,0.0
2023-12-07 18:50:00,79.3967,1855.47,0.19249,0.0,55.51,69.5309,0.0,0.0,49.4148,0.79995,0.0,14.8287,1.46487,50.0989,0.48837,4.39,0.0,0,2651.75,0.0,0.0,0.0,1.55642,0.199893,3.21995,0.0,0.0,1.97607,0.0,3.10822,50.3008,1.01,0.08696,,5.7052,0.68766,0.117,0.0,1.369,0.0,0.0,1427.32,167.679992676,1.76,2.25,1.10018,0.0,240.975,0.0,0.0,0.14381,807.64,346.191,30.7,9.9,51.0597,3.63928,0.0,0,0.0,316.13,1140.46,0.0,3.15448,3.1342,6.66661,0.0,91.3765,0.0005,1.2937,0.0,0.0,0.0,0.0,0.72825,0.0,0.0,4.0012,26.91,0.0,27.5813,0.0,0.0,0.0
2023-12-07 18:55:00,79.5978,1844.24,0.0,0.0,57.39,70.3012,0.0,0.0,51.8367,0.0,0.0,21.6938,0.99367,41.7974,0.38611,6.0,0.0,0,2644.64,0.0,0.0,0.0,0.46998,0.099184,5.03492,0.0,0.0,3.28768,0.0,1.22541,50.8299,1.01,0.0,,4.24491,0.57084,0.0,0.0,1.369,0.0,0.0,1423.8,267.839996338,0.97,1.0,0.49897,0.0,242.513,0.0,0.0,0.17395,739.25,343.44,30.8,9.9,65.8146,2.08286,0.0,0,0.0,316.143,1139.46,0.0,0.0,1.29091,9.87466,0.0,90.4036,0.0,0.63674,0.0,0.0,0.0,0.0,0.0,0.0,0.0,4.0012,26.91,0.0,19.4964,0.0,0.0,0.0
2023-12-07 19:00:00,84.1951,1850.13,0.0,0.0,65.92,72.8717,0.0,0.0,53.3446,0.0,0.0,18.8556,0.62501,34.3986,0.07842,6.84,0.0,0,2648.33,0.0,0.0,0.0,0.0,0.099184,7.47489,0.0,0.0,4.98094,0.0,0.8673,50.3316,0.0,0.0,,2.86519,0.34427,0.0,0.0,1.369,0.0,0.0,1428.68,178.949996948,0.79,0.25,0.19989,0.0,250.213,0.0,0.0,0.14381,743.95,348.479,30.8,9.9,57.4319,1.05745,0.0,0,0.0,316.204,1137.53,0.0,0.0,0.0,12.2038,0.0,93.6922,0.0,0.28808,0.0,0.0,0.0,0.0,0.0,0.0,0.0,4.0012,26.54,0.0,20.0765,0.0,0.0,0.0
2023-12-07 19:05:00,93.4959,1884.09,0.0,0.0,75.75,72.8131,0.0,0.0,58.5204,0.0,0.0,21.8692,0.23865,28.8982,0.0,6.28,0.0,0,2655.53,0.0,0.0,0.0,0.0,0.001526,9.97485,0.0,0.0,4.95079,0.0,0.44365,50.5653,0.0,0.0,,2.53285,0.26285,0.0,0.0,1.369,0.0,0.0,1426.85,62.1800003052,0.2,0.0,0.00153,0.0,245.47,0.0,0.0,0.1639,746.29,351.064,31.1,9.9,56.2454,0.0,0.0,0,0.0,299.724,1138.51,0.0,0.0,0.0,12.4499,0.0,95.3646,0.0195,0.10154,0.0,0.0,0.17197,12.2278,0.01944,0.0,0.0,4.0012,24.84,0.0,30.0467,0.0,0.0,0.0
2023-12-07 19:10:00,93.1958,1919.46,0.0,0.0,77.66,63.2303,0.0,0.0,57.4735,0.0,0.0,25.3132,0.46937,25.5971,0.0,6.63,0.0,0,2645.77,0.0,0.0,0.0,0.0,0.001526,10.1898,0.0,0.0,4.52311,0.0,0.11064,50.2731,0.0,0.0,,1.44518,0.14249,0.0,0.0,1.369,0.0,0.0,1425.0,59.9399986267,0.0,0.0,0.00153,0.0,250.167,0.0,0.0,0.14381,739.27,341.856,30.4,9.9,67.7153,0.0,0.0,0,0.0,300.2,1140.71,0.0,0.0,0.0,18.6463,0.0,95.1046,0.0,0.0,0.0,0.0,0.0,0.0,0.0,0.0,0.0,4.0012,24.84,0.0,30.8987,0.0,0.0,0.0
2023-12-07 19:15:00,80.399,1941.8,0.0,0.0,80.97,65.3821,0.0,0.0,56.8837,0.0,0.0,25.0629,1.09743,24.2961,0.0,9.6,0.0,0,2655.8,0.0,0.0,0.0,0.0,0.001526,11.7998,0.0,0.0,5.39117,0.0,0.0,50.7099,0.0,0.0,,0.0,0.0,0.0,0.0,1.369,0.0,0.0,1426.49,0.0,0.0,0.0,0.00153,0.0,249.352,0.0,0.0,0.19405,740.68,339.594,31.0,10.5,57.7725,0.0,0.0,0,0.0,299.4,1138.78,0.0,0.0,0.0,23.4803,0.0,96.0531,0.0,0.0,0.0,0.0,0.0,0.0,0.0,0.0,0.0,4.0012,24.9,0.0,34.1617,0.0,0.0,0.0
2023-12-07 19:20:00,62.8978,1969.1,0.0,0.0,85.33,59.8706,0.0,0.0,59.5048,0.0,0.0,29.8497,0.93935,24.8979,0.0,8.6,0.0,0,2654.65,0.0,0.0,0.0,0.0,0.001526,12.0398,0.0,0.0,6.82972,0.0,0.0,50.7715,0.0,0.0,,0.0,0.0,0.0,0.0,1.369,0.0,0.0,1429.59,0.0,0.0,0.0,0.00153,0.0,246.038,0.0,0.0,0.17395,753.64,350.67,31.3,10.5,23.8682,0.0,0.0,0,0.0,300.145,1139.83,0.0,0.0,0.0,22.6366,0.0,95.6124,0.0295,0.0,0.0,0.0,0.24674,0.28263,6.47651,0.0,0.0,4.0012,25.17,0.0,32.1858,0.0,0.0,0.0
2023-12-07 19:25:00,54.1984,1991.17,0.0,0.0,87.86,56.2514,0.0,0.0,49.9383,0.0,0.0,32.7398,2.04715,25.097,0.0,10.29,0.0,0,2658.15,0.0,0.0,0.0,0.0,0.001526,11.3398,0.0,0.0,6.17908,0.0,0.0,50.1255,0.0,0.0,,0.0,0.0,0.0,0.0,1.369,0.0,0.0,1431.27,0.0,0.0,0.0,0.00153,0.0,244.765,0.0,0.0,0.14381,757.92,350.472,31.2,10.5,10.0691,0.0,0.0,0,0.0,299.242,1141.15,0.0,0.0,0.0,23.5243,0.0,108.345,0.0715,0.0,0.0,0.0,1.03929,1.53576,0.47703,0.0,0.0,4.0012,24.85,0.0,28.4152,0.0,0.0,0.0
2023-12-07 19:30:00,64.3934,2005.67,0.0,0.0,86.91,55.8809,0.0,0.0,45.8054,0.0,0.0,28.8396,1.91653,24.6988,0.0,10.25,0.0,0,2651.75,0.0,0.0,0.0,0.0,0.001526,13.0598,0.0,0.72682,6.60597,0.0,0.0,50.7099,0.0,0.0,,0.0,0.0,0.0,0.0,1.369,0.0,0.0,1426.41,0.0,0.0,0.0,0.00153,0.0,246.633,0.0,0.0,0.15386,744.84,343.947,30.6,10.5,3.36736,0.0,0.0,0,0.0,300.572,1141.88,0.0,0.0,0.0,22.2586,0.0,125.729,0.0,0.0,0.0,0.0,0.0,0.0,0.0,0.0,0.0,4.0012,24.78,0.0,30.2461,0.0,0.0,0.0
2023-12-07 19:35:00,69.6964,2019.51,0.0,0.0,91.58,58.621,0.0,0.0,46.8562,0.0,0.0,27.8569,3.0164,23.296,0.0,10.7,0.0,0,2653.53,0.0,0.0,0.0,0.0,0.001526,13.5698,0.0,2.85014,8.68803,0.0,0.0,50.39,0.0,0.0,,0.0,0.0,0.0,0.0,1.369,0.0,0.0,1426.76,0.0,0.0,0.0,0.00153,0.0,249.361,0.0,0.0,0.13376,741.15,347.202,30.7,10.5,15.1998,0.0,0.0,0,0.0,300.145,1140.46,0.0,0.0,0.0,21.951,0.0,135.259,0.0,0.0,0.0,0.0,0.0,0.0,0.0,0.0,0.0,4.0012,25.07,0.0,27.7626,0.0,0.0,0.0
2023-12-07 19:40:00,85.3969,2041.88,0.0,0.0,93.68,62.282,0.0,0.0,49.4812,0.0,0.0,24.6372,4.10712,21.6986,0.0,11.28,0.0,0,2656.27,0.0,0.0,0.0,0.0,0.001526,18.8147,0.0,10.6452,11.3961,0.0,0.0,50.5069,0.0,0.0,,0.0,0.0,0.0,0.0,1.369,0.0,0.0,1430.22,0.0,0.0,0.0,0.00153,0.0,243.236,0.0,0.0,0.1639,747.93,354.811,31.3,10.5,27.5157,0.0,0.0,0,0.0,299.883,1140.2,0.0,0.00093,0.0,20.158,0.0,148.953,0.0165,0.0,0.0,0.0,0.40525,0.43217,2.02625,0.0,0.0,4.0012,25.02,0.0,27.9258,0.0,0.0,0.0
2023-12-07 19:45:00,86.5961,2042.76,0.0,0.0,98.05,56.961,0.0,0.0,47.7742,0.0,0.0,15.6466,4.85664,19.5966,0.0,10.18,0.0,0,2657.56,0.0,0.0,0.0,0.0,0.001526,23.0147,0.0,20.6873,13.7988,0.0,0.0,50.3316,0.0,0.0,,0.0,0.0,0.0,0.0,1.369,0.0,0.0,1427.66,0.0,0.0,0.0,0.00153,0.0,238.393,0.0,0.0,0.14381,742.28,343.556,30.6,10.5,37.9968,0.0,0.0,0,0.0,300.114,1140.44,0.0,0.10704,0.0,16.9939,0.0,149.117,0.0055,0.0,0.0,0.0,0.0015,0.10617,0.0,0.0,0.0,4.0012,25.03,0.0,38.1498,0.0,0.0,0.0
2023-12-07 19:50:00,78.7943,2055.79,0.0,0.0,100.86,51.3909,0.0,0.0,46.5281,0.0,0.0,15.6756,6.39536,19.3975,0.0,6.63,0.0,0,2691.37,0.0,0.0,0.0,0.0,0.001526,30.1245,0.0,27.5239,14.0614,0.0,0.0,50.3008,0.0,0.0,,0.0,0.0,0.0,0.0,1.369,0.0,0.0,1427.44,0.0,0.0,0.0,0.00153,0.0,237.441,0.0,0.0,0.17395,756.53,351.295,31.0,10.2,33.4923,0.0,0.0,0,0.0,299.431,1140.83,0.0,0.17964,0.0,15.1833,0.0,155.735,0.0,0.0,0.0,0.0,0.02841,0.0015,0.0015,0.0,0.0,4.0012,25.03,0.0,43.9144,0.0,0.0,0.0
2023-12-07 19:55:00,73.1962,2060.21,0.0,0.0,98.64,52.0713,0.0,0.0,44.2351,0.0,0.0,25.5726,12.7144,16.6982,0.0,9.5,0.0,0,2688.86,0.0,0.0,0.0,0.0,0.001526,34.6045,0.0,31.2754,11.4803,0.0,0.0,50.2731,0.0,0.0,,0.0,0.0,0.0,0.0,1.369,0.0,0.0,1427.39,0.0,0.0,0.0,0.00153,0.0,220.888,0.0,0.0,0.15386,738.04,345.624,30.7,10.5,31.5148,0.0,0.0,0,0.0,299.968,1141.25,0.0,0.0,0.0,17.0466,0.0,157.767,0.0,0.0,0.0,0.0,0.0,0.0,0.0,0.0,0.0,4.0012,25.03,0.0,39.745,0.0,0.0,0.0
2023-12-07 20:00:00,58.9959,2071.93,0.0,0.0,99.79,55.5397,0.0,0.0,43.2546,0.0,0.0,27.3564,13.7435,13.2997,0.0,8.28,0.0,0,2695.06,0.0,0.0,0.0,0.0,0.001526,38.2444,0.0,31.5928,6.93446,0.0,0.0,50.7407,0.0,0.0,,0.0,0.0,0.0,0.0,1.369,0.0,0.0,1429.22,0.0,0.0,0.0,0.00153,0.0,210.231,0.0,0.0,0.19405,744.15,347.857,31.0,10.5,50.3456,0.0,0.0,0,0.0,299.443,1138.49,0.0,0.04933,0.0,15.9831,0.0,157.632,0.0,0.0,0.0,0.0,0.18094,0.0,0.0,0.0,0.0,4.0012,24.88,0.0,36.0651,0.0,0.0,0.0
2023-12-07 20:05:00,66.8953,2071.98,0.0,0.0,100.18,55.7616,0.0,0.0,44.5632,0.0,0.0,35.8862,12.7047,12.0961,0.0,7.66,0.0,0,2694.67,0.0,0.0,0.0,0.0,0.001526,39.5144,0.0,29.0917,6.8575,0.0,0.0,50.593,0.0,0.0,,0.0,0.0,0.0,0.0,1.369,0.0,0.0,1428.64,0.0,0.0,0.0,0.00153,0.0,200.215,0.0,0.0,0.12371,499.48,355.982,31.3,10.5,57.5198,0.0,0.0,0,0.0,299.406,1141.69,0.0,0.23363,0.0,13.9704,0.0,158.765,0.0705,0.0,0.0,0.0,1.11406,1.09612,0.0,0.0,0.0,4.0012,24.8,0.0,28.5965,0.0,0.0,0.0
2023-12-07 20:10:00,55.4955,2066.54,0.0,0.0,99.62,52.0315,0.0,0.0,53.0828,0.0,0.0,44.7715,12.0137,11.096,0.0,8.59,0.0,0,2694.01,0.0,0.0,0.0,0.0,0.001526,30.2845,0.0,25.9369,10.7368,0.0,0.0,50.39,0.0,0.0,,0.0,0.0,0.0,0.0,1.369,0.0,0.0,1430.71,0.0,0.0,0.0,0.00153,0.0,206.835,0.0,0.0,0.15386,496.14,349.361,31.1,10.5,87.0515,0.0,0.0,0,0.0,299.449,1142.22,0.0,0.0,0.0,14.6032,0.0,149.412,0.0,0.0,0.0,0.0,0.01944,0.11215,0.0,0.0,0.0,4.0012,24.93,0.0,27.1281,0.0,0.0,0.0
2023-12-07 20:15:00,50.5943,2052.25,0.0,0.0,100.47,48.3704,0.0,0.0,62.7822,0.0,0.0,41.8189,11.2252,8.8967,0.0,6.63,0.0,0,2690.4,0.0,0.0,0.0,0.0,0.001526,24.7146,0.0,20.9095,16.2062,0.0,0.0,52.0,0.0,0.0,,0.0,0.0,0.0,0.0,1.369,0.0,0.0,1424.46,0.0,0.0,0.0,0.00153,0.0,210.588,0.0,0.0,0.15386,497.26,345.047,30.7,10.5,110.189,0.0,0.0,0,0.0,300.597,1141.64,0.0,0.0,0.0,10.0505,0.0,149.197,0.0,0.0,0.0,0.0,0.0,0.0,0.0,0.0,0.0,4.0012,23.88,0.0,27.0737,0.0,0.0,0.0
2023-12-07 20:20:00,61.694,2065.07,0.0,0.0,102.42,48.9607,0.0,0.0,66.9776,0.0,0.0,36.3638,14.255,14.0962,0.0,5.52,0.0,0,2693.89,0.0,0.0,0.0,0.0,0.001526,27.4146,0.0,20.4588,11.4557,0.0,0.0,50.9745,0.0,0.0,,0.0,0.0,0.0,0.0,1.369,0.0,0.0,1424.58,0.0,0.0,0.0,0.00153,0.0,213.252,0.0,0.0,0.17395,492.69,344.034,30.4,10.5,118.956,0.0,0.0,0,0.0,253.544,1142.37,0.0,0.0,0.0,9.70767,0.0,151.177,0.0,0.0,0.0,0.0,0.0,0.0,0.0,0.0,0.0,4.0012,24.58,0.0,34.2886,0.0,0.0,0.0
2023-12-07 20:25:00,81.9958,2066.02,0.0,0.0,99.86,56.2598,0.0,0.0,65.9932,0.0,0.0,32.9763,19.0927,18.4992,0.0,5.8,0.0,0,2696.89,0.0,0.0,0.0,0.0,0.001526,30.6745,0.0,22.4012,9.57513,0.0,0.0,50.9468,0.0,0.0,,0.0,0.0,0.0,0.0,1.369,0.0,0.0,1429.61,0.0,0.0,0.0,0.00153,0.0,217.363,0.0,0.0,0.15386,496.43,348.138,30.7,10.5,114.474,0.0,0.0,0,0.0,203.067,1140.56,0.0,0.0,0.0,8.5387,0.0,141.277,0.0,0.0,0.0,0.0,0.0,0.01944,0.0,0.0,0.0,4.0012,24.89,0.0,52.3982,0.0,0.0,0.0
2023-12-07 20:30:00,90.095,2064.88,0.0,0.0,94.69,60.0737,0.0,0.0,70.3839,0.0,0.0,22.1576,20.2939,20.5967,0.0,5.09,0.0,0,2695.89,0.0,0.0,0.0,0.0,0.001526,29.0846,0.0,17.6023,9.43944,0.0,0.0,52.0,0.0,0.0,,0.0,0.0,0.0,0.0,1.369,0.0,0.0,1428.73,0.0,0.0,0.0,0.00153,0.0,236.013,0.0,0.0,0.14381,492.14,347.606,30.7,10.5,108.288,0.0,0.0,0,0.57313,154.635,1137.34,0.0,0.0,0.0,8.67054,0.0,145.9,0.0,0.0,0.0,0.0,0.0972,0.03738,0.75218,0.0,0.0,4.0012,24.93,0.0,50.6035,0.0,0.0,0.0
2023-12-07 20:35:00,80.5997,2059.7,0.0,0.0,85.26,51.1314,0.0,0.0,74.1886,0.0,0.0,18.6099,15.0155,22.1986,0.0,3.89,0.0,0,2693.33,0.0,0.0,0.0,0.0,0.001526,28.8446,0.0,15.3552,8.62773,0.0,0.0,52.0,0.0,0.0,,0.0,0.0,0.0,0.0,1.369,0.0,0.0,1427.71,0.0,0.0,0.0,0.00153,0.0,239.007,0.0,0.0,0.1639,503.92,352.433,31.2,10.2,111.145,0.0,0.0,0,0.0,103.886,1137.97,0.0,0.04747,0.0,9.9274,0.0,152.411,0.0,0.0,0.0,0.0,0.0,0.0,0.0,0.0,0.0,4.0012,24.93,0.0,39.8719,0.0,0.0,0.0
2023-12-07 20:40:00,78.6965,2058.45,0.0,0.0,85.65,47.8429,0.0,0.0,72.087,0.0,0.0,20.6805,19.0439,22.8978,0.0,4.14,0.0,0,2695.11,0.0,0.0,0.0,0.0,0.001526,26.9146,0.0,16.6184,7.98898,0.0,0.0,52.0,0.0,0.0,,0.0,0.0,0.0,0.0,1.369,0.0,0.0,1428.39,0.0,0.0,0.0,0.00153,0.0,247.613,0.0,0.0,0.12371,508.19,353.092,31.2,10.5,88.3809,0.0,0.0,0,0.75624,51.1635,1135.34,0.0,0.14614,0.0,11.4567,0.0,150.915,0.0,0.0,0.0,0.0,0.0,0.0,9.81421,0.0,0.0,4.0012,24.87,0.0,32.6752,0.0,0.0,0.0
2023-12-07 20:45:00,79.0963,2069.1,0.0,0.0,82.91,45.1929,0.0,0.0,65.7979,0.0,0.0,23.0365,28.1248,20.8976,0.0,4.62,0.0,0,2682.39,0.0,0.0,0.0,0.0,0.001526,31.6145,0.0,16.428,8.26432,0.0,0.0,50.39,0.0,0.0,,0.0,0.0,0.0,0.0,1.369,0.0,0.0,1427.19,0.0,0.0,0.0,0.00153,0.0,241.57,0.0,0.0,0.17395,511.4,361.044,31.9,10.2,65.6498,0.0,0.0,0,2.36027,2.90227,1141.56,0.0,0.33974,0.0,12.2653,0.0,145.415,0.1045,0.0,0.0,0.0,2.60645,24.8219,1.02434,0.0,0.0,4.0012,25.14,0.0,30.1555,0.0,0.0,0.0
2023-12-07 20:50:00,62.3988,2065.09,0.0,0.0,74.9,43.939,0.0,0.0,63.5713,0.0,0.0,23.9612,30.4344,21.8977,0.0,4.35,0.0,0,2680.49,0.0,0.0,0.0,0.0,0.001526,36.5545,0.0,3.7547,5.71411,0.0,0.0,52.0,0.0,0.0,,0.0,0.0,0.0,0.0,1.369,0.0,0.0,1428.37,0.0,0.0,0.0,0.00153,0.0,239.062,0.0,0.0,0.14381,496.61,350.752,30.9,10.4,63.2218,0.0,0.0,0,3.38567,0.0,1143.32,0.0,0.0,0.0,16.616,0.0,133.931,0.0,0.0,0.0,0.0,0.0,0.0,7.18831,0.0,0.0,4.0012,25.14,0.0,24.4996,0.0,0.0,0.0
2023-12-07 20:55:00,56.9989,2072.57,0.0,0.0,62.92,44.0542,0.0,0.0,56.2274,0.0,0.0,25.1072,37.2143,21.6986,0.0,4.05,0.0,0,2687.66,0.0,0.0,0.0,0.0,0.001526,28.3246,0.0,0.0,5.28722,0.0,0.0,52.0,0.0,0.0,,0.0,0.0,0.0,0.0,1.369,0.0,0.0,1430.76,0.0,0.0,0.0,0.00153,0.0,242.742,0.0,0.0,0.1639,504.55,355.254,31.3,10.4,48.7965,0.0,0.0,0,5.82467,0.0,1139.41,0.0,0.0,0.0,20.4832,0.0,119.152,0.0755,0.0,0.0,0.0,0.0,0.0,3.57845,0.0,0.0,4.0012,24.88,0.0,28.3064,0.0,0.0,0.0
2023-12-07 21:00:00,49.1938,2060.6,0.0,0.0,54.47,34.2809,0.0,0.0,43.6452,0.0,0.0,23.1388,40.8545,22.9995,0.0,2.95,0.0,0,2683.34,0.0,0.0,0.0,0.0,0.001526,14.5948,0.0,5.75424,3.77566,0.0,0.0,52.0,0.0,0.0,,0.0,0.0,0.0,0.0,1.369,0.0,0.0,1427.95,0.0,0.0,0.0,0.00153,0.0,246.313,0.0,0.0,0.1639,494.52,347.164,30.7,10.4,48.6207,0.0,0.0,0,6.39597,0.0,1139.07,0.0,0.0,0.0,20.782,0.0,114.659,0.0,0.0,0.0,0.0,0.0,0.0,0.0,0.0,0.0,4.0012,25.16,0.0,22.4512,0.0,0.0,0.0
2023-12-07 21:05:00,33.5948,2049.03,0.0,0.0,47.13,37.9315,0.0,0.0,31.063,0.0,0.0,22.8229,26.8748,25.6989,0.0,2.41,0.0,0,2684.66,0.0,0.0,0.0,0.0,0.001526,17.6347,0.0,9.92471,3.18532,0.0,0.0,51.2217,0.0,0.0,,0.0,0.0,0.0,0.0,1.369,0.0,0.0,1429.51,0.0,0.0,0.0,0.00153,0.0,243.447,0.0,0.0,0.08352,240.67,340.197,31.1,10.4,71.6924,0.0,0.0,0,8.36988,0.0,1137.24,0.0,0.0,0.0,17.6883,0.0,93.9144,0.0,0.0,0.0,0.0,0.0,0.0,7.39767,0.0,0.0,4.0012,24.19,0.0,22.4331,0.0,0.0,0.0
2023-12-07 21:10:00,22.5967,2029.86,0.0,0.0,49.49,40.9311,0.0,0.0,15.3987,0.0,0.0,25.8457,10.7637,23.7961,0.0,3.37,0.0,0,2682.07,0.0,0.0,0.0,0.0,0.001526,16.7348,0.0,16.1042,2.91792,0.0,0.0,50.2824,0.0,0.0,,0.0,0.0,0.0,0.0,1.369,0.0,0.0,1428.81,0.0,0.0,0.0,0.00153,0.0,238.018,0.0,0.0,0.14381,252.1,330.161,31.3,10.4,128.119,0.0,0.0,0,7.19066,0.0,1141.12,0.0,0.0,0.0,14.3572,0.0,79.9994,0.0,0.0,0.0,0.0,0.26468,0.21085,8.77043,0.0,0.0,4.0012,24.11,0.0,20.0221,0.0,0.0,0.0
2023-12-07 21:15:00,18.6963,2016.78,0.0,0.0,41.3,41.2095,0.0,0.0,17.301,0.0,0.0,16.6751,12.275,21.8977,0.0,3.09,0.0,0,2684.12,0.0,0.0,0.0,0.0,0.001526,15.3948,0.0,19.6146,2.42518,0.0,0.0,51.3939,0.0,0.0,,0.0,0.0,0.0,0.0,1.369,0.0,0.0,1429.81,0.0,0.0,0.0,0.00153,0.0,232.049,0.0,0.0,0.17395,254.47,326.949,31.0,10.4,146.961,0.0,0.0,0,11.7061,0.0,1140.64,0.0,0.0,0.0,8.46839,0.0,78.0853,0.0,0.0,0.0,0.0,0.0,9.66168,0.0,0.0,0.0,4.0012,23.18,0.0,14.5837,0.0,0.0,0.0
2023-12-07 21:20:00,14.7974,2000.57,0.0,0.0,34.75,45.5404,0.0,0.0,14.9416,0.0,0.0,11.9326,10.743,21.1985,0.0,1.82,0.0,0,2686.25,0.0,0.0,0.0,0.0,0.001526,19.7047,0.0,11.9655,2.32599,0.0,0.0,51.1643,0.0,0.0,,0.0,0.0,0.0,0.0,1.369,0.0,0.0,1431.59,0.0,0.0,0.0,0.00153,0.0,222.133,0.0,0.0,0.1639,254.0,332.972,31.0,10.4,144.137,0.0,0.0,0,14.2074,0.0,1141.34,0.0,0.24294,0.0,8.10803,0.0,71.2273,0.0305,0.0,0.0,0.0,0.0,0.0,5.01701,0.0,0.0,4.0012,22.39,0.0,12.0821,0.0,0.0,0.0
2023-12-07 21:25:00,10.2941,1960.21,0.0,0.0,23.51,43.7318,0.0,0.0,15.7932,0.0,0.0,5.06981,5.68551,18.4992,0.0,1.85,0.0,0,2671.96,0.0,0.0,0.0,0.0,0.001526,22.9846,0.0,2.54228,1.78882,0.0,0.0,51.2791,0.0,0.0,,0.0,0.0,0.0,0.0,1.369,0.0,0.0,1422.51,121.86000061,0.0,0.0,0.00153,0.0,215.843,0.0,0.0,0.1639,244.73,319.896,30.4,10.4,148.982,0.0,0.0,0,10.743,0.0,1139.93,0.0,0.0,0.0,7.54553,0.0,75.0152,0.0,0.0,0.0,0.0,0.0,0.0,0.0,0.0,0.0,4.0012,22.29,0.0,11.0307,0.0,0.0,0.0
2023-12-07 21:30:00,11.2972,1968.29,0.0,0.0,15.84,50.7797,0.0,0.0,9.89664,0.0,0.0,3.92996,15.7748,19.2957,0.0,0.42,0.0,0,2684.73,0.0,0.0,0.0,0.0,0.001526,17.8947,0.0,0.7173,0.0,0.0,0.0,51.2217,0.0,0.0,,0.0,0.0,0.0,0.0,1.369,0.0,0.0,1428.22,0.0,0.0,0.0,0.00153,0.0,218.087,0.0,0.0,0.14381,248.98,330.678,30.7,10.4,150.641,0.0,0.0,0,1.06935,0.0,1137.07,0.0,0.0,0.0,7.02696,0.0,80.9381,0.0,0.0,0.0,0.0,0.0,0.0,0.0,0.0,0.0,4.0012,22.09,0.0,11.7558,0.0,0.0,0.0
2023-12-07 21:35:00,6.39666,1965.97,0.0,0.0,9.17,51.5312,0.0,0.0,0.0,0.0,0.0,0.0,18.0539,19.8975,0.0,0.24,0.0,0,2684.76,0.0,0.0,0.0,0.0,0.001526,15.5048,0.0,0.0,0.0,0.0,0.0,51.1252,0.0,0.0,,0.0,0.0,0.0,0.0,1.369,0.0,0.0,1430.64,22.9099998474,0.0,0.0,0.00153,0.0,207.073,0.0,0.0,0.15386,251.99,295.484,31.0,10.4,145.906,0.0,0.0,0,1.84207,0.0,1138.24,0.0,1.70616,0.0,7.46642,0.0,88.3198,0.0,0.0,0.0,0.0,0.0,11.6655,4.697,0.0,0.0,4.0012,22.26,0.0,13.1335,0.0,0.0,0.0
2023-12-07 21:40:00,3.0946,1978.74,0.0,0.0,8.01,50.6102,0.0,0.0,0.0,0.0,0.0,0.0,15.7247,22.796,0.0,0.51,0.0,0,2685.54,0.0,0.0,0.0,0.0,0.001526,7.88488,0.0,0.0,0.0,0.0,0.0,51.2791,0.0,0.0,,0.0,0.0,0.0,0.0,1.369,0.0,0.0,1428.56,33.8300018311,0.0,0.0,0.00153,0.0,197.826,0.0,0.0,0.14381,251.97,291.83,31.0,10.4,141.588,0.0,0.0,0,2.33097,0.0,1142.27,0.0,0.0,0.0,5.3658,0.0,82.1881,0.0,0.0,0.0,0.0,0.0,2.56757,0.0,0.0,0.0,4.0012,22.19,0.0,11.1939,0.0,0.0,0.0
2023-12-07 21:45:00,2.99565,1984.5,0.0,0.0,6.74,62.7928,0.0,0.0,0.0,0.0,0.0,0.0,9.85428,20.6985,0.0,0.3,0.0,0,2682.8,0.0,0.0,0.0,0.0,0.001526,5.08992,0.0,0.0,0.0,0.0,0.0,51.1643,0.0,0.0,,0.0,0.0,0.0,0.0,1.369,0.0,0.0,1428.59,65.3000030518,0.0,0.0,0.00153,0.0,179.13,0.0,0.0,0.1639,249.31,286.753,30.8,10.3,130.097,0.0,0.0,0,7.62646,0.0,1138.51,0.0,0.16289,0.0,3.86285,0.0,83.7995,0.0,0.0,0.0,0.0,0.0,0.0,0.0,0.0,0.0,4.0012,22.31,0.0,13.1698,0.0,0.0,0.0
2023-12-07 21:50:00,3.79637,1976.67,0.0,0.0,5.17,60.5321,0.0,0.0,0.0,0.0,0.0,0.0,6.78416,17.1982,0.0,0.0,0.0,0,2680.24,0.0,0.0,0.0,0.0,0.001526,6.09991,0.0,0.0,0.0,0.0,0.0,51.0104,0.0,0.0,,0.0,0.0,0.0,0.0,1.369,0.0,0.0,1426.34,28.7999992371,0.0,0.0,0.00153,0.0,184.44,0.0,0.0,0.17395,247.72,293.842,30.5,10.3,136.535,0.0,0.0,0,11.0726,0.0,1142.61,0.0,0.0,0.0,3.52886,0.0,83.7519,0.0,0.0,0.0,0.0,0.0,0.0,0.0,0.0,0.0,4.0012,22.35,0.0,7.47768,0.0,0.0,0.0
2023-12-07 21:55:00,8.89929,1987.19,0.0,0.0,4.42,59.6006,0.0,0.0,0.0,0.0,0.0,0.0,2.99687,18.1983,0.0,0.0,0.0,0,2679.66,0.0,0.0,0.0,0.0,0.001526,4.82493,0.0,0.0,0.07095,0.0,0.0,51.2426,0.0,0.0,,0.0,0.0,0.0,0.0,1.369,0.0,0.0,1427.17,0.0,0.0,0.0,0.00153,0.0,179.084,0.0,0.0,0.1639,248.34,285.245,30.9,10.6,146.357,0.0,0.0,0,13.8448,0.0,1139.02,0.0,0.0,0.0,3.52007,0.0,90.8675,0.0,0.0,0.0,0.0,0.0,0.26767,0.0,0.0,0.0,4.0012,22.43,0.0,4.59538,0.0,0.0,0.0
2023-12-07 22:00:00,16.7937,2001.37,0.0,0.0,5.27,58.1626,0.0,0.0,0.0,0.0,0.0,1.35653,1.30556,17.5965,0.0,0.81,0.0,0,2685.25,0.0,0.0,0.0,0.0,0.001526,5.14492,0.0,0.0,0.24076,0.0,0.0,51.2426,0.0,0.0,,0.0,0.0,0.0,0.0,1.369,0.0,0.0,1426.71,0.0,0.0,0.0,0.00153,0.0,176.155,0.0,0.0,0.17395,248.48,285.965,30.8,10.3,135.678,0.0,0.0,0,13.431,0.0,1139.76,0.0,0.0,0.0,6.5875,0.0,118.632,0.0,0.0,0.0,0.0,0.11514,1.6195,0.07626,0.0,0.0,4.0012,22.35,0.0,2.0575,0.0,0.0,0.0
2023-12-07 22:05:00,19.5969,1988.6,0.0,0.0,4.46,56.3226,0.0,0.0,6.2247,0.0,0.0,5.13085,0.5066,14.9989,0.0,0.92,0.0,0,2677.68,0.0,0.0,0.0,0.0,0.001526,5.37992,0.0,0.0,0.69065,0.0,0.0,51.0678,0.0,0.0,,0.0,0.0,0.0,0.0,1.369,0.0,0.0,1427.24,0.0,0.0,0.0,0.00153,0.0,163.951,0.0,0.0,0.14381,116.55,279.883,30.9,10.3,139.446,0.0,0.0,0,13.2296,0.0,1188.66,0.0,0.0,0.0,7.4049,0.0,136.096,0.0,0.0,0.0,0.0,0.0,5.346,0.0,0.0,0.0,4.0012,22.3,0.0,0.0,0.0,0.0,0.0
2023-12-07 22:10:00,20.1945,1993.37,0.0,0.0,4.59,61.4322,0.0,0.0,0.0,0.0,0.0,8.47639,0.0,19.0966,0.0,2.78,0.0,0,2686.05,0.0,0.0,0.0,0.0,0.001526,6.5999,0.0,0.0,2.88856,0.0,0.0,51.146,0.0,0.0,,0.0,0.0,0.0,0.0,1.369,0.0,0.0,1426.02,0.0,0.0,0.0,0.00153,0.0,151.353,0.0,0.0,0.13376,3.66,276.161,31.4,10.3,144.895,0.0,0.0,0,14.1085,0.0,1247.23,0.0,0.0,0.0,6.63145,0.0,140.169,0.0,0.0,0.0,0.0,0.16898,0.0,0.0,0.0,0.0,4.0012,22.39,0.0,0.0,0.0,0.0,0.0
2023-12-07 22:15:00,15.1981,1978.03,0.0,0.0,2.65,65.2314,0.0,0.0,0.0,0.0,0.0,3.73617,0.0,20.2958,0.0,3.09,0.0,0,2678.09,0.0,0.0,0.0,0.0,0.001526,3.35495,0.0,0.0,2.01019,0.0,0.0,51.0104,0.0,0.0,,0.0,0.0,0.0,0.0,1.369,0.0,0.0,1425.88,0.0,0.0,0.0,0.00153,0.0,159.565,0.0,0.0,0.1639,0.0,263.638,30.6,10.5,144.236,0.0,0.0,0,9.2195,0.0,1257.73,0.0,0.0,0.0,0.98878,0.0,144.449,0.0,0.0,0.0,0.0,0.0,0.0,0.0,0.0,0.0,4.0012,22.25,0.0,0.0,0.0,0.0,0.0
2023-12-07 22:20:00,9.59815,2004.69,0.0,0.0,1.37,67.3707,0.0,0.0,0.0,0.0,0.0,3.15328,0.0,22.796,0.0,3.3,0.0,0,2686.05,0.0,0.0,0.0,0.0,0.001526,3.02495,0.0,0.0,1.16118,0.0,0.0,51.2791,0.0,0.0,,0.0,0.0,0.0,0.0,1.369,0.0,0.0,1419.97,0.0,0.0,0.0,0.00153,0.0,166.697,0.0,0.0,0.17395,0.0,279.261,31.5,10.5,141.753,0.0,0.0,0,8.35523,0.0,1261.59,0.0,0.48867,0.0,0.0,0.0,146.667,0.0,0.0,0.0,0.0,1.8139,1.91858,0.0,0.0,0.0,4.0012,22.35,0.0,1.42303,0.0,0.0,0.0
2023-12-07 22:25:00,1.89738,2010.48,0.0,0.0,1.06,65.0619,0.0,0.0,0.0,0.0,0.0,1.5198,0.0,19.8975,0.0,2.15,0.0,0,2686.15,0.0,0.0,0.0,0.0,0.001526,6.9149,0.0,0.0,2.53309,0.0,0.0,51.2035,0.0,0.0,,0.0,0.0,0.0,0.0,1.369,0.0,0.0,1433.1,0.0,0.0,0.0,0.00153,0.0,164.573,0.0,0.0,0.17395,0.0,268.772,30.9,10.5,144.335,0.0,0.0,0,5.3962,0.0,1263.37,0.0,0.0,0.0,0.0,0.0,146.221,0.0,0.0,0.0,0.0,0.0,0.04038,0.0,0.0,0.0,4.0012,22.29,0.0,1.87622,0.0,0.0,0.0
2023-12-07 22:30:00,0.0,2022.49,0.0,0.0,0.35,65.1791,0.0,0.0,0.0,0.0,0.0,0.0,0.0,18.5965,0.0,0.79,0.0,0,2683.76,0.0,0.0,0.0,0.0,0.001526,9.25486,0.0,0.0,0.69145,0.0,0.0,51.1826,0.0,0.0,,0.0,0.0,0.0,0.0,1.369,0.0,0.0,1426.49,0.0,0.0,0.0,0.00153,0.0,174.058,0.0,0.0,0.1639,0.0,278.579,30.9,10.5,147.818,0.0,0.0,0,3.46624,0.0,1261.2,0.0,0.0,0.0,0.0,0.0,141.737,0.0,0.0,0.0,0.0,0.0,0.0,0.0,0.0,0.0,4.0012,22.33,0.0,0.0,0.0,0.0,0.0
2023-12-07 22:35:00,0.0,2046.76,0.0,0.0,0.4,65.9619,0.0,0.0,0.0,0.0,0.0,0.0,0.0,20.5967,0.0,0.8,0.0,0,2687.08,0.0,0.0,0.0,0.0,0.001526,8.87987,0.0,0.0,0.64622,0.0,0.0,51.146,0.0,0.0,,0.0,0.0,0.0,0.0,1.369,0.0,0.0,1433.66,0.0,0.0,0.0,0.00153,0.0,170.249,0.0,0.0,0.1639,0.0,302.895,31.6,10.5,150.542,0.0,0.0,0,4.60884,0.0,1307.02,0.0,0.13497,0.0,0.0,0.0,139.632,0.2565,0.0,0.0,0.0,1.5866,1.66735,0.76115,0.0,0.0,4.0012,22.53,0.0,0.0,0.0,0.0,0.0
2023-12-07 22:40:00,0.0,2047.83,0.0,0.0,2.12,64.3397,0.0,0.0,0.0,0.0,0.0,0.0,0.0,22.796,0.0,-0.21,0.0,0,2680.14,0.0,0.0,0.0,0.0,0.001526,7.07989,0.0,0.0,0.71128,0.0,0.0,51.0312,0.0,0.0,,0.0,0.0,0.0,0.0,1.369,0.0,0.0,1426.56,0.0,0.0,0.0,0.00153,0.0,181.831,0.0,0.0,0.13376,0.0,294.833,30.7,10.3,140.808,0.0,0.0,0,4.65644,0.0,1321.13,0.0,0.0,0.0,0.0,0.0,137.284,0.0,0.0,0.0,0.0,0.0,0.0,0.0,0.0,0.0,4.0012,22.38,0.0,0.0,0.0,0.0,0.0
2023-12-07 22:45:00,0.0,2058.06,0.0,0.0,4.68,56.6219,0.0,0.0,0.0,0.0,0.0,0.0,0.0,23.3978,0.0,-0.1,0.0,0,2679.17,0.0,0.0,0.0,0.0,0.001526,9.36986,0.0,0.0,0.0,0.0,0.0,51.1252,0.0,0.0,,0.0,0.0,0.0,0.0,1.369,0.0,0.0,1423.63,0.0,0.0,0.0,0.00153,0.0,190.3,0.0,0.0,0.17395,0.0,283.292,30.7,10.3,149.433,0.0,0.0,0,4.89082,0.0,1272.38,0.0,0.0,0.0,0.0,0.0,139.414,0.0,0.0,0.0,0.0,0.0,0.0,0.0,0.0,0.0,4.0012,22.15,0.0,0.0,0.0,0.0,0.0
2023-12-07 22:50:00,0.0,2046.42,0.0,0.0,4.54,59.452,0.0,0.0,0.0,0.0,0.0,0.0,0.20935,20.1984,0.0,-0.02,0.0,0,2679.46,0.0,0.0,0.0,0.0,0.001526,7.07989,0.0,0.0,0.0,0.0,0.0,51.0495,0.0,0.0,,0.0,0.0,0.0,0.0,1.369,0.0,0.0,1387.89,0.0,0.0,0.0,0.00153,0.0,192.589,0.0,0.0,0.17395,0.0,294.535,30.8,10.3,142.116,0.0,0.0,0,5.18379,0.0,1213.0,0.0,0.0,0.0,0.0,0.0,140.712,0.0,0.0,0.0,0.0,0.0,0.0,0.0,0.0,0.0,4.0012,22.08,0.0,0.0,0.0,0.0,0.0
2023-12-07 22:55:00,0.0,2074.47,0.0,0.0,4.13,55.8202,0.0,0.0,0.0,0.0,0.0,0.0,0.19837,21.0967,0.0,-0.1,0.0,0,2685.42,0.0,0.0,0.0,0.0,0.001526,3.40995,0.0,0.0,0.0,0.0,0.0,51.0886,0.0,0.0,,0.0,0.0,0.0,0.0,1.369,0.0,0.0,1362.59,0.0,0.0,0.0,0.00153,0.0,180.732,0.0,0.0,0.14381,0.0,299.278,31.6,10.3,147.631,0.0,0.0,0,4.97322,0.0,1167.05,0.0,0.0,0.0,0.0,0.0,146.95,0.0,0.0,0.0,0.0,0.88078,0.0,0.0,0.0,0.0,4.0012,22.22,0.0,0.0,0.0,0.0,0.0
2023-12-07 23:00:00,0.0,2067.95,0.0,0.0,3.36,52.4501,0.0,0.0,0.0,0.0,0.0,0.0,0.21912,22.5969,0.0,-0.09,0.0,0,2673.94,0.0,0.0,0.0,0.0,0.001526,1.19998,0.0,0.0,0.0,0.0,0.0,51.2035,0.0,0.0,,0.0,0.0,0.0,0.0,1.369,0.0,0.0,1332.56,0.0,0.0,0.0,0.00153,0.0,152.753,0.0,0.0,0.1639,0.0,291.906,31.1,10.3,148.016,0.0,0.0,0,4.01373,0.0,1106.6,0.0,0.0,0.0,0.0,0.0,145.553,0.0,0.0,0.0,0.0,0.0,0.0,0.0,0.0,0.0,4.0012,22.13,0.0,0.0,0.0,0.0,0.0
2023-12-07 23:05:00,0.0,2109.63,0.0,0.0,2.84,52.1236,0.0,0.0,0.0,0.0,0.0,0.0,0.0,25.097,0.0,-0.05,0.0,0,2689.01,0.0,0.0,0.0,0.0,0.001526,0.74499,0.0,0.0,0.0,0.0,0.0,51.1643,0.0,0.0,,0.0,0.0,0.0,0.0,1.369,0.0,0.0,1332.22,0.0,0.0,0.0,0.00153,0.0,136.338,0.0,0.0,0.14381,0.0,310.7,32.1,10.3,148.697,0.0,0.0,0,3.90387,0.0,1096.42,0.0,0.0,0.0,0.0,0.0,148.046,0.3165,0.0,0.0,0.0,2.28644,1.52679,2.8517,0.0,0.0,4.0012,22.25,0.0,0.0,0.0,0.0,0.0
2023-12-07 23:10:00,0.0,2104.99,0.0,0.0,3.16,48.563,0.0,0.0,0.0,0.0,0.0,0.0,0.0,24.4997,0.0,-0.07,0.0,0,2685.37,0.0,0.0,0.0,0.0,0.001526,1.66997,0.0,0.0,0.0,0.0,0.0,51.2791,0.0,0.0,,0.0,0.0,0.0,0.0,1.369,0.0,0.0,1319.92,0.0,0.0,0.0,0.00153,0.0,122.074,0.0,0.0,0.17395,0.0,303.607,31.1,10.5,144.467,0.0,0.0,0,2.71,0.0,1151.38,0.0,0.0,0.0,0.0,0.0,140.589,0.0,0.0,0.0,0.0,0.0,0.0,0.01645,0.0,0.0,4.0012,22.27,0.0,0.0,0.0,0.0,0.0
2023-12-07 23:15:00,0.0,2102.69,0.0,0.0,5.01,49.8817,0.0,0.0,0.0,0.0,0.0,0.0,0.09827,28.6991,0.0,-0.03,0.0,0,2681.07,0.0,0.0,0.0,0.0,0.001526,0.305,0.0,0.0,0.0,0.0,0.0,51.2035,0.0,0.0,,0.0,0.0,0.0,0.0,1.369,0.0,0.0,1296.06,0.0,0.0,0.0,0.00153,0.0,120.893,0.0,0.0,0.13376,0.0,301.861,31.2,10.5,148.312,0.0,0.0,0,3.17143,0.0,1198.33,0.0,0.0,0.0,0.0,0.0,141.581,0.0,0.0,0.0,0.0,0.0,0.0,0.0,0.0,0.0,4.0012,22.45,0.0,0.0,0.0,0.0,0.0
2023-12-07 23:20:00,0.0,2101.79,0.0,0.0,7.13,47.2924,0.0,0.0,0.0,0.0,0.0,0.0,0.2887,27.199,0.0,-0.05,0.0,0,2680.71,0.0,0.0,0.0,0.0,0.001526,0.84999,0.0,0.0,0.0,0.0,0.0,51.0495,0.0,0.0,,0.0,0.0,0.0,0.0,1.369,0.0,0.0,1263.45,0.0,0.0,0.0,0.00153,0.0,113.129,0.0,0.0,0.15386,0.0,291.585,31.1,10.5,148.038,0.0,0.0,0,5.04097,0.0,1158.95,0.0,0.0,0.0,0.0,0.0,140.47,0.0,0.0,0.0,0.0,0.0,0.0,0.0,0.0,0.0,4.0012,22.33,0.0,0.0,0.0,0.0,0.0
2023-12-07 23:25:00,0.0,2101.64,0.0,0.0,9.12,54.7108,0.0,0.0,0.0,0.0,0.0,0.0,0.33875,24.1987,0.0,-0.09,0.0,0,2686.76,0.0,0.0,0.0,0.0,0.001526,1.90997,0.0,0.0,0.0,0.0,0.0,51.2791,0.0,0.0,,0.0,0.0,0.0,0.0,1.369,0.0,0.0,1261.59,0.0,0.0,0.0,0.00153,0.0,98.3154,0.0,0.0,0.19405,0.0,300.906,32.0,10.5,148.092,0.0,0.0,0,6.93431,0.0,1101.74,0.0,0.62829,0.0,2.87846,0.0,134.164,0.40849,0.0,0.0,0.0,3.04012,6.88624,2.92348,0.0,0.0,4.0012,22.49,0.0,0.0,0.0,0.0,0.0
2023-12-07 23:30:00,0.0,2097.32,0.0,0.0,11.67,47.8011,0.0,0.0,6.35752,0.0,0.0,0.0,0.19837,19.3975,0.0,0.0,0.0,0,2684.73,0.0,0.0,0.0,0.0,0.001526,2.46496,0.0,0.0,0.0,0.0,0.0,51.0495,0.0,0.0,,0.0,0.0,0.0,0.0,1.369,0.0,0.0,1258.56,0.0,0.0,0.0,0.00153,0.0,88.8029,0.0,0.0,0.14381,0.0,307.455,32.2,10.5,147.763,0.0,0.0,0,8.87526,0.0,1139.1,0.0,0.6618,0.0,4.39899,0.0,135.117,1.82647,0.0,0.0,0.0,3.18068,20.1503,1.33538,0.0,0.0,4.0012,22.16,0.0,0.0,0.0,0.0,0.0
2023-12-07 23:35:00,0.0,2107.14,0.0,0.0,15.3,49.0423,0.0,0.0,6.48643,0.0,0.0,0.0,0.12879,16.7999,0.0,-0.04,0.0,0,2678.92,0.0,0.0,0.0,0.0,0.001526,1.57998,0.0,0.0,0.0,0.0,0.0,51.2426,0.0,0.0,,0.0,0.0,0.0,0.0,1.369,0.0,0.0,1231.49,0.0,0.0,0.0,0.00153,0.0,84.7654,0.0,0.0,0.14381,0.0,297.859,31.4,10.5,148.125,0.0,0.0,0,11.0799,0.0,1177.21,0.0,0.00093,0.0,5.38338,0.0,134.383,0.0235,0.0,0.0,0.0,0.41123,1.58959,0.54881,0.0,0.0,4.0012,22.34,0.0,0.0,0.0,0.0,0.0
2023-12-07 23:40:00,0.0,2087.9,0.0,0.0,20.46,45.3122,0.0,0.0,6.35752,0.0,0.0,0.0,0.35828,16.1981,0.0,-0.04,0.0,0,2676.41,0.0,0.0,0.0,0.0,0.001526,0.37499,0.0,0.0,0.0,0.0,0.0,51.3574,0.0,0.0,,0.0,0.0,0.0,0.0,1.369,0.0,0.0,1196.41,0.0,0.0,0.0,0.00153,0.0,84.5457,0.0,0.0,0.1639,0.0,293.822,31.4,10.2,151.125,0.0,0.0,0,10.8821,0.0,1230.65,0.0,0.0,0.0,5.55038,0.0,129.638,0.0,0.0,0.0,0.0,0.0,0.0,0.0,0.0,0.0,4.0012,22.26,0.0,0.0,0.0,0.0,0.0
2023-12-07 23:45:00,0.0,2107.38,0.0,0.0,31.92,54.3424,0.0,0.0,6.42393,0.0,0.0,0.0,0.51759,15.2998,0.0,0.0,0.0,0,2677.43,0.0,0.0,0.0,0.0,0.001526,0.0,0.0,0.0,0.0,0.0,0.0,51.0886,0.0,0.0,,0.0,0.0,0.0,0.0,1.369,0.0,0.0,1162.96,0.0,0.0,0.0,0.00153,0.0,86.7246,0.0,0.0,0.13376,0.0,291.569,30.8,10.4,151.268,0.0,0.0,0,10.0325,0.0,1261.64,0.0,0.03444,0.0,5.11971,0.0,129.391,0.0155,0.0,0.0,0.0,0.0,0.0,0.05832,0.0,0.0,4.0012,22.28,0.0,0.0,0.0,0.0,0.0
2023-12-07 23:50:00,0.0,2114.95,0.0,0.0,39.25,57.1704,0.0,0.0,3.9317,0.0,0.0,0.0,0.0,16.9991,0.0,-0.04,0.0,0,2676.41,0.0,0.0,0.0,0.0,0.001526,0.0,0.0,0.0,0.0,0.0,0.0,51.2791,0.0,0.0,,0.0,0.0,0.0,0.0,1.369,0.0,0.0,1137.47,0.0,0.0,0.0,0.00153,0.0,78.9334,0.0,0.0,0.12371,0.0,295.767,31.4,10.4,147.148,0.0,0.0,0,12.6473,0.0,1217.66,0.0,0.33788,0.0,6.6754,0.0,132.573,0.0,0.0,0.0,0.0,0.44413,0.77012,0.3245,0.0,0.0,4.0012,22.57,0.0,3.29018,0.0,0.0,0.0
2023-12-07 23:55:00,0.0,2126.28,0.0,0.0,42.83,64.392,0.0,0.0,13.2385,0.0,0.0,0.0,0.0,25.1988,0.0,-0.04,0.0,0,2676.82,0.0,0.0,0.0,0.0,0.001526,0.0,0.0,0.0,0.0,0.0,0.0,51.146,0.0,0.0,,0.0,0.0,0.0,0.0,1.369,0.0,0.0,1115.1,0.0,0.0,0.0,0.00153,0.0,67.0314,0.0,0.0,0.14381,0.0,294.423,31.5,10.4,141.215,0.0,0.0,0,12.3067,0.0,1202.01,0.0,0.09215,0.0,7.75647,0.0,125.029,0.2605,0.0,0.0,0.0,1.43108,1.43407,1.0363,0.0,0.0,4.0012,22.25,0.0,5.21172,0.0,0.0,0.0
2023-12-08 00:00:00,0.0,2119.03,0.0,0.0,47.95,56.2431,0.0,0.0,13.1721,0.0,0.0,0.0,0.0,26.5972,0.0,-0.09,0.0,0,2663.15,0.0,0.0,0.0,0.0,0.001526,0.05,0.0,0.0,0.0,0.0,0.0,51.3,0.0,0.0,,0.0,0.0,0.0,0.0,1.369,0.0,0.0,1084.29,0.0,0.0,0.0,0.00153,0.0,51.87,0.0,0.0,0.17395,0.0,288.34,30.6,10.3,132.305,0.0,0.0,0,9.13893,0.0,1214.95,0.0,0.0,0.0,7.87073,0.0,123.696,0.0,0.0,0.0,0.0,0.0,0.0015,0.0,0.0,0.0,4.0012,22.36,0.0,3.4352,0.0,0.0,0.0
2023-12-08 00:05:00,0.0,2156.5,0.0,0.0,52.74,62.6211,0.0,0.0,0.0,0.0,0.0,2.91295,0.0,36.5979,0.0,0.45,0.0,0,2630.12,0.0,0.0,0.0,0.0,0.001526,0.0,0.0,0.0,0.0,0.0,0.0,51.1826,0.0,0.0,,0.0,0.0,0.0,0.0,1.369,0.0,0.0,1110.3,0.0,0.0,0.0,0.00153,0.0,41.6068,0.0,0.0,0.15386,0.0,283.561,31.5,10.3,144.994,0.0,0.0,0,10.135,0.0,1160.0,0.0,0.57803,0.0,9.20668,0.0,122.837,0.0295,0.0,0.0,0.0,2.6244,0.0,0.15402,0.0,0.0,4.0012,22.26,0.0,0.0,0.0,0.0,0.0
2023-12-08 00:10:00,0.0,2140.95,0.0,0.0,53.98,54.8615,0.0,0.0,0.0,0.0,0.0,9.5964,0.80812,41.7974,0.0,0.44,0.0,0,2560.88,0.0,0.0,0.0,0.0,0.001526,0.38499,0.0,0.0,0.0,0.0,0.0,51.1826,0.0,0.0,,0.0,0.0,0.0,0.0,1.369,0.0,0.0,1095.7,0.0,0.0,0.0,0.00153,0.0,29.9702,0.0,0.0,0.19405,0.0,270.746,30.5,10.3,145.082,0.0,0.0,0,11.1678,0.0,1202.53,0.0,0.0,0.0,5.59432,0.0,117.528,0.0,0.0,0.0,0.0,0.0,0.0,0.0,0.0,0.0,4.0012,22.22,0.0,0.0,0.0,0.0,0.0
2023-12-08 00:15:00,0.0,2137.14,0.0,0.0,52.08,56.0903,0.0,0.0,0.0,0.0,0.0,9.36446,1.15724,41.3992,0.0,0.49,0.0,0,2526.45,0.0,0.0,0.0,0.0,0.001526,0.0,0.0,0.0,0.0,0.0,0.0,51.0678,0.0,0.0,,0.0,0.0,0.0,0.0,1.369,0.0,0.0,1089.64,0.0,0.0,0.0,0.00153,0.0,19.4324,0.0,0.0,0.1639,0.0,276.902,30.5,10.5,144.698,0.0,0.0,0,8.45045,0.0,1145.64,0.0,0.0,0.0,6.76329,0.0,116.418,0.0,0.0,0.0,0.0,0.0,0.05832,0.02841,0.0,0.0,4.0012,22.35,0.0,0.0,0.0,0.0,0.0
2023-12-08 00:20:00,0.0,2140.34,0.0,0.0,51.54,41.9526,0.0,0.0,0.0,0.0,0.0,3.52331,4.89448,38.4963,0.0,0.0,0.0,0,2528.51,0.0,0.0,0.0,0.0,0.001526,1.74497,0.0,0.0,0.0,0.0,0.0,51.0678,0.0,0.0,,0.0,0.0,0.0,0.0,1.369,0.0,0.0,1052.07,0.0,0.0,0.0,0.00153,0.0,12.6757,0.0,0.0,0.12371,0.0,280.723,31.1,10.3,150.575,0.0,0.0,0,6.28611,0.0,1089.34,0.0,0.0,0.0,7.8883,0.0,114.672,0.0,0.0,0.0,0.0,0.0,0.0,0.06131,0.0,0.0,4.0012,22.3,0.0,0.0,0.0,0.0,0.0
2023-12-08 00:25:00,0.0,2153.7,0.0,0.0,48.34,34.3792,0.0,0.0,0.0,0.0,0.0,0.0,6.86473,40.8991,0.0,-0.05,0.0,0,2537.29,0.0,0.0,0.0,0.0,0.001526,4.65493,0.0,0.0,0.0,0.0,0.0,51.2035,0.0,0.0,,0.0,0.0,0.0,0.0,1.369,0.0,0.0,1028.29,0.0,0.0,0.0,0.00153,0.0,10.5241,0.0,0.0,0.1639,0.0,282.386,31.2,10.5,151.048,0.0,0.0,0,10.7283,0.0,1039.48,0.0,0.2932,0.0,7.5631,0.0,109.884,0.0095,0.0,0.0,0.0,1.57763,0.0,0.0,0.0,0.0,4.0012,22.22,0.0,0.0,0.0,0.0,0.0
2023-12-08 00:30:00,4.29961,2142.02,0.0,0.0,43.45,31.0322,0.0,0.0,0.0,0.0,0.0,0.0,5.83444,41.4965,0.0,0.0,0.0,0,2520.4,0.0,0.0,0.0,0.0,0.001526,8.48987,0.0,0.0,0.0,0.0,0.0,50.9921,0.0,0.0,,0.0,0.0,0.0,0.0,1.369,0.0,0.0,989.761,0.0,0.0,0.0,0.00153,0.0,7.13664,0.0,0.0,0.1639,0.0,273.274,30.7,10.5,147.928,0.0,0.0,0,13.0135,0.0,977.056,0.0,0.0,0.0,12.2126,0.0,99.415,0.0,0.0,0.0,0.0,0.0,0.07028,0.05832,0.0,0.0,4.0012,22.33,0.0,0.0,0.0,0.0,0.0
2023-12-08 00:35:00,8.4966,2131.87,0.0,0.0,46.86,33.7408,0.0,0.0,0.0,0.0,0.0,0.0,7.80224,37.9963,0.0,-0.05,0.0,0,2543.13,0.0,0.0,0.0,0.0,0.001526,11.2998,0.0,1.5425,1.03581,0.0,0.0,51.1069,0.0,0.0,,0.0,0.0,0.0,0.0,1.369,0.0,0.0,1034.22,0.0,0.0,0.0,0.00153,0.0,5.76333,0.0,0.0,0.1639,0.0,270.136,31.6,10.5,144.39,0.0,0.0,0,13.4347,0.0,934.697,0.0,0.1238,0.0,11.8434,0.0,86.3618,0.1255,0.0,0.0,0.0,1.56567,0.01047,0.01944,0.0,0.0,4.0012,22.4,0.0,0.0,0.0,0.0,0.0
2023-12-08 00:40:00,14.2964,2112.14,0.0,0.0,45.7,38.191,0.0,0.0,0.0,0.0,0.0,0.0,12.4044,36.4962,0.0,0.0,0.0,0,2568.86,0.0,0.0,0.0,0.0,0.001526,16.3598,0.0,9.34389,3.99783,0.0,0.0,51.0678,0.0,0.0,,0.0,0.0,0.0,0.0,1.369,0.0,0.0,1000.21,0.0,0.0,0.0,0.00153,0.0,3.37377,0.0,0.0,0.14381,0.0,254.191,30.4,10.5,144.797,0.0,0.0,0,13.3651,0.0,990.435,0.0,0.0,0.0,6.8336,0.0,65.3458,0.0,0.0,0.0,0.0,0.0,0.0,0.0,0.0,0.0,4.0012,22.53,0.0,2.61946,0.0,0.0,0.0
2023-12-08 00:45:00,30.0971,2107.36,0.0,0.0,47.24,44.3723,0.0,0.0,0.0,0.0,0.0,1.0956,9.43435,36.297,0.0,1.15,0.0,0,2541.81,0.0,0.0,0.0,0.0,0.001526,18.8097,0.0,15.8884,9.13317,0.0,0.0,51.2035,0.0,0.0,,0.0,0.0,0.0,0.0,1.369,0.0,0.0,968.081,0.0,0.0,0.0,0.00153,0.0,1.4786,0.0,0.0,0.184,0.0,251.444,31.0,10.5,144.577,0.0,0.0,0,17.8402,0.0,952.544,0.0,0.0,0.0,7.04454,0.0,49.1566,0.0,0.0,0.0,0.0,0.04038,0.04935,0.0,0.0,0.0,4.0012,22.44,0.0,11.4114,0.0,0.0,0.0
2023-12-08 00:50:00,42.5972,2103.3,0.0,0.0,52.4,48.8519,0.0,0.0,0.0,0.0,0.0,17.4594,8.16358,36.0979,0.0,4.17,0.0,0,2545.64,0.0,0.0,0.0,0.0,0.001526,33.3045,0.0,6.50645,14.8303,0.0,0.0,51.2426,0.0,0.0,,0.0,0.0,0.0,0.0,1.369,0.0,0.0,945.327,0.0,0.0,0.0,0.00153,0.0,0.0,0.0,0.0,0.1639,0.0,266.26,31.5,10.3,146.071,0.0,0.0,0,19.0378,0.0,911.283,0.0,0.0,0.0,5.2076,0.0,35.3674,0.0,0.0,0.0,0.0,1.10509,0.0015,0.0643,0.0,0.0,4.0012,22.28,0.0,19.4057,0.0,0.0,0.0
2023-12-08 00:55:00,46.1954,2073.3,0.0,0.0,52.89,57.1515,0.0,0.0,0.0,0.0,0.0,62.0447,8.21363,41.3992,0.0,11.99,0.0,0,2524.48,0.0,0.0,0.0,0.0,0.001526,26.9446,0.0,17.177,14.1233,0.0,0.0,51.1643,0.0,0.0,,0.0,0.0,0.0,0.0,1.369,0.0,0.0,903.993,0.0,0.0,0.0,0.00153,0.0,0.0,0.0,0.0,0.13376,0.0,253.65,30.8,10.3,148.114,0.0,0.0,0,17.3715,0.0,952.373,0.0,0.0,0.0,4.69783,0.0,21.9748,0.0,0.0,0.0,0.0,0.0,0.12113,0.04038,0.0,0.0,4.0012,22.15,0.0,28.7959,0.0,0.0,0.0
2023-12-08 01:00:00,60.8962,2075.76,0.0,0.0,57.19,58.5414,0.0,0.0,0.0,0.0,0.0,106.908,9.07546,43.0984,0.0,17.0,0.0,0,2517.71,0.0,0.0,0.0,0.0,0.001526,30.4845,0.0,20.7254,10.4567,0.0,0.0,51.0312,0.0,0.0,,0.0,0.0,0.0,0.0,1.369,0.0,0.0,894.569,0.0,0.0,0.0,0.00153,0.0,1.63424,0.0,0.0,0.15386,0.0,258.694,30.8,10.3,147.884,0.0,0.0,0,17.5912,0.0,891.189,0.0,0.0,0.0,7.72131,0.0,13.2918,0.0,0.0,0.0,0.0,0.0,0.0,0.0,0.0,0.0,4.0012,22.28,0.0,37.4247,0.0,0.0,0.0
2023-12-08 01:05:00,53.696,2089.07,0.0,0.0,55.84,58.2923,0.0,0.0,0.0,0.0,0.0,82.9526,2.70329,42.1957,0.0,13.75,0.0,0,2499.33,0.0,0.0,0.0,0.0,0.001526,39.8544,0.0,23.766,9.48547,0.0,0.0,51.3183,0.0,0.0,,0.0,0.0,0.0,0.0,1.369,0.0,0.0,912.953,0.0,0.0,0.0,0.00153,0.0,3.60266,0.0,0.0,0.1639,0.0,241.695,1.0,10.3,143.511,0.0,0.0,0,13.5555,0.0,842.726,0.0,0.0,0.0,13.865,0.0,4.77546,0.0,0.0,0.0,0.0,0.0,0.14804,0.12711,0.0,0.0,4.0012,22.34,0.0,45.3284,0.0,0.0,0.0
2023-12-08 01:10:00,46.4962,2073.62,0.0,0.0,48.45,51.6631,0.0,0.0,3.86529,0.0,0.0,66.2867,1.63577,32.2967,0.0,9.05,0.0,0,2449.3,0.0,0.0,0.0,0.0,0.001526,41.1044,0.0,17.4182,4.99443,0.0,0.0,51.0678,0.0,0.0,,0.0,0.0,0.0,0.0,1.369,0.0,0.0,884.877,0.0,0.0,0.0,0.00153,0.0,6.66056,0.0,0.0,0.1639,0.0,236.447,0.0,10.5,142.621,0.0,0.0,0,12.5118,0.0,864.26,0.0,0.0,0.0,13.8562,0.0,2.29252,0.0,0.0,0.0,0.0,0.0,0.1301,0.0,0.0,0.0,4.0012,22.29,0.0,52.942,0.0,0.0,0.0
2023-12-08 01:15:00,50.1957,2100.32,0.0,0.0,48.44,47.0119,0.0,0.0,13.7619,0.0,0.0,58.677,4.17182,33.2968,0.0,9.87,0.0,0,2414.56,0.0,0.0,0.0,0.0,0.001526,50.4842,0.0,16.301,2.24903,0.0,0.0,50.953,0.0,0.0,,0.0,0.0,0.0,0.0,1.369,0.0,0.0,894.667,0.0,0.0,0.0,0.00153,0.0,7.68597,0.0,0.0,0.1639,0.0,235.107,0.0,10.5,138.688,0.0,0.0,0,16.6647,0.0,811.499,0.0,0.0,0.0,18.7693,0.0,2.33829,0.0,0.0,0.0,0.0,0.0,0.07028,0.0,0.0,0.0,4.0012,22.51,0.0,57.1295,0.0,0.0,0.0
2023-12-08 01:20:00,53.1982,2115.44,0.0,0.0,63.32,50.4699,0.0,0.0,27.0668,0.0,0.0,57.496,8.31373,34.996,0.0,7.18,0.0,0,2367.17,0.0,0.0,0.0,0.0,0.001526,43.2343,0.0,13.927,5.68872,0.0,0.0,51.1252,0.0,0.0,,0.0,0.0,0.0,0.0,1.369,0.0,0.0,906.557,0.0,0.0,0.0,0.00153,0.0,4.87526,0.0,0.0,0.17395,0.0,244.115,0.0,10.2,138.139,0.0,0.0,0,22.7036,0.0,792.578,0.0,0.0,0.0,24.6229,0.0,7.12291,0.0,0.0,0.0,0.0,0.0,0.0015,0.0015,0.0,0.0,4.0012,22.44,0.0,49.0808,0.0,0.0,0.0
2023-12-08 01:25:00,59.5956,2116.39,0.0,0.0,64.19,44.2321,0.0,0.0,32.895,0.0,0.0,44.8051,9.2842,29.2965,0.0,6.81,0.0,0,2330.94,0.0,0.0,0.0,0.0,0.001526,36.3545,0.0,24.4706,5.14995,0.0,0.0,51.2426,0.0,0.0,,0.0,0.0,0.0,0.0,1.369,0.0,0.0,907.118,0.0,0.0,0.0,0.00153,0.0,3.99634,0.0,0.0,0.13376,0.0,245.402,0.0,10.5,141.138,0.0,0.0,0,28.629,0.0,758.91,0.0,0.0,0.0,26.996,0.0,5.98154,0.0,0.0,0.0,0.0,0.0,0.04935,0.0,0.0,0.0,4.0012,22.35,0.0,48.12,0.0,0.0,0.0
2023-12-08 01:30:00,54.0962,2126.38,0.0,0.0,46.57,48.5818,0.0,0.0,37.4185,0.0,0.0,39.7849,11.3741,21.2959,0.0,8.25,0.0,0,2304.62,0.0,0.0,0.0,0.0,0.001526,34.8045,0.0,42.4474,3.40987,0.0,0.0,51.0312,0.0,0.0,,0.0,0.0,0.0,0.0,1.369,0.0,0.0,907.143,0.0,0.0,0.0,0.00153,0.0,3.49279,0.0,0.0,0.15386,0.0,252.088,0.0,10.6,142.72,0.0,0.0,0,22.1616,0.0,763.06,0.0,0.36767,0.0,23.6649,0.0,9.61135,0.2215,0.0,0.0,0.0,0.0,0.0,0.0,0.0,0.0,4.0012,22.39,0.0,40.8871,0.0,0.0,0.0
2023-12-08 01:35:00,65.2989,2124.45,0.0,0.0,36.53,55.2823,0.0,0.0,47.907,0.0,0.0,39.4934,10.9139,19.0966,0.0,6.52,0.0,0,2250.47,0.0,0.0,0.0,0.0,0.001526,44.8943,0.0,44.2819,2.77034,0.0,0.0,51.2609,0.0,0.0,,0.0,0.0,0.0,0.0,1.369,0.0,0.0,876.771,0.0,0.0,0.0,0.00153,0.0,4.65553,0.0,0.0,0.1639,0.0,232.935,0.0,10.5,139.029,0.0,0.0,0,29.7899,0.0,811.304,0.0,0.0,0.0,20.9227,0.0,14.3062,0.0,0.0,0.0,0.0,0.0,0.0,0.0,0.0,0.0,4.0012,22.34,0.0,30.8443,0.0,0.0,0.0
2023-12-08 01:40:00,74.695,2126.4,0.0,0.0,30.24,63.4919,0.0,0.0,44.1061,0.0,0.0,26.9215,12.4752,18.7957,0.0,4.68,0.0,0,2200.67,0.0,0.0,0.0,0.0,0.001526,52.7342,0.0,37.9405,2.77906,0.0,0.0,50.9921,0.0,0.0,,0.0,0.0,0.0,0.0,1.369,0.0,0.0,838.709,0.0,0.0,0.0,0.00153,0.0,3.17235,0.0,0.0,0.1639,0.0,233.578,0.0,10.5,140.863,0.0,0.0,0,31.6759,0.0,819.288,0.0,0.0,0.0,22.7508,0.0,14.7994,0.0,0.0,0.0,0.0,0.0,0.49198,0.0643,0.0,0.0,4.0012,22.36,0.0,19.5507,0.0,0.0,0.0
2023-12-08 01:45:00,58.2949,2142.02,0.0,0.0,27.94,67.6114,0.0,0.0,43.5163,0.0,0.0,16.524,19.0243,15.2998,0.0,5.06,0.0,0,2156.97,0.0,0.0,0.0,0.0,0.001526,51.6642,0.0,55.2318,3.89865,0.0,0.0,51.1069,0.0,0.0,,0.0,0.0,0.0,0.0,1.369,0.0,0.0,802.478,1.39999997616,0.0,0.0,0.00153,0.0,2.14694,0.0,0.0,0.13376,0.0,227.708,0.0,10.3,144.961,0.0,0.0,0,35.935,0.0,815.137,0.0,0.0,0.0,22.0213,0.0,19.2258,0.0,0.0,0.0,0.0,0.0,0.0,0.0,0.0,0.0,4.0012,22.56,0.0,5.50176,0.0,0.0,0.0
2023-12-08 01:50:00,50.4951,2129.48,0.0,0.0,46.43,67.4502,0.0,0.0,41.0905,0.0,0.0,15.9716,21.9834,7.79927,0.0,4.59,0.0,0,2107.87,0.0,0.0,0.0,0.0,0.001526,46.0143,0.0,47.7605,6.30048,0.0,0.0,51.1826,0.0,0.0,,0.0,0.0,0.0,0.0,1.369,0.0,0.0,767.541,24.8199996948,0.0,0.0,0.00153,0.0,3.19982,0.0,0.0,0.184,0.0,232.82,0.0,10.3,143.258,0.0,0.0,0,38.6743,0.0,825.953,0.0,0.0,0.0,19.7361,0.0,18.2052,0.0,0.0,0.0,0.0,0.0,0.0,0.0,0.0,0.0,4.0012,22.36,0.0,0.0,0.0,0.0,0.0
2023-12-08 01:55:00,52.1954,2157.63,0.0,0.0,50.98,61.4008,0.0,0.0,37.942,0.0,0.0,5.98535,16.9833,4.19722,0.0,2.06,0.0,0,2085.24,0.0,0.0,0.0,0.0,0.001526,52.2942,0.0,65.8706,7.0265,0.0,0.0,51.1069,0.0,0.0,,0.0,0.0,0.0,0.0,1.369,0.0,0.0,748.864,41.0200004578,0.0,0.0,0.00153,0.0,6.2211,0.0,0.0,0.184,0.0,237.047,0.0,10.3,141.863,0.0,0.0,0,23.4433,0.0,852.028,0.0,0.0,0.0,22.0565,0.0,20.77,0.0,0.0,0.0,0.0,0.0,0.10019,0.12412,0.0,0.0,4.0012,22.42,0.0,0.0,0.0,0.0,0.0
2023-12-08 02:00:00,32.798,2145.98,0.0,0.0,53.07,60.0632,0.0,0.0,27.852,0.0,0.0,0.0,13.4347,6.99832,0.0,0.98,0.0,0,2032.65,0.0,0.0,0.0,0.0,0.001526,61.6441,0.0,81.9939,8.24051,0.0,0.0,51.3939,0.0,0.0,,0.0,0.0,0.0,0.0,1.369,0.0,0.0,717.858,31.3500003815,0.0,0.0,0.00153,0.0,11.0094,0.0,0.0,0.13376,0.0,229.651,0.0,10.3,146.203,0.0,0.0,0,16.8185,0.0,900.394,0.0,0.0,0.0,19.5955,0.0,28.8914,0.0,0.0,0.0,0.0,0.0,0.0,0.0,0.0,0.0,4.0012,22.36,0.0,0.0,0.0,0.0,0.0
2023-12-08 02:05:00,12.7993,2135.97,0.0,0.0,53.93,60.5614,0.0,0.0,18.7425,0.0,0.0,0.0,15.1632,11.596,0.0,1.42,0.0,0,2002.64,0.0,0.0,0.0,0.0,0.001526,71.8439,0.0,67.2798,6.81386,0.0,0.0,50.9921,0.0,0.0,,0.0,0.0,0.0,0.0,1.369,0.0,0.0,708.702,40.9900016785,0.0,0.0,0.00153,0.0,17.1893,0.0,0.0,0.15386,0.0,227.238,0.0,10.5,146.543,0.0,0.0,0,15.3793,0.0,953.252,0.0,0.02327,0.0,18.532,0.0,37.6623,0.0135,0.0,0.0,0.0,0.0,0.0,0.0,0.0,0.0,4.0012,22.53,0.0,0.0,0.0,0.0,0.0
2023-12-08 02:10:00,2.59792,2129.55,0.0,0.0,54.6,55.4393,0.0,0.0,13.9572,0.0,0.0,0.0,15.8846,11.2995,0.0,1.26,0.0,0,1987.29,0.0,0.0,0.0,0.0,0.001526,78.3438,0.0,67.7369,4.07956,0.0,0.0,51.3183,0.0,0.0,,0.0,0.0,0.0,0.0,1.369,0.0,0.0,702.647,73.1999969482,0.0,0.0,0.00153,0.0,25.6764,0.0,0.0,0.17395,0.0,225.713,0.0,10.4,146.708,0.0,0.0,0,10.3951,0.0,962.481,0.0,0.0,0.0,14.3659,0.0,39.6716,0.0065,0.0,0.0,0.0,0.01944,0.01047,0.0,0.0,0.0,4.0012,22.42,0.0,0.0,0.0,0.0,0.0
2023-12-08 02:15:00,0.0,2125.57,0.0,0.0,53.27,57.6309,0.0,0.0,13.4338,0.0,0.0,3.15023,13.3138,12.6979,0.0,0.35,0.0,0,1981.35,0.0,0.0,0.0,0.0,0.001526,71.3139,0.0,59.5292,2.79097,0.0,0.0,50.9921,0.0,0.0,,0.0,0.0,0.0,0.0,1.369,0.0,0.0,697.154,3.75,0.0,0.0,0.00153,0.0,30.4097,0.0,0.0,0.1639,0.0,234.088,0.0,10.4,146.873,0.0,0.0,0,13.1453,0.0,960.698,0.0,0.0,0.0,11.9489,0.0,43.3423,0.0,0.0,0.0,0.0,0.0015,0.0015,0.0,0.0,0.0,4.0012,22.26,0.0,0.0,0.0,0.0,0.0
2023-12-08 02:20:00,0.0,2112.07,0.0,0.0,51.36,63.8729,0.0,0.0,15.3987,0.0,0.0,0.09689,22.9441,15.3972,0.0,2.06,0.0,0,1983.36,0.0,0.0,0.0,0.0,0.001526,55.3942,0.0,26.4067,4.11447,0.0,0.0,51.1252,0.0,0.0,,0.0,0.0,0.0,0.0,1.369,0.0,0.0,694.835,101.379997253,0.0,0.0,0.00153,0.0,29.8421,0.0,0.0,0.14381,0.0,220.534,0.0,10.6,147.17,0.0,0.0,0,15.3646,0.0,960.942,0.0,0.0,0.0,13.5925,0.0,51.2075,0.0075,0.0,0.0,0.0,0.0,0.11514,0.14505,0.0,0.0,4.0012,22.51,0.0,0.0,0.0,0.0,0.0
2023-12-08 02:25:00,0.0,2099.03,0.0,0.0,48.17,61.1831,0.0,0.0,13.3049,0.0,0.0,0.0,21.5244,18.6983,0.0,3.83,0.0,0,1978.11,0.0,0.0,0.0,0.0,0.001526,49.4943,0.0,6.61118,3.3464,0.0,0.0,51.0495,0.0,0.0,,0.0,0.0,0.0,0.0,1.369,0.0,0.0,698.033,73.0999984741,0.0,0.0,0.00153,0.0,27.4342,0.0,0.0,0.15386,0.0,215.752,0.0,10.3,147.29,0.0,0.0,0,19.3564,0.0,960.186,0.0,0.0,0.0,13.4694,0.0,58.9883,0.0045,0.0,0.0,0.0,0.0015,0.0,0.0015,0.0,0.0,4.0012,22.59,0.0,0.0,0.0,0.0,0.0
2023-12-08 02:30:00,0.0,2102.86,0.0,0.0,49.29,58.891,0.0,0.0,1.90042,0.0,0.0,1.98367,16.4132,16.8973,0.0,4.67,0.0,0,1991.95,0.0,0.0,0.0,0.0,0.001526,35.9445,0.0,4.69734,4.23667,0.0,0.0,51.0104,0.0,0.0,,0.0,0.0,0.0,0.0,1.369,0.0,0.0,706.041,111.849998474,0.0,0.0,0.00153,0.0,23.3875,0.0,0.0,0.17395,0.0,221.048,0.0,10.2,147.466,0.0,0.0,0,20.7736,0.0,959.551,0.0,0.0,0.0,7.31701,0.0,66.8779,0.0,0.0,0.0,0.0,0.69834,0.0,0.0,0.0,0.0,4.0012,22.53,0.0,0.0,0.0,0.0,0.0
2023-12-08 02:35:00,1.49805,2102.6,0.0,0.0,44.09,58.2107,0.0,0.0,0.0,0.0,0.0,7.19768,23.2639,5.59998,0.0,3.97,0.0,0,1980.08,0.0,0.0,0.0,0.0,0.001526,32.8845,0.0,3.06596,4.50169,0.0,0.0,51.1826,0.0,0.0,,0.0,0.0,0.0,0.0,1.369,0.0,0.0,699.449,198.0,0.0,0.0,0.00153,0.0,19.4873,0.0,0.0,0.14381,0.0,216.343,0.0,10.4,146.84,0.0,0.0,0,18.3713,0.0,962.432,0.0,0.0,0.0,4.64509,0.0,67.0158,0.0,0.0,0.0,0.0,0.22879,0.17795,0.10617,0.0,0.0,4.0012,22.36,0.0,0.0,0.0,0.0,0.0
2023-12-08 02:40:00,1.9987,2083.02,0.0,0.0,36.69,57.7523,0.0,0.0,3.9317,0.0,0.0,27.9774,23.9036,6.89654,0.0,0.77,0.0,0,1963.02,0.0,0.0,0.0,0.0,0.001526,36.5844,0.0,4.86555,4.53342,0.0,0.0,51.0495,0.0,0.0,,0.0,0.0,0.0,0.0,1.369,0.0,0.0,683.58,230.460006714,0.0,0.0,0.00153,0.0,14.6441,0.0,0.0,0.1639,0.0,212.022,0.0,10.4,145.038,0.0,0.0,0,36.0009,0.0,958.77,0.0,0.0,0.0,4.61872,0.0,69.2644,0.0,0.0,0.0,0.0,0.0,0.0,0.0,0.0,0.0,4.0012,22.29,0.0,0.0,0.0,0.0,0.0
2023-12-08 02:45:00,3.0972,2061.46,0.0,0.0,40.65,75.7394,0.0,0.0,22.8714,0.0,0.0,52.2561,14.4637,11.596,0.0,1.31,0.0,0,1973.47,0.0,0.0,0.0,0.0,0.001526,49.6042,0.0,6.42393,4.30887,0.0,0.0,51.1069,0.0,0.0,,0.0,0.0,0.0,0.0,1.369,0.0,0.0,698.326,295.399993896,0.0,0.0,0.00153,0.0,13.6461,0.0,0.0,0.17395,0.0,119.333,0.0,10.4,142.083,0.0,0.0,0,42.4024,0.0,908.377,0.0,0.0,0.0,10.5075,0.0,69.5586,0.0,0.0,0.0,0.0,0.0,0.21384,0.07327,0.0,0.0,4.0012,22.42,0.0,0.0,0.0,0.0,0.0
2023-12-08 02:50:00,2.39818,2048.15,0.0,0.0,54.77,74.2407,0.0,0.0,31.6528,0.0,0.0,25.3361,11.8746,7.29923,0.0,2.2,0.0,0,1975.42,0.0,0.0,0.0,0.0,0.001526,49.6543,0.0,11.3498,6.26081,0.0,0.0,51.1643,0.0,0.0,,0.0,0.0,0.0,0.0,1.369,0.0,0.0,697.911,283.839996338,0.0,0.0,0.00153,0.0,12.9686,0.0,0.0,0.17395,0.0,156.163,0.0,10.5,142.764,0.0,0.0,0,26.5818,0.0,849.733,0.0,0.0,0.0,15.5964,0.0,63.4733,0.0,0.0,0.0,0.0,0.16898,0.18692,0.07926,0.0,0.0,4.0012,22.21,0.0,0.0,0.0,0.0,0.0
2023-12-08 02:55:00,1.59922,2019.17,0.0,0.0,78.19,68.9741,0.0,0.0,30.0825,0.0,0.0,16.7712,11.6133,7.09567,0.0,0.85,0.0,0,1980.74,0.0,0.0,0.0,0.0,0.001526,43.9343,0.0,4.12287,8.83641,0.0,0.0,51.1826,0.0,0.0,,0.0,0.0,0.0,0.0,1.369,0.0,0.0,700.255,364.040008545,0.0,0.0,0.00153,0.0,11.0002,0.0,0.0,0.14381,0.0,189.632,0.0,10.5,143.621,0.0,0.0,0,21.3632,0.0,794.311,0.0,0.0,0.0,15.3943,0.0,57.897,0.0,0.0,0.0,0.0,0.0,0.0,0.0,0.0,0.0,4.0012,22.21,0.0,0.0,0.0,0.0,0.0
2023-12-08 03:00:00,2.09987,2008.53,0.0,0.0,76.58,62.9309,0.0,0.0,15.7932,0.0,0.0,5.58785,13.5335,9.49851,0.0,0.75,0.0,0,1981.92,0.0,0.0,0.0,0.0,0.001526,42.2944,0.0,3.29766,7.20186,0.0,0.0,51.2217,0.0,0.0,,0.0,0.0,0.0,0.0,1.369,0.0,0.0,698.57,356.209991455,0.0,0.0,0.00153,0.0,6.17533,0.0,0.0,0.15386,0.0,206.271,0.0,10.3,143.39,0.0,0.0,0,14.7604,0.0,755.174,0.0,0.0,0.0,10.9294,0.0,51.4723,0.0,0.0,0.0,0.0,0.03439,0.12412,0.0,0.0,0.0,4.0012,22.34,0.0,1.47741,0.0,0.0,0.0
2023-12-08 03:05:00,1.19974,2026.32,0.0,0.0,80.21,49.0507,0.0,0.0,1.83401,0.0,0.0,0.0,20.0241,7.29923,0.0,0.2,0.0,0,1982.55,0.0,0.0,0.0,0.0,0.001526,44.5643,0.0,13.5778,4.12003,0.0,0.0,51.2426,0.0,0.0,,0.0,0.0,0.0,0.0,1.369,0.0,0.0,704.894,388.170013428,0.0,0.0,0.00153,0.0,3.56603,0.0,0.0,0.1639,0.0,204.514,0.0,10.5,144.599,0.0,0.0,0,17.7926,0.0,759.545,0.0,0.0,0.0,5.1285,0.0,48.6525,0.0,0.0,0.0,0.0,0.0015,0.16599,0.11215,0.0,0.0,4.0012,22.34,0.0,0.0,0.0,0.0,0.0
2023-12-08 03:10:00,0.49935,2046.1,0.0,0.0,91.39,43.7925,0.0,0.0,0.0,0.0,0.0,0.0,23.0845,5.09995,0.0,0.23,0.0,0,1984.04,0.0,0.0,0.0,0.0,0.001526,44.1443,0.0,18.9354,2.09271,0.0,0.0,50.9921,0.0,0.0,,0.0,0.0,0.0,0.0,1.369,0.0,0.0,702.672,350.519989014,0.0,0.0,0.00153,0.0,3.98718,0.0,0.0,0.12371,0.0,206.387,0.0,10.4,143.676,0.0,0.0,0,19.5614,0.0,781.152,0.0,0.0,0.0,2.61479,0.0,45.1032,0.0,0.0,0.0,0.0,0.0,0.0,0.0,0.0,0.0,4.0012,22.33,0.0,0.0,0.0,0.0,0.0
2023-12-08 03:15:00,0.0,2085.53,0.0,0.0,89.38,39.0011,0.0,0.0,0.0,0.0,0.0,0.0,21.854,3.29892,0.0,0.38,0.0,0,1989.19,0.0,0.0,0.0,0.0,0.001526,43.9843,0.0,10.734,1.25164,0.0,0.0,51.1826,0.0,0.0,,0.0,0.0,0.0,0.0,1.369,0.0,0.0,704.552,348.570007324,0.0,0.0,0.00153,0.0,3.82239,0.0,0.0,0.1639,0.0,205.543,0.0,10.4,144.456,0.0,0.0,0,4.73335,0.0,773.119,0.0,0.0,0.0,3.27398,0.0,34.9554,0.0,0.0,0.0,0.0,1.00041,0.05832,0.0,0.0,0.0,4.34416,22.27,0.0,0.0,0.0,0.0,0.0
2023-12-08 03:20:00,0.0,2092.22,0.0,0.0,91.24,39.7819,0.0,0.0,0.0,0.0,0.0,0.0,16.1923,6.19738,0.0,0.09,0.0,0,1982.53,0.0,0.0,0.0,0.0,0.001526,32.9645,0.0,6.52549,0.97392,0.0,0.0,51.3365,0.0,0.0,,0.0,0.0,0.0,0.0,1.369,0.0,0.0,701.109,312.660003662,0.0,0.0,0.00153,0.0,2.5864,0.0,0.0,0.17395,0.0,210.353,0.0,10.4,144.203,0.0,0.0,0,4.3415,0.0,793.115,0.0,0.0,0.0,9.24184,0.0,28.2176,0.0,0.0,0.0,0.0,0.0015,0.0,0.05832,0.0,0.0,4.34416,22.43,0.0,0.0,0.0,0.0,0.0
2023-12-08 03:25:00,0.0,2088.22,0.0,0.0,92.28,39.1435,0.0,0.0,0.0,0.0,0.0,0.0,15.2645,1.39612,0.0,-0.06,0.0,0,1974.62,0.0,0.0,0.0,0.0,0.001526,28.7146,0.0,5.89071,0.7827,0.0,0.0,51.1252,0.0,0.0,,0.0,0.0,0.0,0.0,1.369,0.0,0.0,690.123,381.519989014,0.0,0.0,0.00153,0.0,1.73495,0.0,0.0,0.1639,0.0,206.134,0.0,10.4,143.698,0.0,0.0,0,4.40009,0.0,846.632,0.0,0.0,0.0,5.92831,0.0,23.4879,0.0,0.0,0.0,0.0,0.0,0.04337,0.0,0.0,0.0,4.34416,22.29,0.0,0.0,0.0,0.0,0.0
2023-12-08 03:30:00,0.0,2087.12,0.0,0.0,97.9,39.9724,0.0,0.0,0.0,0.0,0.0,0.0,16.003,0.0,0.0,0.0,0.0,0,1973.64,0.0,0.0,0.0,0.0,0.001526,25.3046,0.0,3.08818,0.62797,0.0,0.0,51.2791,0.0,0.0,,0.0,0.0,0.0,0.0,1.369,0.0,0.0,699.181,456.420013428,0.0,0.0,0.00153,0.0,2.49485,0.0,0.0,0.1639,0.0,196.336,0.0,10.4,143.5,0.0,0.0,0,8.96315,0.0,795.141,0.0,0.0,0.0,5.22518,0.0,19.0982,0.0,0.0,0.0,0.0,0.0,0.0,0.0,0.0,0.0,4.34416,22.14,0.0,0.0,0.0,0.0,0.0
2023-12-08 03:35:00,1.59915,2081.33,0.0,0.0,101.11,34.6514,0.0,0.0,0.0,0.0,0.0,0.0,12.4337,0.99786,0.0,0.0,0.0,0,1980.04,0.0,0.0,0.0,0.0,0.001526,17.7947,0.0,3.58013,0.0,0.0,0.0,51.1069,0.0,0.0,,0.0,0.0,0.0,0.0,1.369,0.0,0.0,700.938,511.309997559,0.0,0.0,0.00153,0.0,2.96178,0.0,0.0,0.12371,0.0,218.307,0.0,10.4,143.566,0.0,0.0,0,18.7558,0.0,761.083,0.0,0.0,0.0,7.0006,0.0,13.8937,0.0,0.0,0.0,0.0,0.26767,0.0,0.05832,0.0,0.0,4.34416,22.35,0.0,1.49554,0.0,0.0,0.0
2023-12-08 03:40:00,6.89708,2096.86,0.0,0.0,100.08,34.2411,0.0,0.0,0.0,0.0,0.0,0.0,10.6953,2.79889,0.0,0.0,0.0,0,1986.02,0.0,0.0,0.0,0.0,0.001526,11.4398,0.0,3.38018,0.07333,0.0,0.0,50.9738,0.0,0.0,,0.0,0.0,0.0,0.0,1.369,0.0,0.0,706.31,500.890014648,0.0,0.0,0.00153,0.0,5.10414,0.0,0.0,0.15386,0.0,223.062,0.0,10.4,143.05,0.0,0.0,0,11.8306,0.0,765.502,0.0,0.0,0.0,4.83845,0.0,8.636,0.1235,0.0,0.0,0.0,0.42918,0.02243,0.0015,0.0,0.0,4.34416,22.34,0.0,5.97308,0.0,0.0,0.0
2023-12-08 03:45:00,20.0955,2110.51,0.0,0.0,100.73,42.6705,0.0,0.0,0.0,0.0,0.0,0.0,6.85252,2.59976,0.0,0.0,0.0,0,1988.65,0.0,0.0,0.0,0.0,0.001526,7.15489,0.0,0.92677,0.07016,0.0,0.0,51.2217,0.0,0.0,,0.0,0.0,0.0,0.0,1.369,0.0,0.0,705.748,469.170013428,0.0,0.0,0.00153,0.0,6.72465,0.0,0.0,0.12371,0.0,218.764,0.0,10.4,144.082,0.0,0.0,0,8.57496,0.0,810.059,0.0,0.0,0.0,5.79647,0.0,3.34417,0.1075,0.0,0.0,0.0,0.63255,0.0972,0.0,0.0,0.0,4.34416,22.26,0.0,12.5172,0.0,0.0,0.0
2023-12-08 03:50:00,29.9975,2097.64,0.0,0.0,100.58,43.3215,0.0,0.0,0.0,0.0,0.0,0.0,4.02289,0.0,0.0,0.0,0.0,0,1980.3,0.0,0.0,0.0,0.0,0.001526,5.22492,0.0,0.0,0.0,0.0,0.0,51.2035,0.0,0.0,,0.0,0.0,0.0,0.0,1.369,0.0,0.0,697.081,436.910003662,0.0,0.0,0.00153,0.0,4.87526,0.0,0.0,0.15386,0.0,216.784,0.0,10.4,146.62,0.0,0.0,0,4.87984,0.0,862.404,0.0,0.0,0.0,4.24958,0.0,0.53468,0.0,0.0,0.0,0.0,0.0,0.0,0.0,0.0,0.0,4.0012,22.28,0.0,18.0461,0.0,0.0,0.0
2023-12-08 03:55:00,46.9997,2099.91,0.0,0.0,98.33,48.3327,0.0,0.0,0.0,0.0,0.0,0.0,3.57488,0.0,0.0,0.0,0.0,0,1996.59,0.0,0.0,0.0,0.0,0.001526,2.13497,0.0,0.0,0.0,0.0,0.0,51.2426,0.0,0.0,,0.0,0.0,0.0,0.0,1.369,0.0,0.0,714.0,487.290008545,0.0,0.0,0.00153,0.0,3.8407,0.0,0.0,0.19405,0.0,220.0,0.0,10.4,147.214,0.0,0.0,0,6.73655,0.0,827.491,0.0,0.03444,0.0,4.00348,0.0,0.0,0.2295,0.0,0.0,0.0,1.96045,0.08823,0.01944,0.0,0.0,4.0012,22.48,0.0,27.5813,0.0,0.0,0.0
2023-12-08 04:00:00,61.894,2093.15,0.0,0.0,96.25,41.3916,0.0,0.0,0.0,0.0,0.0,0.0,0.8368,1.59968,0.0,-0.04,0.0,0,1978.55,0.0,0.0,0.0,0.0,0.001526,0.0,0.0,0.0,0.0,0.0,0.0,51.2035,0.0,0.0,,0.0,0.0,0.0,0.0,1.369,0.0,0.0,697.716,361.779998779,0.0,0.0,0.00153,0.0,3.70336,0.0,0.0,0.13376,0.0,219.193,0.0,10.4,147.543,0.0,0.0,0,5.37423,0.0,878.591,0.0,0.0,0.0,2.5181,0.0,0.0,0.0,0.0,0.0,0.0,0.0,0.0,0.0,0.0,0.0,4.0012,22.04,0.0,34.633,0.0,0.0,0.0
2023-12-08 04:05:00,78.1946,2071.03,0.0,0.0,83.83,39.7107,0.0,0.0,0.0,0.0,0.0,0.0,0.0,1.59968,0.0,-0.07,0.0,0,1988.58,0.0,0.0,0.0,0.0,0.001526,0.0,0.0,0.0,0.0,0.0,0.0,50.0362,0.0,0.0,,0.0,0.0,0.0,0.0,1.369,0.0,0.0,701.72,430.890014648,0.0,0.0,0.00153,0.0,3.13573,0.0,0.0,0.17395,0.0,238.976,0.0,10.4,147.961,0.0,0.0,0,5.59762,0.0,830.641,0.0,0.0,0.0,1.5425,0.0,0.0,0.0045,0.0,0.0,0.0,0.0,0.0,0.0,0.0,0.0,4.0012,22.24,0.0,54.356,0.0,0.0,0.0
2023-12-08 04:10:00,106.599,2091.07,0.0,0.0,64.91,37.1507,0.0,0.0,0.0,0.0,0.0,0.0,0.0,6.39651,0.0,-0.06,0.0,0,1989.34,0.0,0.0,0.0,0.0,0.001526,0.0,0.0,0.0,0.0,0.0,0.0,50.7099,0.0,0.0,,0.0,0.0,0.0,0.0,1.369,0.0,0.0,694.981,343.630004883,0.0,0.0,0.00153,0.0,3.63012,0.0,0.0,0.14381,0.0,328.923,0.0,10.4,147.301,0.0,0.0,0,9.38064,0.0,875.735,0.0,0.0,0.0,1.70071,0.0,0.78187,0.0,0.0,0.0,0.0,0.0,0.0,0.0,0.0,0.0,4.0012,22.27,0.0,75.7829,0.0,0.0,0.0
2023-12-08 04:15:00,129.798,2100.06,0.0,0.0,78.85,42.3607,0.0,0.0,0.0,0.0,0.0,0.0,0.13855,11.7996,0.0,-0.04,0.0,0,1989.04,0.0,0.0,0.0,0.0,0.001526,0.0,0.0,0.0,0.0,0.0,0.0,50.3008,0.0,0.0,,0.0,0.0,0.0,0.0,1.369,0.0,0.0,699.791,327.140014648,0.0,0.0,0.00153,0.0,5.08583,0.0,0.0,0.1639,0.0,349.493,0.0,10.4,147.016,0.0,0.0,0,10.71,0.0,891.922,0.0,0.0,0.0,1.53371,0.0,3.81598,0.0015,0.0,0.0,0.0,0.0,0.0,0.0,0.0,0.0,4.0012,22.35,0.0,92.4242,0.0,0.0,0.0
2023-12-08 04:20:00,143.793,2074.08,0.0,0.0,85.84,41.7621,0.0,0.0,0.0,0.0,0.0,0.0,0.55665,19.1984,0.0,-0.03,0.0,0,1995.29,0.0,0.0,0.0,0.0,0.001526,0.0,0.0,0.0,0.0,0.0,0.0,50.1255,0.0,0.0,,0.0,0.0,0.0,0.0,1.369,0.0,0.0,700.914,335.230010986,0.0,0.0,0.00153,0.0,5.57107,0.0,0.0,0.15386,0.0,349.302,0.0,10.4,147.214,0.0,0.0,0,12.6912,0.0,837.452,0.0,0.10518,0.0,0.68995,0.0,4.89998,0.0,0.0,0.0,0.0,0.0,0.0,0.0,0.0,0.0,4.0012,22.25,0.0,100.11,0.0,0.0,0.0
2023-12-08 04:25:00,148.398,2083.53,0.0,0.0,74.55,44.6131,0.0,0.0,0.0,0.0,0.0,0.0,3.49676,24.7961,0.0,-0.05,0.0,0,1972.88,0.0,0.0,0.0,0.0,0.001526,0.0,0.0,0.0,0.0,0.0,0.0,50.2423,0.0,0.0,,0.0,0.0,0.0,0.0,1.369,0.0,0.0,686.217,182.699996948,0.0,0.0,0.00153,0.0,6.44999,0.0,0.0,0.14381,0.0,339.739,0.0,10.4,148.345,0.0,0.0,0,15.8737,0.0,835.524,0.0,0.0,0.0,0.0,0.0,5.09163,0.0,0.0,0.0,0.0,0.0,0.39329,0.16898,0.0,0.0,4.0012,22.31,0.0,108.884,0.0,0.0,0.0
2023-12-08 04:30:00,159.597,2082.11,0.0,0.0,94.04,44.7931,0.0,0.0,0.0,0.0,0.0,0.0,8.44312,35.5979,0.0,-0.05,0.0,0,1977.01,0.0,0.0,0.0,0.0,0.001526,0.68499,0.0,0.0,0.0,0.0,0.0,50.3592,0.0,0.0,,0.0,0.0,0.0,0.0,1.369,0.0,0.0,693.248,397.5,0.0,0.0,0.00153,0.0,5.98306,0.0,0.0,0.17395,0.0,342.029,0.0,10.4,147.488,0.0,0.0,0,18.8949,0.0,781.445,0.0,0.0,0.0,0.0,0.0,5.42306,0.0,0.0,0.0,0.0,0.0,0.25571,0.11814,0.0,0.0,4.0012,22.19,0.0,107.851,0.0,0.0,0.0
2023-12-08 04:35:00,174.099,2089.97,0.0,0.0,95.66,42.1828,0.0,0.0,0.0,0.0,0.0,0.0,16.6342,30.2966,0.0,-0.08,0.0,0,2049.23,0.0,0.0,0.0,0.0,0.001526,3.28995,0.0,5.2242,0.0,0.0,0.0,50.1839,0.0,0.0,,0.0,0.0,0.0,0.0,1.369,0.0,0.0,704.869,333.279998779,0.0,0.0,0.00153,0.0,6.77043,0.0,0.0,0.14381,0.0,279.478,0.0,10.4,147.455,0.0,0.0,0,27.2776,0.0,757.518,0.0,0.0,0.0,0.0,0.0,5.75692,0.0,0.0,0.0,0.0,0.36039,0.02841,0.0015,0.0,0.0,4.0012,22.21,0.0,108.957,0.0,0.0,0.0
2023-12-08 04:40:00,165.495,2060.09,0.0,0.0,80.31,45.0024,0.0,0.0,0.0,0.0,0.0,0.0,31.295,25.898,0.0,-0.04,0.0,0,2109.46,0.0,0.0,0.0,0.0,0.001526,7.30489,0.0,22.4996,0.0,0.0,0.0,51.0637,0.0,0.0,,0.0,0.0,0.0,0.66068,1.369,0.0,0.0,703.209,321.190002441,0.0,0.0,0.00153,0.0,8.17121,0.0,0.0,0.15386,0.0,291.625,0.0,10.4,148.499,0.0,0.0,0,34.9792,0.0,757.909,0.0,0.0,0.0,0.0,0.0,7.06065,0.0,0.0,0.64087,0.0,0.03738,0.05234,0.02243,0.0,0.0,4.0012,22.26,0.0,106.6,0.0,0.0,0.0
2023-12-08 04:45:00,157.197,2020.29,0.0,0.0,63.45,36.7509,0.0,0.0,0.0,0.0,0.0,0.0,42.4646,23.8978,0.0,-0.07,0.0,0,2137.31,0.0,0.0,0.0,0.0,0.001526,14.0748,0.0,49.011,0.0,0.0,0.0,50.1255,0.0,0.0,,0.0,0.0,0.0,1.71881,1.369,0.0,0.0,685.997,272.170013428,0.0,0.0,0.00153,0.0,7.30144,0.0,0.0,0.1639,0.0,263.791,0.0,10.4,148.29,0.0,0.0,0,47.8993,0.0,756.639,0.0,0.0,0.0,0.0,0.0,7.61425,0.0,0.0,2.13321,0.0,0.0,0.0,0.0,0.0,0.0,4.0012,22.32,0.0,102.068,0.0,0.0,0.0
2023-12-08 04:50:00,164.096,2004.18,0.0,0.0,49.99,39.7002,0.0,0.0,0.0,0.0,0.0,0.0,45.5543,29.3983,0.0,-0.05,0.0,0,2157.87,0.0,0.0,0.63195,0.0,0.001526,23.9546,0.0,54.4764,0.0,0.0,0.0,50.0947,0.0,0.0,,0.0,0.0,0.0,2.45056,1.369,0.0,0.0,696.275,359.299987793,0.0,0.0,0.00153,0.0,4.271,0.0,0.0,0.15386,0.0,205.42,0.0,10.4,148.136,0.0,0.0,0,50.4518,0.0,755.37,0.0,0.0,0.0,0.0,0.08057,8.93935,0.0,0.0,4.80659,0.0,0.17496,0.08823,0.05832,0.0,0.0,4.0012,22.43,0.0,101.905,0.0,0.0,0.0
2023-12-08 04:55:00,157.596,1993.51,0.0,0.0,40.23,40.9101,0.0,0.0,0.0,0.0,0.0,4.67842,46.6444,34.2969,0.0,0.0,0.0,0,2164.63,0.0,0.0,0.63195,0.0,0.001526,33.9145,0.0,58.1708,0.0,0.0,0.12514,50.6822,0.0,0.0,,0.0,0.0,0.0,4.19306,1.369,0.0,0.0,701.915,310.890014648,0.0,0.0,0.00153,0.0,1.95468,0.0,0.0,0.12371,0.0,189.263,0.0,10.4,149.081,0.0,0.0,0,46.5956,0.0,757.005,0.0,0.0,0.0,0.0,0.14039,11.3625,0.0,0.0,8.39551,0.0,0.13309,0.12711,0.03738,0.0,0.0,4.0012,22.4,0.0,98.3882,0.0,0.0,0.0
2023-12-08 05:00:00,158.896,2006.11,0.27214,0.0,39.67,38.842,0.0,0.0,0.0,0.0,0.0,19.4812,51.1025,35.8988,0.0,2.96,0.0,0,2174.08,0.0,0.0,1.15061,0.0,0.001526,42.4143,0.0,62.8428,2.09985,0.0,0.20762,50.3592,0.0,0.0,,0.0,0.0,0.0,6.70417,1.369,0.0,0.0,707.604,263.730010986,0.0,0.0,0.09918,0.0,0.0,0.0,0.0,0.14381,0.0,245.503,0.0,10.4,149.565,0.0,0.0,0,56.9961,0.0,764.599,0.0,0.0,0.0,0.0,0.21973,13.3028,0.0,0.0,13.5592,0.0,0.56675,0.0,0.0,0.0,0.0,4.0012,22.36,0.0,88.6899,0.0,0.0,0.0
2023-12-08 05:05:00,154.999,2043.34,1.01025,0.0,33.13,36.5248,0.0,0.0,0.0,0.0,0.0,27.4373,60.3848,37.598,0.0,3.87,0.0,0,2269.08,0.0,0.0,1.62898,0.17945,0.099184,45.3743,0.0,58.412,4.41917,0.0,0.32774,50.5653,0.0,0.0,,0.0,0.0,0.0,9.65221,1.369,0.0,0.124,721.593,260.390014648,0.0,0.0,0.19989,0.0,0.0,0.07509,0.0,0.17395,0.0,163.613,0.0,10.4,149.037,0.0,0.0,0,63.3243,0.0,766.503,0.0,0.4533,0.0,0.0,0.36012,11.9991,0.1495,0.0,19.0158,0.0,2.25055,2.42402,1.46996,0.0,0.0,4.0012,22.25,0.0,83.9404,0.0,0.0,0.0
2023-12-08 05:10:00,155.696,2048.96,1.7404,0.0,30.11,36.8807,0.0,0.0,0.0,0.0,0.0,47.3121,66.425,34.5978,0.0,7.38,0.0,0,2348.77,0.0,0.0,1.42252,0.54322,0.199893,50.9442,0.0,57.8534,9.01256,0.0,0.59296,49.8609,0.0,0.0,,0.0,0.0,0.0,14.1848,1.369,0.0,0.124,708.556,219.339996338,0.0,0.0,0.49897,0.0,0.0,0.52946,0.0,0.12371,0.0,153.207,0.0,10.4,149.389,0.0,0.83314,0,56.0037,0.0,807.495,0.0,0.0,0.91249,0.0,0.5005,7.23339,0.0045,0.05367,26.1753,0.0,0.61759,1.09612,0.34543,0.0,0.0,4.0012,22.22,0.0,79.1003,0.0,0.0,0.0
2023-12-08 05:15:00,134.698,2042.34,2.80243,0.0,27.5,33.5901,0.0,0.0,0.0,0.0,0.0,53.0098,70.8342,28.1991,0.0,7.75,0.0,0,2404.99,0.0,0.0,2.13756,1.83719,0.300603,48.7343,0.0,58.393,11.0621,0.0,1.28109,50.6822,1.01,0.0,,0.0,0.0,0.0,19.2176,1.369,0.0,0.996,701.256,132.190002441,0.14,0.0,1.89975,0.033,0.0,0.96083,0.0,0.12371,0.0,209.87,0.0,10.4,148.378,0.0,1.95254,0,58.7283,0.0,797.461,0.0,0.06981,2.20645,0.64601,0.67995,4.30976,0.0315,0.19804,58.32,0.0,0.74321,1.03032,0.0,1.789,0.0,4.0012,22.56,0.0,78.6652,0.0,0.0,0.0
2023-12-08 05:20:00,138.797,2042.56,2.91128,0.0,31.22,29.86,0.7013,0.0,0.0,0.0,0.0,75.5428,72.3333,25.5971,0.0,11.21,0.0,0,2409.73,0.0,1.1017,2.74182,4.92073,0.49897,49.6542,0.42499,55.3016,13.7837,0.0,1.97338,50.7407,2.02,0.0,,0.0,0.0,0.0,24.961,1.369,0.0,1.926,702.306,143.899993896,0.22,0.0,4.20081,0.074,0.0,1.59696,0.0,0.12371,0.0,127.445,0.0,10.4,148.587,0.0,3.84955,0,58.8528,0.0,785.644,0.0,0.0,4.69673,1.0591,0.88015,2.67704,0.0,3.08762,79.0387,0.0,0.42618,0.60264,0.0,1.689,0.0,4.0012,22.37,0.0,76.4537,0.0,0.0,0.0
2023-12-08 05:25:00,140.397,2053.52,2.30062,0.0,35.61,27.8002,1.3019,0.0,0.0,0.0,0.0,75.9503,72.2258,20.8976,0.50171,11.75,0.0,0,2420.3,0.0,0.99184,3.17487,3.11894,0.59968,50.0842,0.53499,49.741,15.9673,0.0,3.26746,50.8299,3.04,0.62262,,0.0,0.0,0.0,31.1361,1.369,0.28687,1.808,716.539,162.630004883,0.33,0.0,2.29953,0.245,0.0,2.57934,0.0,0.12371,0.0,112.601,0.0,10.4,145.225,0.0,5.60983,0,65.4667,0.0,737.156,0.0,0.0,6.80247,1.2173,1.07059,2.3975,0.0,2.99136,96.7636,0.0,1.14696,1.36529,0.72227,1.289,0.0,4.0012,22.51,0.0,74.4052,0.0,0.0,0.0
2023-12-08 05:30:00,147.296,2034.45,2.69091,0.0,34.53,27.9509,1.69009,0.0,0.0,0.0,0.0,61.503,69.865,19.1984,0.50171,13.3,0.99593,0,2399.16,0.0,3.53094,3.98054,4.12482,0.49897,45.3243,0.63499,54.1908,17.0615,0.0,3.81466,50.2147,1.32,0.63763,,0.0,0.0,0.0,38.1377,1.425,0.46265,2.638,691.881,211.229995728,0.55,0.0,3.00145,0.32,0.0,6.01536,0.0,0.08352,0.0,128.883,0.0,10.5,145.95,0.0,13.0782,0,68.1291,0.0,783.496,0.67018,0.0,8.29175,2.80815,1.2598,2.41703,0.0095,2.61363,86.5003,0.0,0.0,0.0,0.0,1.289,0.0,4.0012,22.13,0.0,77.8495,0.0,0.0,0.0
2023-12-08 05:35:00,144.196,2068.95,4.51229,0.0,35.98,21.5728,2.72282,0.0,11.926,0.0,0.0,49.8451,69.7148,16.5964,0.60384,9.33,1.51083,0,2404.94,0.0,2.86564,4.75601,11.6323,0.49897,43.4043,0.88499,57.6947,17.4051,0.0,4.65203,50.6515,2.04,0.76304,,0.851,0.0,0.0,43.4705,1.736,0.61646,10.912,694.224,334.440002441,0.79,0.0,12.5017,0.396,0.0,4.60268,0.0,0.14381,0.0,96.0273,0.0,10.3,145.489,0.0,13.0013,0,68.0192,0.0,738.377,0.76295,0.0,20.8774,10.0856,1.47954,0.85634,0.0,2.71462,84.3854,0.0,0.0,0.0,0.0,1.589,0.0,4.0012,22.41,0.0,83.0521,0.0,0.0,0.0
2023-12-08 05:40:00,136.194,2118.49,4.25209,0.0,39.08,25.3428,2.93156,0.0,19.598,0.0,0.0,50.1396,68.0436,15.6981,1.04499,7.81,2.16123,0,2389.22,0.0,2.86564,5.65736,22.1329,0.49897,46.5843,0.99498,63.7505,16.6997,0.0,4.22835,50.1531,2.04,1.3616,,1.58618,0.0,0.364,48.3663,1.936,0.72145,4.266,706.798,361.679992676,1.07,0.0,16.2005,0.683,0.0,5.31171,0.0,0.184,0.0,2.47884,0.0,10.3,142.731,0.0,17.7694,0,66.0124,0.0,676.583,0.78981,0.00093,30.0755,15.3064,1.65044,0.46082,0.35649,4.30669,73.2982,0.0,0.87779,1.23967,1.34136,2.089,0.0,4.0012,22.47,0.0,83.7229,0.0,0.0,0.0
2023-12-08 05:45:00,133.696,2096.57,4.50167,0.0,39.34,24.9011,3.7409,0.0,26.8051,1.69947,0.0,42.8016,64.6732,13.7997,1.45485,6.77,3.59753,0,2402.7,0.0,1.66934,11.8963,25.0431,0.401312,48.9743,1.30498,66.0801,16.7528,0.0,4.7959,49.6856,1.03,1.63526,,1.92859,0.22922,2.361,26.6666,1.886,0.80934,4.158,694.908,427.700012207,1.38,0.0,18.9014,1.388,0.0,6.49865,0.0,0.14381,0.0,-0.61411,0.0,10.5,142.105,0.0,12.6424,0,69.6013,0.0,628.706,1.2488,0.0,34.8119,20.1141,1.78961,0.0,0.0,3.95034,56.3607,0.0,0.0,0.0,0.11215,2.589,0.0,4.0012,22.43,0.0,88.0735,0.0,0.0,0.0
2023-12-08 05:50:00,144.897,2094.76,6.67086,0.0,41.09,25.3302,3.69329,0.0,25.6215,1.50034,0.0,38.1308,61.6739,10.9986,2.0697,6.18,5.69778,0,2406.7,0.0,0.58289,8.00389,22.8312,0.300603,50.6342,1.01498,69.5142,19.6427,0.0,5.67731,50.1839,1.03,1.9369,,1.5761,0.17081,8.944,24.0029,2.14,0.90455,5.212,697.642,438.130004883,2.26,0.0,10.7988,1.091,0.0,6.73111,0.0,0.08352,0.0,-0.41078,0.0,10.3,145.28,0.0,22.0163,0,66.0563,0.0,575.066,0.88014,0.11077,24.7715,26.0292,2.01056,0.0,0.0045,3.95904,125.438,0.0,0.0,0.0,0.0,2.889,0.0,4.0012,22.34,0.0,92.4786,0.0,0.0,0.0
2023-12-08 05:55:00,150.997,2093.42,5.26102,0.0,47.3,29.8725,2.95354,0.0,17.2385,2.09773,0.0,35.9258,64.2338,14.5962,2.69658,5.64,4.31568,0,2335.66,0.0,0.0,22.9542,6.35386,0.49897,52.2142,0.84499,71.4567,23.0427,0.0,7.12602,50.8576,1.03,2.09542,,2.94575,0.2894,15.546,27.3826,2.24,0.98756,5.794,701.598,454.140014648,3.78,0.0,4.20081,0.954,0.0,10.0719,0.0,0.14381,0.0,0.68522,0.0,10.3,142.149,0.0,13.0611,0,65.0455,0.0,556.951,1.00221,0.05864,21.6465,24.5702,1.51006,0.0,0.0,4.03046,51.0964,0.0,0.16898,0.0,0.07028,3.289,0.0,4.34416,22.3,0.0,91.409,0.0,0.0,0.0
2023-12-08 06:00:00,143.797,2097.64,9.93129,0.0,41.11,31.6622,4.41108,0.0,7.99426,2.90112,0.0,37.322,66.2052,19.4993,8.05504,5.6,5.11513,0,2379.97,0.0,0.0,28.4983,13.2045,0.59968,55.6541,0.85499,78.217,30.3799,0.0,8.06451,50.2731,1.03,5.14176,,6.85328,0.80803,16.93,18.7069,2.026,0.95827,5.778,701.061,549.200012207,5.63,0.0,4.60059,0.62,0.0,19.5076,0.0,0.15386,0.0,0.88855,0.0,10.3,142.237,4.06043,14.5992,0,63.1083,0.0,509.513,1.6907,0.08656,25.2659,19.4725,1.60039,0.0,0.0775,3.43706,73.3074,0.0,0.67741,0.77012,0.53086,2.889,0.0,4.34416,22.29,0.0,83.6504,0.0,0.0,0.0
2023-12-08 06:05:00,133.697,2093.42,13.8104,0.0,38.98,32.7926,7.43236,0.0,11.0744,4.3019,0.0,35.4818,71.0234,18.2956,10.5815,4.78,4.76283,0,2390.56,0.0,0.0,55.9165,4.02472,0.898756,57.7141,0.81499,76.0397,29.8348,0.0,9.93536,50.6515,1.03,9.05165,,10.4083,1.41161,12.938,26.2929,1.975,0.76539,6.184,683.36,494.600006104,7.2,0.0,3.30053,1.171,0.0,30.4437,0.0,0.14381,0.0,0.0,0.0,10.3,142.852,7.7409,13.8387,0,62.7127,0.0,498.599,1.80545,0.0,16.1471,17.9519,1.98004,0.0,0.0,3.72109,144.372,0.0,0.0,0.0,0.0,3.289,0.0,4.34416,22.47,0.0,79.336,0.0,0.0,0.0
2023-12-08 06:10:00,140.998,2079.79,24.582,0.0,37.09,27.2895,6.22019,0.0,9.89664,4.89929,0.0,30.6172,73.9739,20.5967,12.18,2.53,5.69778,0,2308.8,0.0,0.0,68.9231,3.45586,1.60067,60.6241,0.65499,80.4768,29.9728,0.0,11.3418,50.6822,1.03,7.19539,,8.98833,1.16204,19.299,53.6307,2.377,0.99245,7.908,679.649,591.539978027,7.29,0.0,3.30053,1.489,0.0,37.0282,0.0,0.12371,0.0,0.0,0.0,10.6,145.489,7.12749,44.7376,0,60.911,0.0,496.182,1.70779,0.0,33.9086,18.7957,3.60973,0.15808,0.0,2.01229,194.791,0.0,0.0,0.0,0.0,3.089,0.0,4.34416,22.49,0.0,78.1214,0.0,0.0,0.0
2023-12-08 06:15:00,146.197,2065.58,18.8311,0.0,35.63,29.3011,4.80293,1.99997,10.0255,5.09842,0.0,26.2409,76.7535,26.9998,8.19507,2.1,4.66798,0,2222.47,0.0,4.05585,75.9274,5.10872,1.60067,63.264,0.82499,78.7947,30.7385,0.0,13.1963,50.2147,1.25,10.56,,10.7205,1.28417,21.241,91.2025,2.427,6.48081,9.366,694.517,548.409973145,9.56,0.0,3.99939,1.58,0.0,51.1062,0.0,0.15386,0.0,0.0,0.0,10.3,145.807,7.13664,50.6935,0,58.8565,0.0,494.082,1.65652,0.0,22.0066,20.9227,4.33973,0.12573,0.0,1.22464,260.398,0.0,0.0,0.0,0.0,1.389,0.0,4.34416,22.49,0.0,77.8495,0.0,0.0,0.0
2023-12-08 06:20:00,149.396,2002.69,24.6908,0.0,39.53,26.3308,6.47288,2.49996,7.53722,4.80316,0.0,25.5619,78.5126,27.699,2.61107,1.41,3.61108,0,2137.02,0.0,2.50553,80.6306,6.06088,1.70138,73.0639,1.55498,76.6618,28.8453,0.0,14.9376,50.1255,1.25,5.16122,,15.6553,2.00989,23.314,77.2993,2.427,21.6446,9.188,686.217,611.210021973,10.89,0.0,4.49989,1.505,0.0,56.9191,0.0,0.14381,0.0,0.0,0.0,10.3,149.312,10.2769,21.0336,0,51.0817,0.0,495.792,2.21805,0.0,22.7634,20.9315,4.76943,0.0,0.0,1.29856,332.827,0.0,0.0,0.0,0.0,1.089,0.0,4.34416,22.47,0.0,79.3541,0.0,0.0,0.0
2023-12-08 06:25:00,142.694,1959.77,37.252,0.0,37.23,27.1911,10.1021,2.89996,7.92786,5.99794,0.0,21.9593,77.5433,28.0973,1.97664,1.41,6.37528,0,2058.62,0.0,1.55947,86.2099,6.34165,1.89975,79.0438,1.04498,77.8235,25.0756,0.0,8.19584,50.593,1.25,6.2679,,12.483,1.88421,26.145,89.8758,2.327,21.0904,9.38,702.159,763.700012207,13.91,0.0,5.40017,1.422,0.0,52.4727,0.0,0.12371,0.0,0.0,0.0,10.3,149.378,10.2678,14.6761,0,49.9574,0.0,502.823,4.74983,0.0,53.6232,19.7713,3.54015,0.0,0.0,1.28205,378.201,0.0,0.0,0.0,0.0,0.0,0.0,4.34416,22.37,0.0,86.9315,0.0,0.0,0.0
2023-12-08 06:30:00,140.198,1898.64,37.7007,0.0,35.87,26.942,15.4012,3.09995,15.2698,8.7995,0.0,18.558,77.4347,31.3984,2.28685,1.85,11.7546,0,2034.04,0.0,1.55337,91.0288,6.87633,1.60067,77.4238,1.81497,76.3317,24.2813,0.0,10.153,50.1839,1.25,5.1177,,7.40719,1.01866,29.102,95.8719,2.677,24.5011,9.112,688.072,807.070007324,26.5,0.0,6.19974,1.377,0.0,62.4553,0.0,0.12371,0.0,0.0,0.0,10.3,148.785,5.90982,12.275,0,48.5036,0.0,502.506,6.51255,0.0,32.8161,20.9315,2.29011,0.0,0.0,1.23693,393.399,0.99588,0.0,0.0,0.0,0.0,0.0,4.34416,22.65,0.0,87.4209,0.0,0.0,0.0
2023-12-08 06:35:00,127.895,1868.88,46.4119,0.0,33.62,28.7819,22.2898,4.69993,14.4846,11.6011,0.0,19.8123,72.1038,33.7968,3.74157,2.22,13.8684,0,1970.9,0.0,1.69375,95.7924,14.6426,1.20089,76.4438,2.22497,67.1656,26.9386,0.0,12.3976,50.7991,1.25,6.01011,,9.97528,1.18682,32.177,80.8422,2.171,8.53407,9.444,702.281,962.450012207,33.19,0.0,13.7011,1.184,0.0,53.8691,0.0,0.17395,0.0,0.0,0.0,10.3,147.983,6.54154,16.274,0,48.2985,0.0,484.268,8.41688,0.03444,53.8613,19.156,2.29011,0.0,0.0,1.34349,362.655,2.99634,0.75517,0.75218,0.0,0.0,0.0,4.34416,22.55,0.0,92.4967,0.0,0.0,0.0
2023-12-08 06:40:00,123.294,1842.44,46.0216,0.0,34.53,23.4819,13.3724,5.69991,3.99811,13.4001,0.0,24.1978,72.5432,36.0979,7.0807,2.25,18.9497,0,1896.44,0.0,2.20035,75.4038,12.9311,1.20089,70.6539,1.70497,67.7686,25.8135,0.0,10.732,50.5346,1.25,4.29338,,13.2181,1.79217,12.145,69.1764,1.769,7.29137,11.334,718.102,969.460021973,18.33,0.0,6.99931,1.083,0.0,82.1325,0.0,0.15386,0.0,0.0,0.0,10.3,149.642,9.72763,18.1112,0,55.0845,0.0,467.153,5.67514,0.57989,126.311,16.9763,2.76009,0.0,0.0,1.69664,242.847,4.9968,1.58959,1.22771,1.73913,0.0,0.0,4.34416,22.62,0.0,91.554,0.0,0.0,0.0
2023-12-08 06:45:00,120.895,1847.83,57.9111,0.0,37.64,18.1944,11.0616,6.5999,6.2247,13.5992,0.0,25.7893,72.7031,39.4964,11.6854,2.38,23.8683,0,1835.84,0.0,3.56756,100.722,9.33486,1.49996,73.4639,1.68497,65.9024,24.2448,0.0,9.33222,50.39,2.04,4.35942,,13.9835,1.91431,19.354,95.4876,1.921,6.75181,25.29,727.697,1107.92004395,18.39,0.0,6.70024,1.155,0.0,48.3332,0.0,0.13376,0.0,0.0,0.0,10.3,146.258,10.341,19.9399,0,59.4424,0.0,461.44,4.87678,0.0,120.031,13.5749,2.08991,0.0,0.0,3.6873,217.478,4.9968,2.44196,2.85768,0.9406,1.989,0.0,4.34416,22.37,0.0,83.6504,0.0,0.0,0.0
2023-12-08 06:50:00,116.598,1858.6,64.1292,0.0,38.65,16.3816,12.9,6.2999,6.42393,11.2028,0.0,23.0304,69.7844,41.8992,4.14323,1.83,34.207,0,1843.34,0.0,6.13107,90.3944,10.6532,1.60067,73.0339,1.43498,72.7833,28.37,0.0,10.4827,49.8609,2.04,8.17536,,15.3733,2.34443,25.327,101.615,2.021,18.5293,26.204,710.118,1170.43994141,12.74,0.0,8.00031,1.802,0.0,21.4081,0.0,0.14381,0.0,0.0,0.0,10.3,146.071,11.5221,20.538,0,57.117,0.0,457.582,7.62829,0.22618,106.181,12.0456,2.08991,0.0,0.0,6.54694,218.073,2.99634,0.80601,1.08415,0.28562,4.189,0.0,4.34416,22.28,0.0,84.738,0.0,0.0,0.0
2023-12-08 06:55:00,98.1989,1811.31,69.1792,0.0,38.7,13.9012,16.13,5.99991,7.338,12.1023,0.0,20.6653,70.8135,41.6957,5.10797,1.28,35.5891,0,1766.58,0.0,9.29274,83.3145,8.26795,1.89975,71.3939,1.40498,71.6471,28.789,0.0,12.009,50.2423,3.04,5.42234,,16.7631,2.36036,9.144,110.749,2.272,7.24254,22.512,700.792,1274.4699707,8.41,2.0,6.09903,1.943,0.0,28.711,0.0,0.14381,0.0,0.0,0.0,10.3,142.533,11.3024,23.0674,0,55.3811,0.0,460.121,22.6041,0.0,55.4726,13.3288,2.30964,0.0,0.0,7.97466,236.567,4.9968,0.0,0.0,0.0,6.389,0.0,4.34416,22.48,0.0,83.0884,0.0,0.0,0.0
2023-12-08 07:00:00,91.795,1796.56,39.1211,0.0,35.06,16.0718,13.2699,6.6999,7.2755,16.0025,0.0,16.524,71.0246,43.0984,8.32563,1.36,35.3587,0,1707.84,0.0,8.63966,82.3024,6.53452,3.49889,71.8539,1.28498,73.1071,29.1714,0.0,9.56672,52.0,4.05,5.31277,,15.7459,1.99927,7.117,110.417,2.624,4.18097,27.042,702.159,1325.19995117,6.51,3.5,5.50088,2.008,0.0,8.80321,0.0,0.13376,0.0,0.0,0.0,10.3,139.556,8.6656,19.9399,0,43.6805,0.0,456.24,9.39101,0.15172,42.7161,14.1198,2.55013,0.0,0.0,8.69325,227.539,9.99794,0.0,0.09421,14.0581,5.689,0.0,4.34416,22.35,0.0,75.0759,0.0,0.0,0.0
2023-12-08 07:05:00,81.5991,1857.3,16.9911,0.0,32.8,15.8123,10.0215,5.59991,6.2247,23.8991,0.0,12.9885,67.3857,45.3995,11.7309,1.8,37.4184,0,1807.01,0.0,5.35592,82.2218,7.64538,9.59945,70.2939,1.11498,67.0577,27.7781,0.0,7.66541,50.0085,4.05,4.41011,,13.7217,1.76208,8.333,113.734,2.725,4.2005,33.676,703.941,1378.39001465,7.81,6.0,6.70024,2.34,0.0,5.62408,0.0,0.14381,0.0,0.0,0.0,10.3,138.996,8.54658,20.914,0,41.5051,0.0,442.421,3.81964,0.5892,44.7181,15.3855,3.85022,0.0,0.3145,10.3695,178.622,0.0,2.98329,2.28046,1.24266,5.489,0.0,4.34416,22.43,0.0,75.7104,0.0,0.0,0.0
2023-12-08 07:10:00,79.3984,1839.16,16.8716,0.0,33.22,17.7025,6.25315,6.19991,1.83401,37.9,0.0,14.1192,62.1842,44.9968,5.42618,2.55,50.2096,0,1866.85,0.0,4.75776,82.3779,9.94522,25.6001,65.784,0.87499,66.7085,24.7018,0.0,5.01504,50.5069,5.02,3.09082,,13.0066,1.82049,9.421,114.239,3.177,4.34455,42.724,678.453,1440.40002441,8.15,9.0,8.60151,3.186,0.0,4.56182,0.0,0.14381,0.0,0.0,0.0,10.2,138.38,8.90364,25.5198,0,44.2408,0.0,416.37,2.53056,0.15172,41.2573,14.0583,5.69964,0.0,0.0,11.2701,158.132,0.0,0.52488,0.0,24.466,7.489,0.0,4.34416,22.55,0.0,66.2296,0.0,0.0,0.0
2023-12-08 07:15:00,73.2992,1836.04,14.0201,0.0,34.3,19.6429,6.42161,6.6999,0.0,36.6983,0.0,15.3063,54.9538,42.0983,1.70829,3.75,62.9195,0,1953.84,0.0,1.37026,81.2953,11.0658,13.7011,66.294,1.10498,64.4678,23.7679,0.0,5.19219,50.5346,6.04,2.38976,,11.9895,1.5603,11.526,115.034,3.479,4.3714,46.258,651.304,1510.42004395,7.76,10.75,9.19966,4.684,0.0,5.01091,0.0,0.14381,0.0,0.0,0.0,10.5,134.348,7.16411,49.4118,0,46.3319,0.0,406.189,2.13016,0.11635,50.9682,13.7683,7.96045,0.0,0.0,12.6136,188.281,0.0,0.39329,0.11514,0.13907,9.489,0.0,4.34416,22.82,0.0,59.8124,0.0,0.0,0.0
2023-12-08 07:20:00,69.4976,1817.43,19.8612,0.0,42.47,16.233,13.2918,7.19989,0.0,46.4008,0.0,14.2535,51.9741,35.4961,4.09485,3.65,76.1036,0,1875.27,0.0,3.75067,79.6084,8.63661,9.40108,64.274,1.44498,60.4243,21.6486,0.0,5.54982,49.1287,7.05,1.48723,,9.8645,1.32311,8.507,102.831,3.529,4.04669,43.354,603.33,1480.32995605,7.68,12.25,8.29938,4.477,0.0,5.56627,0.0,0.14381,0.0,0.0,0.0,10.5,134.315,6.31266,72.21,0,42.2779,0.0,400.916,3.66827,0.0,48.5084,12.8278,9.0701,0.0,0.0,14.5198,297.45,0.0,0.0,0.0,0.0,9.189,0.0,4.34416,22.3,0.0,57.6189,0.0,0.0,0.0
2023-12-08 07:25:00,59.4971,1864.65,24.0403,0.0,42.71,16.4926,28.0613,8.09988,0.0,22.9034,0.0,14.3008,51.2734,33.5977,4.93542,2.24,122.282,0,1841.56,0.0,4.26947,80.0716,13.539,11.5984,61.3041,1.35498,60.9765,24.9105,0.0,5.27386,49.6271,9.16,1.82445,,8.51499,1.14611,6.779,103.453,4.395,5.45541,43.644,595.517,1424.2199707,9.35,9.0,11.0002,3.488,0.0,7.69371,0.0,0.15386,0.0,0.0,0.0,10.5,128.976,6.43168,27.8953,0,38.5754,0.0,399.915,9.33974,0.18151,91.9905,10.3493,9.58037,0.0,0.0625,12.2117,270.396,28.9936,1.4909,1.46099,11.2797,9.189,0.0,4.34416,22.56,0.0,48.8089,0.0,0.0,0.0
2023-12-08 07:30:00,46.3973,1858.06,30.1815,0.0,39.06,15.0901,18.5397,10.9998,0.0,21.7979,0.0,14.7738,55.3933,24.3979,4.28493,2.5,108.813,0,1887.97,0.0,11.5206,51.2133,16.5078,21.6999,59.6741,1.89497,54.6542,24.3765,0.0,6.49677,50.5346,10.06,3.33197,,9.23003,1.14434,6.602,107.354,6.128,6.63462,44.554,568.197,1248.80004883,11.73,7.5,15.7,4.16,0.0,9.41922,0.0,0.12371,0.0,0.0,0.0,10.5,134.755,6.62394,19.6579,0,34.591,0.0,399.915,6.39292,0.0,95.5673,8.84633,10.7498,0.0,0.0,13.5782,259.812,20.9918,0.0,0.0015,0.0,7.189,0.0,4.34416,22.31,0.0,38.186,0.0,0.0,0.0
2023-12-08 07:35:00,41.695,1867.48,78.3392,0.0,36.31,16.6307,11.8123,13.7998,0.0,24.7024,0.0,14.6899,47.9152,13.7997,3.11142,2.02,83.7458,0,1979.16,0.0,17.6486,56.9336,14.8183,27.2999,56.4641,2.45496,45.1071,26.5292,0.0,8.2688,50.7099,18.22,6.1952,,10.9622,1.37267,7.526,112.739,6.232,6.29282,47.274,579.403,1291.05004883,14.53,8.0,11.0002,8.393,0.0,14.9107,0.0,0.14381,0.0,0.0,0.0,10.5,138.468,7.10002,15.4025,0,26.7649,0.0,399.28,4.76204,1.27985,75.9197,8.02893,11.6898,1.29274,0.1365,13.7078,164.221,16.9995,2.28644,0.0015,0.0,8.189,0.0,4.34416,22.35,0.0,40.7602,0.0,0.0,0.0
2023-12-08 07:40:00,38.0967,1829.35,82.6191,0.0,33.54,13.1015,8.42115,11.0998,0.0,63.8968,0.0,13.8399,42.0838,7.69749,3.00749,1.97,82.0114,0,2020.49,0.0,14.1634,61.1282,12.3964,27.0985,51.6742,3.16495,41.0382,22.9657,0.0,7.32493,51.0914,13.14,9.26157,,21.4461,2.50373,7.144,113.976,6.681,6.17563,49.194,546.102,1520.9699707,14.97,7.75,9.30037,9.744,0.0,16.3928,0.0,0.14381,0.0,0.0,0.0,10.3,137.721,7.79583,12.9158,0,23.9451,0.0,397.107,3.26787,0.0,49.4972,6.94786,12.3698,0.0,0.0,17.4664,138.604,16.9995,0.0,3.46181,10.9507,8.189,0.0,4.34416,22.43,0.0,33.0378,0.0,0.0,0.0
2023-12-08 07:45:00,32.3967,1819.36,81.0606,0.0,29.33,14.7133,12.6803,13.1998,0.0,126.897,0.0,13.0755,38.3838,10.2995,3.9401,3.09,67.6213,0,2110.65,0.0,12.4117,37.109,15.6069,15.1995,47.1543,1.58498,43.8757,22.0834,0.0,6.67418,50.5653,16.83,9.4336,,21.154,3.84366,6.036,104.479,5.529,5.94369,49.01,566.073,1586.29003906,17.33,8.0,12.3003,5.662,0.0,11.4312,0.0,0.14381,0.0,0.0,0.0,10.5,141.193,18.8556,13.9925,0,22.6889,0.0,410.974,5.44076,1.71733,41.4893,7.36974,13.1303,0.0,0.0,22.7584,139.455,24.9927,1.56567,1.62847,0.0,10.789,0.0,4.34416,22.38,0.0,33.9985,0.0,0.0,0.0
2023-12-08 07:50:00,36.7958,1789.04,82.7094,0.0,24.15,14.6401,9.65164,9.89985,0.0,134.403,0.0,16.7315,30.8348,8.69757,3.63098,2.7,88.6645,0,2191.76,0.0,6.91844,39.818,38.6566,7.3991,49.6343,1.50498,40.4923,21.516,0.0,7.21203,50.6238,30.52,6.42432,,25.3536,4.69682,5.987,96.5089,5.101,6.14878,49.094,574.765,1500.98999023,18.04,9.75,42.1012,6.752,0.0,12.0486,0.0,0.17395,0.0,0.0,0.0,10.5,140.808,27.8737,13.3089,0,22.2934,0.0,400.476,2.42802,1.92769,29.752,6.30625,13.9103,0.0,4.92342,36.9644,150.222,40.9963,0.85686,1.01238,0.0015,13.089,0.0,4.34416,22.53,0.0,27.7264,0.0,0.0,0.0
2023-12-08 07:55:00,37.6957,1738.89,73.9291,0.0,20.18,12.3208,6.47288,12.2998,0.0,132.597,0.0,19.8962,25.023,6.0956,2.2679,2.01,203.46,0,2261.26,0.0,4.55024,37.5521,28.2487,7.8996,48.7143,3.09495,38.0294,22.1746,0.0,8.07859,50.067,25.44,4.32998,,28.4756,6.75007,8.415,89.0809,5.382,5.9559,49.87,557.992,1333.20996094,19.65,12.0,25.7008,10.314,0.0,18.8734,0.0,0.14381,0.0,68.7,0.0,10.2,142.039,45.9098,14.5309,0,21.5024,0.0,432.02,2.13016,2.48431,26.273,7.42248,12.9606,0.0,1.43648,44.4191,203.113,80.9968,0.0,0.0,0.0,14.589,0.0,4.34416,22.45,0.0,27.3638,0.0,0.0,0.0
2023-12-08 08:00:00,37.1952,1699.81,82.6404,0.0,14.97,14.1503,8.38087,21.1997,1.90042,135.7,0.0,21.4801,24.2051,6.29915,2.79322,0.92,166.848,0,2310.31,0.0,4.69062,30.4621,20.1675,9.49874,45.3943,7.08489,29.7837,17.8082,0.0,11.9429,50.4761,28.57,3.3655,,51.7194,12.2071,12.201,97.3249,4.456,5.06966,50.516,566.513,1290.47998047,22.69,13.0,15.3002,4.502,0.0,26.1304,0.0,0.1639,0.0,60.8,0.0,10.2,144.544,67.0863,17.3336,0,20.5063,0.0,485.025,2.0032,2.66674,26.9566,10.0768,13.1999,0.0,0.0325,68.1533,221.927,91.9993,0.0,0.0,0.0,30.289,0.0,4.34416,22.61,0.0,20.6565,0.0,0.0,0.0
2023-12-08 08:05:00,32.9974,1710.43,82.4811,0.0,15.46,13.1622,13.6617,23.8996,0.0,74.2996,0.0,14.4015,25.7029,9.39673,3.8487,2.19,260.14,0,2322.45,0.0,8.69459,30.5679,22.4478,26.9001,45.1743,5.44492,32.9321,14.3367,0.0,17.2093,50.7991,44.9,5.08314,,95.246,13.2532,13.756,100.273,4.306,5.02327,51.306,563.29,1186.10998535,29.21,11.75,16.8017,8.405,0.0,28.3462,0.0,0.14381,0.0,30.7,0.0,10.5,141.512,73.5225,19.6408,0,16.9979,0.0,497.134,3.21904,1.9463,30.8568,7.73889,11.1905,0.0,5.16642,71.4383,297.56,78.9963,0.73722,0.28562,0.0,52.489,0.0,4.34416,22.55,0.0,20.3484,0.0,0.0,0.0
2023-12-08 08:10:00,38.3983,1702.81,82.7306,0.0,18.83,11.1632,14.8519,25.8996,0.0,55.8972,0.0,9.67117,29.7826,8.8967,6.54438,2.62,250.099,0,2401.48,0.0,16.0128,39.9691,34.8601,18.6999,40.1944,6.4449,41.1334,10.5194,0.0,24.8883,50.2147,33.65,7.94726,,131.673,27.7871,18.186,102.321,4.814,6.00229,51.918,571.542,1023.11999512,29.95,11.75,44.6006,10.343,0.0,40.446,0.0,0.14381,0.0,1.2,0.0,10.2,138.073,84.6281,22.7341,0,17.6352,0.0,539.665,4.97688,0.20385,35.8801,7.09728,11.4505,4.92073,0.0255,39.3912,359.927,127.999,0.63554,0.49497,10.9298,52.489,0.0,4.34416,22.58,0.0,20.6203,0.0,0.0,0.0
2023-12-08 08:15:00,35.193,1705.93,82.6112,0.0,20.96,11.3537,7.52026,30.8995,0.0,52.9034,0.0,8.28489,34.5934,7.09567,5.80762,2.27,154.247,0,2467.59,0.0,18.912,44.7629,55.1778,7.3991,35.1145,7.91488,39.6227,7.12172,0.0,41.0829,50.2147,38.81,10.5277,,119.718,18.6129,13.629,81.2107,7.404,7.7821,51.034,578.647,970.210021973,33.88,11.5,41.8021,5.91,0.0,39.8445,0.0,0.14381,0.0,38.1,0.0,10.3,136.842,80.1694,28.314,0,18.0124,0.0,600.116,3.09941,3.00742,43.6011,5.11092,10.2701,9.4667,0.1335,81.4735,382.806,135.992,1.42809,0.0,0.16001,51.789,0.0,4.34416,22.64,0.0,25.1703,0.0,0.0,0.0
2023-12-08 08:20:00,32.4945,1688.48,82.6988,0.0,27.61,12.2517,7.78027,33.0995,0.0,79.9989,0.0,10.3296,32.2838,12.0961,5.06547,2.11,92.2959,0,2427.21,0.0,23.4958,46.4951,45.4194,5.00038,34.1945,7.02489,39.6861,6.19733,0.0,30.1056,50.593,40.96,14.506,,55.9794,15.1649,11.367,74.7671,6.401,9.7377,49.014,563.558,1239.95996094,33.46,13.75,26.2989,5.506,0.0,61.6456,0.0,0.17395,0.0,39.8,0.0,10.3,135.304,54.1405,32.7831,0,18.027,0.0,561.125,2.96025,0.0,53.5988,5.46249,11.0404,8.25879,0.0,59.1278,382.962,170.0,0.01645,0.0,0.0,42.289,0.0,4.34416,22.55,0.0,24.1552,0.0,0.0,0.0
2023-12-08 08:25:00,32.9962,1671.44,82.6112,0.0,30.32,12.9822,10.8418,12.5998,0.0,27.4971,0.0,11.1872,33.153,11.596,4.0233,2.42,83.9762,0,2401.09,0.0,15.9579,37.0536,31.9084,5.50088,31.3645,9.06486,39.026,7.77316,0.0,32.2775,50.3316,50.41,12.4452,,39.0803,5.63671,17.543,72.2139,9.251,11.2685,47.91,569.906,1229.43994141,21.4,17.75,18.3001,5.77,0.0,27.9229,0.0,0.13376,0.0,40.2,0.0,10.3,135.139,26.4546,37.4658,0,17.4118,0.0,535.929,4.31769,3.1005,59.8062,4.82966,10.2603,9.00588,0.0,88.703,375.244,146.995,1.64343,0.0,0.81498,40.089,0.0,4.34416,22.69,0.0,27.8714,0.0,0.0,0.0
2023-12-08 08:30:00,29.4939,1618.14,82.4598,0.0,30.0,10.6211,17.203,10.4998,0.0,15.5974,0.0,12.575,29.5347,7.69749,3.18643,3.25,69.6809,0,2406.6,0.0,13.2723,35.6235,49.7017,5.29946,31.8845,9.51486,30.5581,10.2718,0.0,30.7005,49.8609,29.8,5.4615,,27.398,3.65072,18.697,48.6611,7.947,11.4589,47.218,537.508,1445.45996094,19.93,22.0,45.5009,14.197,0.0,17.7978,0.0,0.14381,0.0,37.9,0.0,10.3,136.546,17.8668,48.1215,0,14.3502,0.0,536.052,6.85924,3.71482,130.236,5.1285,9.34965,9.55398,0.0,70.2996,369.897,147.995,0.0,0.0,0.0,50.789,0.0,4.34416,22.39,0.0,27.5813,0.0,0.0,0.0
2023-12-08 08:35:00,32.9959,1638.45,81.889,0.0,29.42,17.422,22.8611,11.0998,0.0,14.6017,0.0,13.9559,21.1045,6.29915,3.17581,2.97,55.9548,0,2420.86,0.0,11.1665,39.5159,69.763,4.89967,32.5145,3.32495,28.1269,12.7617,0.0,28.8072,50.0362,50.37,3.86163,,35.1124,4.15164,13.559,53.0779,6.573,11.9936,48.076,568.783,1374.10998535,23.06,28.0,49.5994,6.175,0.0,16.6488,0.0,0.12371,0.0,58.0,0.0,10.3,137.282,18.1506,49.8647,0,15.1046,0.0,571.014,10.5898,2.52712,168.396,5.52401,8.13013,9.09255,0.0,37.929,365.255,95.9915,1.04228,0.0,0.0,32.689,0.0,4.34416,22.64,0.0,22.6868,0.0,0.0,0.0
2023-12-08 08:40:00,35.2995,1628.3,81.6208,0.0,33.03,22.0522,22.1323,14.0998,0.0,16.4008,0.0,12.9442,17.1139,5.09995,3.58118,2.35,69.2338,0,2399.62,0.0,9.52468,67.2261,61.5402,6.40116,30.3945,5.15492,24.6864,11.9976,0.0,46.5142,49.8024,42.09,6.19418,,34.2866,6.88106,18.834,54.8362,5.058,13.2705,48.78,567.684,1297.34997559,18.32,33.5,45.2018,12.218,0.0,13.2631,0.0,0.13376,0.0,79.9,0.0,10.3,43.7537,20.6775,69.9883,0,14.2879,0.0,601.971,9.29335,3.53425,123.558,4.44294,8.81008,8.15869,0.0,25.3379,370.391,45.9975,0.02542,6.14154,0.0,28.589,0.0,4.34416,22.58,0.0,20.7653,0.0,0.0,0.0
2023-12-08 08:45:00,39.2991,1598.97,81.9209,0.0,37.38,18.2007,23.2712,23.1996,0.0,18.5019,0.0,15.3307,12.9647,4.49813,4.09434,1.88,77.96,0,2360.14,0.0,13.1563,73.4802,62.8733,8.5008,27.6246,9.79485,28.9711,13.1251,0.0,31.2689,52.0,41.03,9.32147,,50.1886,7.36605,23.172,59.7374,4.807,19.0982,49.452,550.887,1404.38000488,18.72,40.0,45.9007,7.89,1.49691,14.5648,0.0,0.15386,0.0,97.8979,0.0,10.3,44.2591,35.7565,73.9104,0,13.4676,0.0,597.894,11.2319,0.0,107.951,2.80815,10.2005,4.3122,0.0,23.1957,385.873,37.9957,0.0,0.0,0.02841,13.189,0.0,4.34416,22.54,0.0,30.373,0.0,0.0,0.0
2023-12-08 08:50:00,36.3967,1571.92,81.7589,0.0,33.04,19.7727,29.962,29.2995,0.0,21.997,0.0,22.2644,14.515,5.49821,3.78534,3.42,95.7647,0,2291.69,0.0,14.6395,70.1719,61.5622,20.0,26.2846,3.49495,26.7558,8.74675,0.0,32.3605,50.0085,20.94,9.88877,,47.8723,7.43862,15.881,59.0951,4.706,20.397,50.182,540.584,1238.16003418,20.93,85.25,44.7013,6.215,1.18563,20.608,0.0,0.17395,18.97,236.298,0.0,10.3,43.1385,36.6354,72.2185,0,14.2806,0.0,599.506,10.8778,0.0,166.4,0.88331,12.6701,3.41314,0.0,19.3178,385.882,39.9961,0.0,0.0,0.0,11.489,0.0,4.34416,22.39,0.0,28.1614,0.0,0.0,0.0
2023-12-08 08:55:00,42.9979,1566.43,81.7801,0.0,35.39,30.2619,75.9588,16.7997,0.0,19.6006,0.0,23.6469,22.1933,5.49821,3.78534,3.68,47.8925,0,2237.66,0.0,16.556,77.8359,61.7356,18.8006,32.3945,6.8449,27.9047,8.62614,0.0,34.4945,50.8299,50.47,29.3202,,40.8125,5.45971,12.414,61.1535,4.807,13.3095,50.724,562.338,1391.51000977,22.24,62.5,44.7013,6.161,0.0,29.8582,0.0,0.14381,126.48,141.823,0.0,10.2,43.9954,30.2724,75.2178,0,12.2664,0.0,559.636,40.8832,0.0,150.732,1.02394,14.0397,4.53437,0.0,17.8545,385.159,68.994,0.0,0.0,0.0,13.389,0.0,4.34416,22.6,0.0,23.3032,0.0,0.0,0.0
2023-12-08 09:00:00,35.4959,1529.32,80.7208,0.0,32.34,22.3704,88.8386,15.3998,0.0,29.7013,0.0,19.3622,27.2142,7.59571,2.21389,2.52,51.009,0,2149.35,0.0,14.023,77.5136,60.7224,9.0013,35.8445,7.66488,20.7127,9.33074,0.0,85.0821,50.1839,44.18,26.2277,,50.531,5.73584,14.023,85.1432,5.261,13.7417,51.296,537.826,1553.88000488,19.87,52.25,45.0004,7.018,0.0,36.5277,0.0,0.08352,115.1,96.2034,0.0,10.4,44.4129,30.3914,71.7827,0,12.7205,0.0,534.806,46.5229,0.0,166.76,1.7886,12.6701,5.16609,0.0,22.9519,385.635,129.999,0.0,0.0,0.0,15.789,0.0,4.34416,22.51,0.0,22.5418,0.0,0.0,0.0
2023-12-08 09:05:00,37.7976,1541.92,81.4111,0.0,31.94,25.3825,89.5491,15.4998,0.0,35.9979,0.0,16.7315,26.1631,12.6979,1.70118,3.17,54.6675,0,2077.72,0.0,17.8134,76.3655,63.0881,8.69917,36.1945,9.26486,23.3216,11.9381,0.0,70.3816,52.0,33.85,29.5608,,81.1165,7.51119,16.293,108.912,6.877,23.1095,51.772,561.141,1458.97998047,20.46,55.5,45.6992,15.323,0.0,79.0934,0.0,0.14381,0.22,65.74,0.0,10.4,44.9732,49.6086,74.2437,0,11.8709,0.0,577.874,43.8349,0.0,166.027,3.30034,10.8194,6.1738,0.0655,26.6936,368.258,83.9975,0.18094,0.0643,0.0,19.989,0.0,4.34416,22.57,0.0,21.7623,0.0,0.0,0.0
2023-12-08 09:10:00,33.9963,1554.34,82.189,0.0,35.68,20.273,93.7716,15.8998,0.0,20.3971,0.0,18.1201,33.4935,14.5962,1.60115,2.16,51.3478,0,2010.5,0.0,24.1856,76.3252,60.3513,8.5008,34.7545,8.79487,29.7646,11.8016,0.0,85.0084,50.4484,23.43,26.7039,,84.0169,10.0972,18.604,114.982,10.81,29.1716,52.458,571.664,1221.48999023,24.11,42.5,45.1011,13.379,2.57725,59.7057,0.0,0.14381,0.0,32.2823,0.0,10.1,44.2811,157.166,74.7906,0,14.4271,0.0,531.974,47.0332,3.33878,165.978,2.9312,11.8497,4.02411,0.0905,27.8251,298.027,44.9972,1.24266,0.36039,15.4757,17.489,0.0,4.34416,22.47,0.0,25.0797,0.0,0.0,0.0
2023-12-08 09:15:00,34.1974,1537.28,79.0799,0.0,38.09,19.3917,90.3511,16.0998,0.0,12.5006,0.0,19.1882,26.6526,14.9989,1.90291,4.09,43.0281,0,1923.22,0.0,27.097,76.3957,58.5031,26.2989,34.8245,9.31486,25.6513,8.8015,0.0,84.9797,50.4177,19.43,9.55443,,78.347,11.7912,24.562,108.722,6.249,24.6598,52.828,551.522,1310.5,27.84,88.5,43.4012,15.154,1.81735,77.4029,0.0,0.1639,0.0,181.594,0.0,10.4,43.534,81.4786,73.9104,0,13.8778,0.0,572.747,46.6157,0.0,165.991,2.45658,14.1203,2.66423,4.14044,33.5729,265.644,30.994,0.0,0.0,0.0,19.389,0.0,4.34416,22.52,0.0,29.3216,0.0,0.0,0.0
2023-12-08 09:20:00,43.7988,1525.88,82.2607,0.0,42.13,22.2113,40.9302,19.1997,0.0,10.9968,0.0,19.2554,32.1337,15.1981,0.3961,4.72,37.1745,0,1844.46,0.0,12.9732,75.0764,61.0056,24.3,39.0044,9.31486,36.4869,9.19268,0.0,84.5332,50.4177,16.34,14.7348,,81.902,11.839,42.368,110.044,9.504,18.6514,53.062,562.094,1489.06005859,26.55,73.5,44.2008,10.057,2.97093,74.972,0.0,0.1639,0.0,174.174,0.0,10.4,41.2708,79.0249,74.7393,0,13.4859,0.0,601.019,46.7353,0.0,107.256,2.73783,11.2101,4.59113,0.0,34.9798,261.57,26.9931,0.0,0.0,0.0,18.089,0.0,4.34416,22.53,0.0,22.5418,0.0,0.0,0.0
2023-12-08 09:25:00,36.4978,1520.14,82.12,0.0,45.37,22.5106,35.6603,20.1997,0.0,10.7015,0.0,31.0063,46.7823,15.6981,2.99366,5.33,36.9983,0,1782.01,0.0,39.4263,74.7643,61.3132,27.0985,46.7543,9.33486,37.5914,7.04079,0.0,72.5565,50.39,15.33,12.1032,,101.702,13.6709,45.367,85.2011,12.047,16.4028,52.798,561.727,1452.2199707,24.94,99.0,44.4999,7.278,2.2385,31.6842,0.0,0.14381,0.0,325.154,0.0,10.4,40.9741,82.9069,61.4347,0,17.1444,0.0,594.33,15.248,0.0,151.244,1.47219,9.43999,4.30854,3.72944,35.8789,238.737,26.9931,0.04636,1.93652,0.02243,14.489,0.0,4.34416,22.58,0.0,26.8925,0.0,0.0,0.0
2023-12-08 09:30:00,36.0977,1541.06,70.581,0.0,42.24,20.0825,49.7194,31.1995,0.0,10.9007,0.0,33.5012,49.0346,20.1984,4.66995,4.43,37.0796,0,1710.35,0.0,46.3905,75.0664,62.0993,20.3998,53.4842,9.66485,36.5631,8.33335,0.0,52.8937,50.1255,7.25,18.9839,,136.759,13.9099,43.195,88.9019,12.81,16.7446,53.1,566.146,1511.39001465,20.5,98.0,44.7013,6.221,2.43076,50.0661,0.0,0.14381,0.0,356.256,0.0,10.4,41.4905,87.0176,57.9568,0,20.5063,0.0,654.366,20.7657,0.20571,148.833,0.7339,9.44975,3.75494,2.09947,18.007,242.06,19.9915,0.69834,0.0,0.22281,12.989,0.0,4.34416,22.53,0.0,30.4999,0.0,0.0,0.0
2023-12-08 09:35:00,35.9975,1474.75,81.9899,0.0,45.12,16.6014,20.9604,41.3994,0.0,34.8993,0.0,34.4671,48.6744,24.6988,4.34355,6.81,88.6509,0,1612.18,0.0,61.2039,76.5015,54.5724,27.2999,59.2441,9.85485,36.2012,8.89671,0.0,58.6609,49.9501,13.34,10.3521,,93.6146,12.9753,44.98,89.5652,9.461,16.4126,52.916,537.63,1385.45996094,26.24,92.5,44.1001,7.919,4.15198,29.982,0.0,0.14381,109.23,346.628,0.0,10.4,41.4575,72.5246,62.1439,0,26.5965,0.0,712.058,10.7216,0.0,160.723,0.0,9.81964,1.05714,0.0,21.1139,239.057,32.9945,0.0,0.0,2.40607,25.089,0.0,4.34416,22.55,0.0,36.047,0.0,0.0,0.0
2023-12-08 09:40:00,47.2959,1481.69,81.9394,0.0,43.35,18.2111,9.36233,38.9994,0.0,0.0,0.0,32.3522,51.3039,19.5966,4.55066,6.93,90.4125,0,1540.77,0.0,42.1485,76.7079,60.3073,27.0008,49.2143,9.88485,33.2178,12.0277,0.0,73.769,50.3316,14.34,12.1902,,87.6727,12.3576,43.371,108.417,5.376,16.752,52.9,554.208,1552.48999023,26.3,83.75,33.1014,4.768,4.40833,3.91963,0.0,0.17395,118.8,341.588,0.0,10.4,40.7215,73.5134,54.3935,0,33.2579,0.0,773.705,2.09354,0.0,81.2665,0.0,10.3494,2.46281,3.33445,22.5925,207.681,38.9959,0.0,0.0,0.0,19.089,0.0,4.34416,22.44,0.0,30.8081,0.0,0.0,0.0
2023-12-08 09:45:00,48.3931,1488.62,81.9209,0.0,45.42,14.9729,22.103,42.8993,0.0,38.6004,0.0,41.8372,55.7852,19.5966,3.90656,10.88,98.1902,0,1473.9,0.0,25.1804,75.8569,56.174,23.5004,54.6742,9.86485,33.6114,13.5163,0.0,59.6111,50.4177,15.34,11.0177,,89.9991,12.4001,33.403,114.987,5.507,18.1851,52.9,584.213,1401.33996582,26.22,90.25,25.8991,4.558,7.07256,26.6451,0.0,0.12371,121.82,248.452,0.0,10.4,40.1062,77.3587,54.0261,0,41.3111,0.0,826.832,9.34218,0.08284,91.6976,0.0,9.96002,1.46303,0.0,28.1969,199.67,31.9943,0.78209,0.0,0.05533,40.889,0.0,4.34416,22.6,0.0,27.0375,0.0,0.0,0.0
2023-12-08 09:50:00,56.4969,1474.68,79.9189,0.0,50.36,14.0623,19.2904,48.1993,0.0,42.5967,0.0,45.948,60.5631,16.8973,3.69728,7.49,143.583,0,1500.17,0.0,29.4896,77.2115,38.5516,22.6001,54.5142,9.86485,28.9585,12.6966,0.0,68.0223,50.5653,23.5,5.73184,,97.3307,14.2515,23.421,93.8188,6.033,25.2628,53.114,619.126,1261.59997559,26.23,90.0,25.8991,6.716,7.45708,22.5037,0.0,0.14381,122.92,150.507,0.0,10.4,38.678,100.348,53.2998,0,55.9084,0.0,880.74,9.49599,0.04002,142.284,0.0,10.1895,3.9472,0.0,36.6244,196.695,30.994,0.0,0.0,0.02841,24.989,0.0,4.34416,22.54,0.0,26.4937,0.0,0.0,0.0
2023-12-08 09:55:00,59.1984,1457.15,35.0695,0.0,60.66,5.54916,16.4999,46.6993,0.0,0.0,0.0,46.6453,53.384,17.1982,3.80838,8.03,97.6075,0,1437.47,0.0,27.8904,76.6324,40.0995,15.8007,56.0242,9.89485,37.4517,9.50451,0.0,83.8697,51.1221,19.48,5.14714,,102.165,19.4873,25.144,72.9298,4.876,29.2082,53.114,616.123,1054.81994629,26.21,95.0,26.1006,9.016,7.62188,24.8525,0.0,0.17395,121.07,279.578,0.0,10.4,39.0735,100.732,44.4215,0,56.802,0.0,934.867,9.78653,0.0,113.439,0.0,10.3494,2.31632,3.42145,38.2444,196.841,29.9938,0.0,51.3919,19.8273,24.889,0.0,4.34416,22.43,0.0,26.6931,0.0,0.0,0.0
2023-12-08 10:00:00,58.599,1466.4,47.8616,0.0,66.03,8.91089,16.7599,35.3995,0.0,63.4985,0.0,41.7243,45.1038,16.0964,7.25171,4.64,98.8812,0,1439.82,0.0,20.8102,77.2165,36.4227,27.0985,47.7643,6.07491,34.2398,10.859,0.0,84.9879,50.067,19.51,5.32762,,125.6,14.7224,19.004,70.224,4.624,29.5158,53.028,602.206,776.510009766,26.21,100.0,28.3009,7.243,7.43877,32.0751,0.0,0.12371,235.78,414.29,0.0,10.4,34.3713,93.7652,41.5845,0,67.2319,0.0,949.467,10.0917,0.02885,78.1476,0.0,12.1,3.95819,9.59135,31.5627,196.539,19.9915,0.65049,0.0,0.0015,28.789,0.0,4.34416,22.68,0.0,26.8018,0.0,0.0,0.0
2023-12-08 10:05:00,68.2941,1463.57,64.1398,0.0,74.28,5.34193,17.8732,44.3993,0.0,84.5994,0.0,33.698,41.5039,10.8968,7.3792,4.23,98.5018,0,1510.74,0.0,23.6423,77.9014,37.1136,16.3012,44.5743,6.2549,31.4214,14.3701,4.4,61.8066,52.0,19.51,8.43315,,56.1506,8.30417,20.166,61.8063,5.078,29.4841,52.678,634.189,790.849975586,26.25,96.25,28.0995,8.787,6.97185,29.3005,0.0,0.14381,253.77,453.681,0.0,10.4,31.2621,37.6425,42.721,0,67.0048,0.0,994.635,10.1088,2.14736,52.8481,0.0,0.20997,0.0,0.2995,32.7014,193.738,19.0,0.0,0.0,0.0,30.589,0.0,4.34416,22.6,0.0,2.14813,0.0,0.0,0.0
2023-12-08 10:10:00,69.7936,1458.42,81.8996,0.0,83.14,6.6031,22.4509,47.9993,0.0,100.303,0.0,34.0337,42.024,12.1978,7.48877,4.59,175.845,0,1530.64,0.0,22.8916,77.2367,35.9564,13.4997,43.7143,9.46486,27.7333,10.4043,0.0,78.0288,50.5069,26.65,8.33229,,25.7363,3.63125,39.193,62.7591,6.197,29.2937,52.124,662.071,0.0,26.22,101.0,24.8005,10.399,5.47036,29.7456,0.0,0.14381,999.13,463.136,0.0,10.4,25.6919,20.3479,44.7889,0,64.6903,-3.70184,1059.04,11.332,0.0,44.9561,0.0,0.0,0.8954,0.0,70.0088,194.626,19.0,0.0015,0.01944,0.0,36.289,0.0,4.34416,22.48,0.0,23.9377,0.0,0.0,0.0
2023-12-08 10:15:00,66.095,1453.76,81.7005,0.0,81.53,3.50198,32.3204,46.6993,0.0,73.5031,0.0,38.3749,42.8846,13.8971,8.01126,3.74,170.059,0,1533.76,0.0,28.3787,77.6697,33.4295,23.3997,43.3144,9.88485,27.6635,8.9102,0.0,78.9463,50.0947,25.63,8.8279,,34.8606,4.1959,41.009,62.917,6.006,29.3889,51.946,629.746,0.0,26.29,101.0,23.7018,8.53,7.9057,23.4118,0.0,0.12371,997.82,470.624,0.0,10.4,21.8357,21.4649,52.7785,0,62.1854,38.4619,1088.63,15.2847,0.0,40.8972,0.0,0.2002,4.00336,9.34636,85.631,194.434,19.0,0.0,0.0,0.0,32.189,0.0,4.34416,22.59,0.0,22.0342,0.0,0.0,0.0
2023-12-08 10:20:00,46.9954,1421.21,81.5093,0.0,0.01,4.61139,20.9128,45.3993,0.0,73.9975,0.0,38.6938,0.0,6.89654,8.1175,8.46,217.254,0,1517.94,0.0,43.5523,76.8842,32.5139,27.0985,35.7845,3.07495,23.9056,15.7467,0.0,47.9969,48.7196,26.66,8.33101,,34.78,4.74461,45.776,61.1377,5.352,28.5368,52.04,573.812,0.0,26.32,99.5,23.2013,5.581,10.4601,23.3391,0.0,0.12371,978.5,453.864,0.0,10.4,22.5058,21.4557,56.5298,0,57.9336,80.058,1115.51,9.66445,0.0,41.9837,0.0,0.2002,4.56428,9.73835,83.0095,195.477,19.9915,0.0,0.0,0.0,32.089,0.0,4.34416,22.34,0.0,22.9225,0.0,0.0,0.0
2023-12-08 10:25:00,58.6967,1459.86,81.35,0.0,0.0,6.66381,18.3822,51.0992,0.0,136.298,0.0,0.0,0.09827,13.0961,10.2779,7.61,214.476,0,1551.02,0.0,29.1478,77.0201,33.8592,27.0985,0.0,0.0,0.0,12.9378,0.0,68.4565,47.4307,23.62,11.479,,43.2699,5.8031,39.979,63.2803,4.901,28.8371,52.012,567.147,146.800003052,26.25,100.0,24.8005,5.529,8.84871,27.8268,0.0,0.12371,1040.26,379.939,0.0,10.4,21.4841,31.5084,61.3834,0,55.458,79.8566,1102.91,5.75814,0.07726,46.3661,0.6548,0.2002,4.70832,0.0,43.7985,238.379,19.9915,1.41015,0.53983,0.50993,31.589,0.0,4.34416,22.39,0.0,1.94873,0.0,0.0,0.0
2023-12-08 10:30:00,48.7974,1423.73,81.2013,0.0,0.0,5.03318,18.0124,30.4995,0.0,118.5,0.0,0.0,0.31922,12.897,12.4027,5.85,186.468,0,1454.0,0.0,12.723,76.9144,34.555,27.0985,0.0,0.0,0.0,11.1081,0.0,72.1715,44.1176,21.87,12.5445,,78.8808,6.5005,40.959,56.8262,6.936,29.2522,52.124,594.223,0.0,26.28,99.75,27.8004,6.786,8.72969,30.628,0.0,0.17395,1225.84,323.852,0.0,10.4,21.3193,38.4115,63.87,0,46.6212,79.4781,1047.59,6.14145,0.0,54.4289,0.0,0.20997,4.62226,0.0,42.5472,358.132,43.997,0.0,0.0015,0.0,28.189,0.0,4.0012,22.65,0.0,0.0,0.0,0.0,0.0
2023-12-08 10:35:00,52.7989,1415.79,74.9513,0.0,0.0,4.3916,16.5219,32.2995,0.0,97.7008,0.0,0.0,0.3888,13.2997,17.7838,9.88,176.441,0,1468.16,0.0,13.846,77.1611,41.6742,27.0985,0.0,0.0,0.0,12.6205,0.0,70.23,43.3854,23.98,12.5163,,74.8322,10.6955,32.545,56.2681,5.78,28.6784,52.038,621.518,0.0,26.24,100.25,24.4007,6.806,6.24857,36.7706,0.0,0.14381,1243.47,331.487,0.0,10.5,20.8689,62.2888,57.3587,0,54.1213,79.8077,995.416,6.68833,0.0,60.5997,0.0,0.2002,4.70283,0.0,39.9319,382.651,95.9915,0.0,0.0,0.0,26.689,0.0,4.0012,22.54,0.0,0.0,0.0,0.0,0.0
2023-12-08 10:40:00,54.4977,1405.88,45.1296,0.0,0.0,6.98198,12.4898,0.0,0.0,109.903,0.0,0.0,0.36927,11.4987,14.1071,11.0,156.835,0,1534.84,0.0,13.8033,77.574,33.1756,27.0985,0.0,0.0,0.0,11.2858,0.0,68.5097,43.4439,25.09,14.8757,,71.6699,9.43346,25.924,56.4629,4.464,29.0886,51.798,653.111,77.7099990845,26.23,100.75,23.9002,7.77,5.31472,46.0251,0.0,0.12371,1183.59,253.987,0.0,10.2,0.0,62.1332,62.0926,0,57.2268,80.0397,941.411,3.57794,0.0,62.3514,1.3052,0.2002,5.88815,0.0,41.2508,383.429,150.995,0.0,0.0,0.0,26.389,0.0,4.0012,22.69,0.0,0.0,0.0,0.0,0.0
2023-12-08 10:45:00,43.7935,1398.19,46.8606,0.0,0.0,5.55125,6.32273,6.19991,6.35752,59.097,0.0,0.0,0.12879,7.89662,9.30458,5.91,165.236,0,1535.35,0.0,26.7674,77.4683,33.7835,27.0985,0.0,0.0,0.0,11.6207,0.0,79.8679,43.4162,18.99,16.577,,61.3372,8.91307,38.572,62.1011,4.615,28.8737,51.93,680.43,198.270004272,26.29,101.0,23.7018,10.652,5.47951,46.0777,0.0,0.14381,1085.79,161.395,0.0,10.2,0.0,47.2007,74.6282,0,49.0639,79.6246,911.527,2.14481,0.0,61.6373,5.00545,0.19044,8.80446,0.0,47.2822,382.916,169.0,0.0,0.0,0.0,50.489,0.0,4.0012,22.67,0.0,0.0,0.0,0.0,0.0
2023-12-08 10:50:00,55.2988,1406.32,58.6014,0.0,0.0,3.18276,5.08125,37.3994,9.69741,65.0023,0.0,0.0,0.2887,6.59564,6.97651,9.45,166.645,0,1534.3,0.0,31.2047,77.4935,37.8411,27.0985,0.0,0.0,0.0,11.1438,0.0,84.6848,43.4747,18.99,10.6737,,64.7109,9.42638,24.747,103.247,5.826,24.8258,51.73,707.115,351.869995117,26.27,101.0,33.5012,10.845,4.11536,41.5355,0.0,0.14381,1013.15,113.274,0.0,10.2,0.0,49.0043,74.7222,0,45.5299,80.0153,932.865,2.50614,0.0,63.6088,11.527,0.2002,6.28916,0.0,79.8638,377.798,122.998,0.0,0.0,0.0,47.489,0.0,4.0012,22.6,0.0,0.0,0.0,0.0,0.0
2023-12-08 10:55:00,63.7947,1415.06,77.8905,0.0,0.0,4.01273,5.00069,15.1998,9.63491,55.8011,0.0,0.0,0.40833,4.49813,7.07917,13.41,269.042,0,1537.5,0.0,32.8405,77.2467,45.9248,27.0985,0.0,0.0,0.0,11.7032,0.0,84.7462,43.2101,20.99,6.9289,,66.5237,9.1237,25.682,95.3666,6.689,14.5083,51.676,714.366,302.839996338,26.28,101.0,27.1015,18.882,3.40124,43.119,0.0,0.12371,943.37,110.556,0.0,10.2,0.0,58.9654,76.491,0,41.2891,80.1312,976.91,3.06523,0.0,67.6432,11.5886,0.19044,4.67414,0.0,84.2056,380.819,122.998,0.0,2.0741,0.68638,49.089,0.0,4.0012,22.71,0.0,0.0,0.0,0.0,0.0
2023-12-08 11:00:00,57.1935,1404.37,60.2502,0.0,2.62,6.13945,5.98215,43.2993,6.35752,47.1973,0.0,44.6143,1.76822,4.79904,10.922,5.93,170.208,0,1415.74,0.0,34.5373,77.5942,54.9898,26.3996,42.2844,8.63487,1.2632,9.32439,0.0,5.55955,43.327,23.04,7.29293,,133.546,23.2876,25.049,77.6257,9.662,12.9653,51.366,716.466,0.0,26.23,101.0,30.8003,17.811,2.17441,54.3526,0.0,0.14381,1542.89,270.666,0.0,10.2,0.0,186.235,76.0381,0,42.0801,80.6622,925.541,3.49249,0.0,71.0491,10.5602,0.20997,5.84848,0.0,82.4279,214.255,173.992,0.0,61.2883,23.8977,47.489,0.0,4.0012,22.52,0.0,26.0223,0.0,0.0,0.0
2023-12-08 11:05:00,72.9944,1373.48,62.191,0.0,58.81,5.15982,9.17189,52.4992,10.9435,40.0973,0.0,50.9209,40.0232,8.79934,17.6108,7.66,199.49,0,1424.07,0.0,42.9908,82.7505,61.1423,27.0985,48.1043,9.47486,34.7095,10.1409,0.0,0.01495,43.9422,24.05,7.69613,,143.496,14.6162,17.725,66.5126,12.578,29.2106,51.784,705.04,0.0,26.28,95.5,33.901,17.196,4.00549,51.8503,0.0,0.15386,1472.68,181.047,0.0,10.2,0.0,65.0263,74.7308,0,40.3406,79.881,873.098,3.77569,0.0,75.8648,5.52401,0.2002,9.02296,0.0,77.9878,364.742,178.993,0.0,0.0,0.0,49.989,0.0,4.34416,22.66,0.0,31.8413,0.0,0.0,0.0
2023-12-08 11:10:00,63.8934,1346.16,63.7814,0.0,79.08,7.19025,14.0206,52.4992,19.4612,42.1023,0.0,57.4487,31.2938,8.49844,19.3178,6.19,231.956,0,1424.92,0.0,86.6377,83.7778,48.5859,27.0985,47.8843,8.10488,35.7252,18.2628,0.0,0.0575,43.2101,24.05,11.4002,,72.5058,10.2247,18.635,66.4652,11.806,29.174,51.45,704.942,516.539978027,26.18,101.25,39.0005,17.156,2.95262,56.3041,0.0,0.1639,973.18,106.865,0.0,10.3,0.0,42.1012,74.6453,0,43.6841,80.3754,813.306,4.90852,0.0,87.48,12.1511,0.20997,12.795,0.0,80.7567,338.933,139.993,0.0,0.0,0.0,47.289,0.0,4.34416,22.49,0.0,32.3489,0.0,0.0,0.0
2023-12-08 11:15:00,67.6969,1336.52,49.0006,0.0,81.07,6.64183,14.1414,52.5992,29.8208,41.9993,0.0,54.3801,33.9245,9.59587,7.77574,8.88,273.717,0,1441.72,0.0,120.922,83.8281,69.6751,27.0985,46.1343,8.57487,40.9874,18.5239,0.0,45.6929,43.1517,33.26,9.74234,,57.2282,7.59969,27.823,66.002,11.633,26.6178,51.434,711.754,1170.41003418,26.22,70.75,40.9995,16.837,4.71962,34.9338,0.0,0.12371,493.76,8.96802,0.0,10.3,0.0,40.2243,76.4141,0,36.0339,79.4171,760.765,5.98276,0.0,105.962,12.2478,0.2002,13.2149,0.0,81.5145,329.567,156.997,0.0,0.0,0.0,47.089,0.0,4.34416,22.64,0.0,32.367,0.0,0.0,0.0
2023-12-08 11:20:00,65.8956,1345.82,46.3111,0.0,76.44,6.34249,17.5399,50.0992,37.5514,46.4008,0.0,39.0616,38.3056,10.8968,4.02854,8.7,167.133,0,1478.05,0.0,123.644,80.0314,50.6465,27.0985,46.8343,9.88485,44.2756,20.1275,0.0,40.7716,43.5331,33.26,6.97318,,58.6482,7.55367,37.478,67.318,11.762,27.6847,51.426,699.449,1381.90002441,26.23,91.25,31.0018,16.293,3.52941,37.2163,0.0,0.12371,116.15,-0.24712,0.0,10.3,0.0,39.6384,74.6624,0,31.0314,80.3021,697.531,5.7435,0.0,152.935,18.9979,0.2002,11.7794,0.0,80.5683,329.201,102.993,0.0,0.0,0.0,46.489,0.0,4.34416,22.62,0.0,24.6084,0.0,0.0,0.0
2023-12-08 11:25:00,57.895,1389.11,34.1004,0.0,76.56,4.72024,26.4903,50.4992,50.9852,47.3003,0.0,50.4967,36.7346,10.1977,2.24678,9.06,162.607,0,1545.26,0.0,124.053,78.994,46.3276,27.0985,52.5042,9.86485,57.4154,19.7982,0.0,36.6633,43.0348,33.26,7.00851,,78.4276,11.3681,27.642,67.039,11.427,15.8877,51.694,704.088,1418.36999512,16.06,79.75,35.3994,16.456,2.54978,40.6912,0.0,0.14381,2.45,153.92,0.0,10.3,0.0,70.547,75.3546,0,25.8311,79.6368,648.579,11.7958,0.0,138.408,18.6287,0.19044,12.7559,0.0,80.4946,284.01,95.0,0.1301,0.0,0.0,46.989,0.0,4.34416,22.81,0.0,19.6595,0.0,0.0,0.0
2023-12-08 11:30:00,50.7993,1387.79,77.84,0.0,75.54,4.88246,30.753,52.4992,61.54,49.9989,0.0,73.2479,31.5428,6.89654,2.55859,16.91,140.493,0,1534.67,0.0,123.876,78.8329,53.0831,15.0011,56.8741,9.88485,59.0151,24.3265,0.0,35.0679,43.2962,42.84,10.2426,,75.9501,10.5309,26.807,75.1303,12.478,14.9721,52.992,692.076,1403.18005371,26.27,66.75,35.201,16.979,3.06249,48.4514,0.0,0.14381,0.0,204.534,0.0,10.3,0.0,96.1181,73.4917,0,31.577,80.1862,602.557,13.268,0.0,164.099,19.8504,0.20997,11.6084,0.0,80.2529,304.811,119.997,0.0,0.0,0.0,46.689,0.0,4.34416,22.56,0.0,24.7171,0.0,0.0,0.0
2023-12-08 11:35:00,44.3979,1397.58,53.1293,0.0,74.61,4.0054,31.7711,52.4992,64.2236,54.9977,0.0,72.1141,37.8039,7.29923,4.16026,15.67,98.7321,0,1512.13,0.0,123.705,78.1934,43.1513,12.7001,68.8739,9.87485,61.3447,31.2844,0.0,33.6609,43.5608,48.06,13.3407,,94.6015,15.0126,27.174,96.9248,12.1,13.7417,52.0,695.445,1297.68005371,26.24,62.25,33.5012,17.104,2.87022,72.8702,0.0,0.12371,0.0,106.356,0.0,10.3,0.0,154.942,74.6282,0,42.2998,79.3744,558.513,20.4996,0.0,159.686,18.9715,0.2002,10.8803,0.0,80.3963,332.177,127.999,0.0,0.0,0.0,46.889,0.0,4.34416,22.7,0.0,27.3638,0.0,0.0,0.0
2023-12-08 11:40:00,36.0988,1435.91,40.5495,0.0,84.37,3.9447,56.802,52.4992,68.3526,50.5001,0.0,70.8278,37.4841,8.69757,5.32147,9.71,98.9083,0,1540.28,0.0,123.516,78.3646,43.3417,12.1996,81.7838,9.88485,58.1454,31.1099,0.0,34.7013,43.5331,47.94,14.7261,,122.689,17.8323,44.789,114.934,7.052,14.0639,51.536,703.697,1210.47998047,26.32,62.0,33.6996,16.455,2.89769,53.9203,0.0,0.14381,0.0,105.527,0.0,10.3,0.0,105.42,74.8846,0,46.548,79.8383,574.505,27.1403,0.0,150.164,19.4637,0.19044,10.4475,0.0,76.8,353.527,147.995,0.0,0.0,0.0,46.689,0.0,4.34416,22.61,0.0,21.6536,0.0,0.0,0.0
2023-12-08 11:45:00,27.4997,1434.89,40.6398,0.0,91.43,3.61292,63.9213,46.4993,65.5362,52.1,0.0,97.5875,46.8849,8.29931,7.13011,17.21,98.9761,0,1534.33,0.0,121.581,78.6114,37.9706,13.6004,94.9036,8.23487,56.3554,23.5624,0.0,34.8672,43.1517,43.92,18.6604,,123.223,13.8904,45.279,103.526,12.449,14.6011,51.088,694.81,1254.63000488,26.27,62.0,26.2989,16.844,3.83154,49.1238,0.0,0.14381,0.0,131.013,0.0,10.4,0.0,66.7658,73.6797,0,47.9359,80.2289,592.621,30.2019,0.0,81.6632,22.6981,0.20997,11.4632,0.0,60.5389,354.205,86.9982,0.0,0.0,0.0,49.089,0.0,4.34416,22.61,0.0,20.8741,0.0,0.0,0.0
2023-12-08 11:50:00,19.3935,1484.74,41.5399,0.0,92.72,3.14299,56.5603,47.6993,52.7586,51.5026,0.0,119.303,55.845,14.698,6.34138,12.23,127.268,0,1533.81,0.0,118.578,79.8954,37.2723,20.2991,92.4236,4.35493,65.02,29.4396,0.0,38.2566,43.5916,33.46,17.2073,,104.803,11.6265,39.699,97.4249,12.653,16.7251,50.154,709.386,1276.95996094,26.24,90.75,26.2013,16.848,1.01167,49.9597,0.0,0.12371,0.0,277.62,0.0,10.4,0.0,55.7336,75.44,0,46.5809,80.1434,623.92,23.8468,0.0,88.2002,16.9763,0.2002,8.64942,0.0,78.3647,328.972,80.9968,0.0,0.0,0.0,46.089,0.0,4.34416,22.6,0.0,16.9585,0.0,0.0,0.0
2023-12-08 11:55:00,19.8966,1499.29,47.3598,0.0,89.19,2.8154,55.9817,41.3994,63.1728,53.8029,0.0,103.372,53.1728,13.698,6.47859,22.45,113.407,0,1522.68,0.0,122.936,80.5551,37.3065,11.5984,85.9237,8.96486,67.6797,29.0596,0.0,44.2941,43.4162,35.53,16.6042,,75.6379,9.73791,35.934,95.6034,11.541,16.1587,50.548,697.057,1332.27001953,26.25,99.0,27.9011,16.986,0.0,46.4366,0.0,0.17395,0.0,329.246,0.0,10.3,0.0,57.1435,73.9959,0,42.8235,79.826,657.735,26.8498,0.0,163.879,19.6922,0.20997,10.2821,0.0,81.7766,339.464,79.9966,0.0,0.0,0.0,44.789,0.0,4.34416,22.57,0.0,20.8197,0.0,0.0,0.0
2023-12-08 12:00:00,30.5959,1525.85,80.9889,0.0,83.96,2.18429,56.1025,40.2994,78.6418,52.4021,0.0,81.4679,60.3641,16.7999,8.97024,26.49,113.041,0,1520.14,0.0,118.895,80.9881,46.3984,9.59945,84.0137,5.17492,56.1967,26.8283,0.0,52.1626,43.7361,27.41,14.6442,,71.1261,9.40337,27.662,89.3389,8.197,15.6558,50.976,689.512,1315.86999512,26.29,98.75,33.6996,17.551,1.20394,50.4299,0.0,0.13376,0.0,350.895,0.0,10.3,0.0,56.9696,73.1756,0,36.9677,80.1312,709.25,26.5422,0.0,163.214,21.0985,0.20997,10.32,0.0,78.9135,352.493,86.9982,0.0,0.0,0.0,45.989,0.0,4.34416,22.64,0.0,21.3091,0.0,0.0,0.0
2023-12-08 12:05:00,33.1971,1520.58,74.1415,0.0,76.76,3.17439,55.6411,52.4992,80.4114,65.4006,0.0,102.913,62.3624,20.3976,10.3675,17.48,112.824,0,1523.78,0.0,122.82,86.0588,48.1221,8.59846,90.5436,5.29492,37.9977,22.4968,0.0,61.911,43.5608,27.59,16.4541,,134.261,11.5239,28.532,59.432,6.076,27.3405,50.254,712.34,1302.51000977,26.25,67.75,33.1991,17.202,0.0,50.1241,0.0,0.14381,0.0,281.216,0.0,10.3,0.0,60.8698,74.0813,0,47.295,80.1312,664.498,26.5592,0.0,162.664,25.5194,0.19044,9.60403,0.0,80.3185,371.041,100.993,0.0,0.0,0.0,46.489,0.0,4.34416,22.62,0.0,17.3392,0.0,0.0,0.0
2023-12-08 12:10:00,37.3957,1558.62,51.7699,0.0,82.87,1.0686,54.2092,48.4993,75.4308,76.0986,0.0,118.981,71.4836,19.8975,11.0981,20.24,112.784,0,1587.72,0.0,108.721,84.7043,44.1376,8.19867,75.4639,8.02488,33.2305,17.5543,0.0,45.6725,43.6777,28.6,16.425,,88.569,12.8532,28.734,58.1475,5.572,27.9704,49.562,757.067,1352.81005859,21.25,52.25,31.8013,8.623,0.0,48.782,0.0,0.2041,0.0,365.765,0.0,10.3,0.70863,56.3104,76.1492,0,58.0911,79.7223,712.815,26.4201,0.0,162.444,22.6454,0.19044,6.17502,0.1115,75.3582,380.352,91.9993,0.0,1.0363,0.39927,47.289,0.0,4.34416,22.6,0.0,21.1279,0.0,0.0,0.0
2023-12-08 12:15:00,30.996,1557.93,44.3118,0.0,91.13,0.0,55.4397,34.1995,86.3099,72.8027,0.0,112.667,64.2936,19.0966,19.1805,18.54,101.645,0,1614.58,0.0,47.483,88.0378,45.2192,7.8996,67.974,5.68491,22.4964,13.0616,0.0,49.1868,43.4439,46.1,16.2836,,67.5207,9.55029,27.482,58.2054,4.758,29.0129,49.958,787.561,1358.81005859,26.23,56.0,31.899,8.818,0.0,49.802,0.0,0.1639,0.0,353.236,0.0,10.3,0.0,50.808,74.6368,0,63.6686,80.2167,766.454,26.2028,0.0,161.608,29.8086,0.19044,3.79889,0.0055,76.9966,380.407,66.9936,0.0,0.02243,0.0,45.689,0.0,4.34416,22.58,0.0,21.5085,0.0,0.0,0.0
2023-12-08 12:20:00,27.8986,1553.3,40.1194,0.0,95.93,0.0,54.2092,30.1995,85.263,75.5013,0.0,76.1486,53.3327,18.3974,16.9154,13.69,103.841,0,1658.57,0.0,36.9665,85.9883,42.0038,9.0013,72.0739,9.88485,18.2879,9.91632,0.0,63.5146,43.4162,47.13,15.7036,,68.8803,9.70959,25.833,56.4577,8.497,24.2179,51.912,785.974,1416.89001465,26.24,55.0,35.7015,6.998,0.0,48.7876,0.0,0.12371,0.0,345.82,0.0,10.3,0.0,51.8608,72.7483,0,66.1735,79.7955,821.143,25.5119,0.0,162.249,25.7567,0.20997,2.5098,0.0,62.7978,380.362,64.9931,0.0,0.0,0.0,44.189,0.0,4.34416,22.69,0.0,21.2547,0.0,0.0,0.0
2023-12-08 12:25:00,36.0944,1553.91,35.8315,0.0,102.9,0.0,44.9915,42.1994,76.3488,85.8972,0.0,68.7327,48.0238,20.3976,21.1558,6.64,101.984,0,1598.39,0.0,37.2046,87.358,41.1078,11.9005,55.3142,4.32493,23.5502,13.1672,0.0,68.0673,43.5608,48.53,15.9273,,71.7102,9.70428,23.5,56.863,6.325,23.8151,52.172,786.047,1437.54003906,26.26,54.25,30.5013,6.311,0.0,51.7286,0.0,0.14381,0.0,339.44,0.0,10.5,0.0,69.0639,71.3555,0,67.2868,79.8077,871.926,26.8351,0.0,162.249,24.5526,0.2002,3.14214,0.0,60.887,380.6,76.9959,0.0,0.0,0.0,26.489,0.0,4.34416,22.67,0.0,25.0978,0.0,0.0,0.0
2023-12-08 12:30:00,47.4967,1584.96,34.8704,0.0,104.54,0.0,52.8798,37.3994,64.29,87.9984,0.0,76.997,40.9925,28.3982,23.9401,7.56,101.984,0,1537.57,0.0,36.8566,86.3408,34.0423,14.1009,49.2842,9.43486,24.9149,14.6732,0.0,55.7302,43.4439,48.51,16.981,,130.907,17.8978,21.511,56.5524,4.356,27.9557,52.214,807.068,1367.77001953,26.22,53.5,24.8005,7.805,0.0,62.9517,0.0,0.17395,0.0,355.25,0.0,10.4,0.0,118.393,75.5938,0,61.4603,79.9237,922.929,28.0021,0.0,162.005,20.202,0.24049,0.67811,0.0,46.9934,381.616,63.9929,0.0,0.43217,0.43516,26.289,0.0,4.34416,22.74,0.0,23.2669,0.0,0.0,0.0
2023-12-08 12:35:00,56.8958,1616.36,34.8305,0.0,98.85,0.0,50.7118,38.3994,56.2938,45.5013,0.0,78.616,44.7437,22.2959,24.2442,12.02,142.011,0,1554.59,0.0,36.8933,83.2037,33.9495,25.0996,60.8241,9.21486,17.4944,16.0705,0.0,52.5087,43.2101,40.39,19.0884,,123.968,17.5951,19.323,59.2162,4.351,28.9226,51.124,799.5,1336.93994141,26.25,54.0,24.3,5.003,0.0,86.3695,0.0,0.12371,0.0,355.79,0.0,10.4,0.0,130.185,74.6197,0,58.5232,80.1007,912.113,29.2985,0.0,161.779,20.6854,0.2002,0.0,0.0,39.1373,381.772,57.9915,0.0,0.163,0.06729,25.889,0.0,4.34416,22.55,0.0,24.1552,0.0,0.0,0.0
2023-12-08 12:40:00,38.6971,1662.16,38.2104,0.0,102.07,4.86363,50.7814,32.4995,37.7467,50.6992,0.0,64.2084,52.7443,19.9993,25.2518,11.58,162.905,0,1538.57,0.0,37.7783,82.9419,50.5855,17.1984,65.294,4.95492,17.8372,15.273,0.0,54.0406,43.5608,41.42,20.6879,,135.842,23.0221,26.135,77.0571,3.188,28.0412,50.616,800.818,1305.31994629,26.28,90.0,37.4014,2.939,0.0,89.9366,0.0,0.184,0.0,351.837,0.0,10.4,0.0,130.405,74.7051,0,57.637,80.5219,859.45,29.528,0.0,161.321,22.329,0.2002,0.0,0.0025,43.5118,381.982,62.9927,0.0,0.0,0.04935,44.489,0.0,4.34416,22.51,0.0,22.3968,0.0,0.0,0.0
2023-12-08 12:45:00,28.6956,1712.18,34.581,0.0,97.96,0.0,55.2016,38.2994,29.6215,50.6031,0.0,64.0406,54.2934,17.3973,27.3203,11.19,120.209,0,1557.79,0.0,65.1591,84.6741,50.3218,14.1985,43.1044,9.89485,20.6366,10.0861,0.0,51.3516,43.7085,38.29,24.407,,140.011,24.0594,27.384,101.242,3.188,13.4707,50.284,805.188,1280.22998047,26.27,67.25,36.8002,2.378,0.0,89.5263,0.0,0.14381,0.0,360.793,0.0,10.1,0.0,134.104,75.44,0,53.6672,79.9847,917.045,28.2048,0.0363,147.198,20.536,0.2002,0.0,0.0355,32.4772,381.863,67.9938,0.0,0.0,0.0,44.089,0.0,4.34416,22.5,0.0,23.8651,0.0,0.0,0.0
2023-12-08 12:50:00,21.4962,1778.64,34.6208,0.0,102.53,0.0,57.2708,35.3995,30.6684,83.1025,0.0,62.4826,45.2845,21.2959,23.4312,9.48,121.727,0,1561.38,0.0,59.8489,83.9993,62.7683,18.8006,36.9644,9.86485,24.4452,11.5064,0.0,61.9192,43.3854,29.17,22.7789,,111.178,17.7385,25.167,115.003,2.533,12.4843,50.4,815.662,1220.45996094,26.28,60.25,36.8002,3.266,0.0,68.1959,0.0,0.14381,0.0,365.032,0.0,10.4,0.0,104.495,76.8499,0,52.748,80.2716,967.803,25.8561,1.00247,144.005,18.0222,0.2002,0.0,0.2485,56.0517,381.964,66.9936,1.18285,0.0,0.66844,39.789,0.0,4.34416,22.5,0.0,24.844,0.0,0.0,0.0
2023-12-08 12:55:00,19.6992,1800.25,58.4607,0.0,107.66,10.1919,42.6001,38.1994,37.3521,69.802,0.0,52.0348,40.3235,24.3979,28.7764,7.12,156.293,0,1543.29,0.0,51.2612,84.7093,56.2399,12.8985,34.9845,9.86485,23.1122,8.76182,0.0,67.4611,43.1517,30.23,17.0076,,102.759,14.7737,26.031,114.745,4.629,8.84413,50.604,797.571,1304.73999023,26.25,60.0,34.5998,6.482,0.0,49.9625,0.0,0.15386,0.0,355.309,0.0,10.4,0.0,76.1227,48.4547,0,48.9027,80.3754,1010.31,21.3272,0.0,112.12,21.7137,0.2002,0.0,0.0,46.7825,381.634,67.9938,0.0,0.0,0.0,44.789,0.0,4.34416,22.69,0.0,27.2369,0.0,0.0,0.0
2023-12-08 13:00:00,17.7947,1850.76,66.5692,0.0,107.38,12.8106,37.2827,41.2994,48.8914,77.1973,0.0,45.5634,40.2246,30.2966,22.1266,5.1,268.08,0,1536.79,0.0,36.6979,82.8966,35.722,12.401,38.2444,9.88485,26.0448,10.2853,0.0,48.939,43.65,37.2,22.4768,,104.199,14.1082,21.446,114.945,8.201,22.1646,50.544,799.377,1237.33996582,26.29,53.0,26.9001,7.418,0.0,83.1364,0.0,0.1639,0.0,347.143,0.0,10.4,0.0,65.8412,0.88441,0,41.8421,80.3143,958.33,17.7285,0.0,116.271,20.5448,0.2002,0.0,0.0,47.7798,381.689,54.9995,0.0,0.0,0.0,46.589,0.0,4.34416,22.47,0.0,23.9558,0.0,0.0,0.0
2023-12-08 13:05:00,24.3953,1908.5,80.3491,0.0,107.33,10.0831,35.9716,38.1994,62.915,82.9034,0.0,36.6613,40.4334,28.1991,20.8169,7.46,212.742,0,1573.51,0.0,30.7775,83.8483,39.5038,15.4009,30.8145,9.86485,42.5173,11.2073,0.0,48.1649,43.3854,36.11,23.8551,,104.954,13.8002,29.748,115.013,9.725,18.3755,51.076,829.114,1280.77001953,26.27,54.25,27.4006,19.817,0.0,69.6432,0.0,0.14381,0.0,262.42,0.0,10.4,0.0,71.2337,42.0886,0,39.7144,80.705,997.736,18.7198,0.19268,147.497,22.7948,0.19044,0.0,0.40949,79.6754,381.735,46.9977,2.8846,0.0,0.0,46.189,0.0,4.34416,22.57,0.0,25.6054,0.0,0.0,0.0
2023-12-08 13:10:00,27.3932,1906.99,80.2189,0.0,106.74,12.2517,35.0927,39.2994,68.0909,76.2978,0.0,39.9176,36.704,30.2966,13.6397,5.19,244.435,0,1553.78,0.0,30.1,82.5541,39.4134,19.2004,41.6344,9.87485,46.1926,17.4011,0.0,70.0539,43.5916,27.9,23.4762,,79.6562,12.062,43.481,115.008,10.173,17.9629,52.044,814.197,1269.22998047,26.23,47.0,27.0008,18.284,0.0,69.1178,0.0,0.14381,0.0,173.484,0.0,10.4,0.0,58.5718,40.0549,0,37.7368,80.0885,977.984,18.6734,0.23735,151.165,25.4403,0.20997,0.0,0.2055,82.5139,382.046,43.997,1.64044,0.0,0.0,48.089,0.0,4.34416,22.6,0.0,32.1133,0.0,0.0,0.0
2023-12-08 13:15:00,19.699,1909.18,80.2296,0.0,106.39,15.2429,32.2802,49.3993,78.3137,61.1982,0.0,32.7687,37.6147,30.5975,14.7533,8.76,222.62,0,1544.92,0.0,28.159,82.3779,47.5068,23.5004,40.7044,9.25486,41.1207,13.1235,0.0,59.0909,43.327,27.89,20.0786,,63.8247,8.82811,44.952,115.008,12.985,26.0124,51.87,801.99,1314.5300293,26.21,42.75,26.5003,12.639,0.0,60.3873,0.0,0.14381,0.0,101.867,0.0,10.4,0.0,42.1561,74.7222,0,30.2806,80.1984,991.021,19.5376,0.00093,161.566,27.0927,0.2002,0.0,0.0565,80.9492,381.854,38.9959,0.0015,0.0,0.0,46.989,0.0,4.34416,22.76,0.0,27.9801,0.0,0.0,0.0
2023-12-08 13:20:00,20.7968,1942.05,68.7013,0.0,102.63,17.3445,30.5699,23.7996,74.2511,74.1966,0.0,29.7398,37.9235,28.5,11.0643,8.01,188.013,0,1641.63,0.0,23.3555,82.2016,40.0702,16.2005,47.6243,9.04486,35.9791,13.8837,0.0,50.7003,43.4747,26.88,20.394,,57.7519,7.85281,44.885,115.045,5.712,23.3243,51.534,863.099,1362.04003906,21.25,44.25,27.2999,7.611,0.0,40.7964,0.0,0.14381,0.0,50.7176,0.0,10.4,0.0,37.1939,24.0671,0,37.8027,80.3326,1023.42,18.3413,0.7102,161.12,22.0477,0.20997,0.70985,0.0,80.0932,381.671,36.9954,2.92049,0.0,0.0,34.489,0.0,4.34416,22.57,0.0,31.5513,0.0,0.0,0.0
2023-12-08 13:25:00,20.8953,1911.97,80.1101,0.0,104.45,20.0113,38.9526,52.6992,66.7823,125.098,0.0,31.5511,38.2641,22.2959,9.8985,7.62,251.82,0,1621.92,0.0,15.5856,82.4786,35.8807,12.8008,68.264,5.50492,33.021,17.5265,0.0,50.4279,43.5916,26.88,28.1487,,50.0073,6.8846,44.866,113.992,7.148,24.2081,52.054,844.739,1377.19995117,26.24,40.0,27.8004,5.533,0.0,51.3915,0.0,0.15386,0.0,44.7945,0.0,10.4,2.70817,35.1431,36.7394,0,39.6997,79.9969,1052.25,19.4913,0.0,161.083,26.8554,0.2002,0.0,0.0,70.6724,382.101,47.9979,0.0,0.0,0.0,48.489,0.0,4.34416,22.6,0.0,27.6538,0.0,0.0,0.0
2023-12-08 13:30:00,27.6982,1956.16,80.0012,0.0,102.65,29.3115,37.4511,40.5994,49.9383,86.3985,0.0,33.3974,31.0631,26.4998,7.68128,6.53,180.656,0,1595.95,0.0,15.079,84.5885,37.4554,13.4997,55.8442,5.45492,26.1781,14.9493,0.0,48.4495,43.3547,26.88,27.391,,49.7757,6.95894,21.456,115.008,11.576,22.0499,52.458,848.353,1335.98999023,26.28,36.25,26.9001,10.088,0.0,44.6989,0.0,0.14381,0.0,60.9617,0.0,10.4,0.0,35.5459,20.4868,0,42.7466,79.9847,1084.19,20.0992,0.00093,160.821,18.8045,0.2002,0.0,0.1175,65.6282,382.129,45.9975,0.56974,0.0,0.0,36.589,0.0,4.34416,22.47,0.0,26.4755,0.0,0.0,0.0
2023-12-08 13:35:00,52.895,1987.85,79.8101,0.0,100.0,38.2727,33.203,29.0996,49.3484,103.503,0.0,49.1234,30.4649,20.5967,7.7929,7.61,146.482,0,1559.01,0.0,15.3414,84.528,39.0277,12.401,41.9244,7.33489,40.4161,17.0583,0.0,49.6886,43.5608,33.34,15.2013,,49.0707,6.79078,32.944,115.008,7.461,18.6368,52.566,831.482,1357.05004883,26.28,36.5,28.4993,8.505,0.0,79.1464,0.0,0.17395,0.0,53.2897,0.0,10.4,0.0,37.2122,63.8956,0,45.3614,79.5819,1056.36,20.3555,0.00093,132.238,21.4412,0.20997,0.0,4.75043,50.0388,382.284,50.9986,1.1649,1.61651,0.0,43.489,0.0,4.34416,22.75,0.0,42.9355,0.0,0.0,0.0
2023-12-08 13:40:00,63.9958,2004.91,79.9296,0.0,83.6,21.15,40.3223,50.7992,39.5162,115.197,0.0,38.0438,29.6239,17.9992,7.6928,6.09,166.333,0,1613.72,0.0,14.786,83.5562,30.4338,12.0989,47.4743,6.3149,35.6871,15.0366,0.0,62.7896,43.65,26.21,12.0617,,59.7157,7.90945,35.562,114.524,9.061,27.9777,52.718,837.391,1299.52001953,79.84,39.0,23.1006,11.588,0.0,44.7839,0.0,0.17395,0.0,148.106,0.0,10.4,0.0,44.7471,73.9275,0,36.6162,80.0397,1080.33,26.4469,0.0,161.071,21.4325,0.2002,0.0,0.0,78.2459,381.854,46.9977,0.0,0.0,0.0,30.089,0.0,4.34416,22.53,0.0,43.7875,0.0,0.0,0.0
2023-12-08 13:45:00,49.7987,2036.48,79.8791,0.0,90.16,26.8813,37.3999,51.4992,34.9302,78.7972,0.0,29.8589,27.6243,10.4986,14.7973,3.99,229.056,0,1616.75,0.0,16.788,84.5784,28.427,13.8994,47.6643,9.88485,29.6377,13.8734,0.0,49.9159,43.2686,15.02,19.0443,,101.903,13.5842,34.856,113.966,10.385,22.9313,52.196,839.246,1199.5300293,96.56,38.25,23.2013,16.55,0.0,54.1082,0.0,0.184,0.0,169.193,0.0,10.4,6.09201,83.3646,74.594,0,38.2019,79.7955,1106.8,21.6446,0.0,160.644,14.9109,3.97961,0.0,0.0,69.9269,381.964,53.9993,0.0,0.0,0.0,25.789,0.0,4.34416,22.51,0.0,36.0107,0.0,0.0,0.0
2023-12-08 13:50:00,47.4996,2069.34,79.9003,0.0,84.52,23.4128,54.4692,38.5994,31.0005,52.9034,0.0,27.2908,23.2944,10.7995,12.1098,11.81,276.17,0,1688.77,0.0,13.9986,84.2511,30.4802,13.8994,52.2542,6.6849,38.9371,17.1448,0.0,45.0601,43.5916,48.61,28.6229,,149.649,17.8146,26.426,114.687,11.657,16.1978,52.238,819.519,1010.95001221,71.21,33.5,24.5014,11.132,0.0,44.1529,0.0,0.14381,0.0,232.448,0.0,10.4,44.9622,110.684,73.637,0,41.7212,79.6979,1122.37,45.6611,0.0,160.504,14.7527,17.1697,0.0,4.50043,42.1827,382.055,65.9934,0.0,0.0,0.0,22.789,0.0,4.34416,22.5,0.0,48.5007,0.0,0.0,0.0
2023-12-08 13:55:00,41.8984,2051.37,79.9614,0.0,74.49,25.9728,53.81,52.5992,26.0824,34.1028,0.0,28.6244,22.3032,11.596,14.2254,9.28,258.88,0,1755.4,0.0,17.0504,84.4223,29.113,13.3013,62.674,3.19495,46.9734,17.9343,0.0,53.6576,43.1794,49.63,17.4008,,197.164,21.7742,27.475,111.844,7.784,16.105,51.864,783.606,835.280029297,99.06,30.25,30.1015,10.002,0.0,35.0205,0.0,0.17395,0.0,261.247,0.0,10.4,49.6535,142.921,56.1795,0,54.374,80.0153,1185.56,44.3403,0.0,146.813,12.0895,16.9903,0.0,1.19148,57.7004,382.22,52.9991,0.0,0.0,0.0,23.489,0.0,4.34416,22.47,0.0,37.9141,0.0,0.0,0.0
2023-12-08 14:00:00,50.4946,2064.26,79.9402,0.0,68.54,28.5412,81.7707,49.7992,23.0668,23.5969,0.0,32.9656,22.1836,14.198,9.02912,5.59,182.702,0,1830.3,0.0,28.7083,84.9611,35.346,14.1985,58.1141,4.88493,35.2491,10.9796,0.0,50.6163,43.7946,47.38,8.98202,,211.153,20.5069,14.983,109.27,6.626,16.4395,52.376,799.036,904.200012207,105.0,28.5,29.9,15.299,0.0,35.2298,0.0,0.12371,0.0,275.996,0.0,10.4,57.2891,166.825,73.1414,0,71.2602,79.7101,1211.71,25.3288,0.0,158.178,10.0065,16.8304,0.0,2.53546,34.2057,382.01,47.9979,0.0,0.0,0.0,34.289,0.0,4.34416,22.51,0.0,36.4458,0.0,0.0,0.0
2023-12-08 14:05:00,61.297,2116.66,79.9614,0.0,82.35,19.6617,68.3598,31.4995,22.4808,22.9995,0.0,31.2871,23.0637,21.0967,6.75277,5.99,258.053,0,1888.58,0.0,31.5282,85.6107,32.5896,12.5994,50.8442,9.47486,49.3919,11.7937,0.0,77.1441,43.7361,31.1,8.78797,,198.433,11.0442,12.903,110.402,8.095,14.7011,52.062,844.324,697.440002441,85.21,30.5,24.5014,10.435,0.0,37.7904,0.0,0.15386,0.0,382.569,0.0,10.4,33.7121,76.8002,120.695,0,64.3864,80.0397,1212.12,26.1906,0.0,160.375,8.26624,16.7302,0.0,2.80846,32.0891,381.955,50.9986,0.0,0.0,0.0,39.489,0.0,4.34416,22.62,0.0,29.1403,0.0,0.0,0.0
2023-12-08 14:10:00,62.597,2127.21,79.8791,0.0,95.03,17.332,82.4408,52.5992,16.8401,27.4971,0.0,39.7024,27.5157,22.4995,6.86029,8.52,170.615,0,1904.89,0.0,29.575,86.1344,28.3146,12.0012,51.5842,9.32486,38.9117,13.0751,0.0,50.3419,43.6777,40.28,8.4951,,147.877,14.4144,13.257,108.08,11.597,11.0707,51.786,851.942,522.039978027,101.6,36.5,23.2013,9.058,0.0,48.2533,0.0,0.15386,0.0,446.804,0.0,10.4,33.9538,127.283,61.9474,0,50.6386,79.6063,1245.62,17.875,0.0,160.491,8.10803,16.3897,0.0,0.0,46.0452,383.026,57.9915,0.0,0.0,0.0,48.489,0.0,4.34416,22.44,0.0,31.4063,0.0,0.0,0.0
2023-12-08 14:15:00,65.4985,2171.13,79.9694,0.0,105.24,19.0819,41.6626,52.1992,15.926,31.5003,0.0,36.3623,24.9241,20.9994,5.41926,11.35,81.632,0,1892.97,0.0,41.9409,86.7034,30.8,10.8995,48.9743,5.35492,38.8609,17.4019,0.0,77.1727,43.2686,25.05,7.80851,,204.012,28.9996,15.381,108.048,10.933,10.7704,51.822,892.787,610.309997559,100.68,43.75,25.8991,16.057,0.0,55.4489,0.0,0.184,0.0,471.105,0.0,10.4,65.463,185.237,109.09,0,42.2376,79.9725,1246.3,14.9648,0.0,160.571,8.80238,16.1101,0.0,2.22847,46.7948,385.562,84.9977,0.0,0.0,0.0,47.989,0.0,4.34416,22.44,0.0,31.2794,0.0,0.0,0.0
2023-12-08 14:20:00,59.8937,2178.28,57.2898,0.0,107.4,20.7921,36.51,50.0992,15.7307,25.4028,0.0,36.7849,22.2946,20.2958,4.16742,9.65,71.0088,0,1955.06,0.0,22.2019,87.1666,26.7179,13.3013,46.4243,8.72487,56.1649,20.6186,0.0,52.2261,43.65,42.58,9.64506,,180.195,28.4473,17.132,108.396,10.477,10.8925,50.942,929.262,436.5,82.82,79.0,20.9003,14.665,0.0,33.48,0.0,0.08352,0.0,479.702,0.0,10.2,50.9719,137.427,101.836,0,43.0799,80.058,1256.19,19.667,0.03816,160.18,6.80723,15.8,0.0,2.85146,87.0277,386.02,120.997,0.0,0.0015,0.01645,47.889,0.0,4.34416,22.66,0.0,44.2226,0.0,0.0,0.0
2023-12-08 14:25:00,59.4977,2172.64,79.2711,0.0,107.8,15.6595,89.8787,50.1992,10.2873,19.0032,0.0,61.7136,34.4543,25.5971,4.47821,11.51,87.296,0,2015.29,0.0,15.9213,86.9098,23.2267,9.89853,48.3843,2.82496,48.0779,16.8235,0.0,42.0905,43.7946,47.74,22.3621,,86.0815,10.1309,15.01,107.564,10.058,12.6601,50.988,992.935,487.140014648,93.8,68.75,18.5016,13.76,0.0,31.9896,0.0,0.17395,0.0,500.85,0.0,10.5,50.9828,57.5921,86.6426,0,56.3406,80.1007,1196.11,38.9129,0.1331,160.192,4.44294,15.5596,0.0,4.77143,86.9007,386.322,103.993,0.0,0.04935,0.0,47.789,0.0,4.34416,22.33,0.0,43.298,0.0,0.0,0.0
2023-12-08 14:30:00,62.3968,2177.62,79.911,0.0,107.53,10.2621,93.68,49.2993,0.0,17.1973,0.0,65.0156,40.6531,24.7961,5.31098,10.6,81.0765,0,2003.57,0.0,3.03044,86.4868,25.4777,9.80087,51.0042,2.24497,46.8401,20.0505,0.0,44.2122,43.5608,29.25,13.2137,,79.7368,11.5611,8.582,106.732,9.819,21.0098,50.418,1012.74,598.909973145,81.48,60.25,19.0997,13.588,0.0,30.757,0.0,0.12371,0.0,507.84,0.0,10.5,64.3314,64.7242,74.1155,0,56.7471,121.999,1148.5,44.6088,0.0,160.186,5.50643,15.3105,0.0,1.65547,80.7363,386.075,123.998,0.0,0.0,0.0,47.589,0.0,4.34416,22.62,0.0,49.7334,0.0,0.0,0.0
2023-12-08 14:35:00,83.797,2149.81,79.911,0.0,107.71,8.06104,98.2797,49.9992,0.0,19.7997,0.0,61.3596,53.644,19.0966,8.03456,8.69,81.3068,0,1978.18,0.0,1.17494,88.0126,23.8663,15.8007,61.6941,2.67496,46.9543,25.3929,0.0,47.8187,43.65,26.06,12.3622,,148.602,12.8142,7.454,104.753,9.818,17.1914,49.742,1007.17,618.179992676,86.41,71.0,19.2004,11.614,0.0,33.0143,0.0,0.184,0.0,527.613,0.0,10.2,47.2694,72.3781,71.2187,0,66.6056,164.364,1141.27,43.1513,0.0,145.452,1.85013,15.0896,0.0,4.60943,81.1049,348.327,150.995,0.0,0.0,0.0,27.289,0.0,4.34416,22.68,0.0,56.9845,0.0,0.0,0.0
2023-12-08 14:40:00,86.6948,2190.78,69.5695,0.0,107.33,31.2917,95.9286,22.3997,5.89657,19.2023,0.0,59.5728,44.9049,21.0967,7.88326,6.84,66.8354,0,2063.9,0.0,0.0,89.0499,23.5245,12.7001,57.1941,2.67496,35.0269,15.4262,14.3,46.59,43.4747,15.83,11.6751,,90.1199,0.30356,5.353,104.616,9.617,17.6138,49.928,1038.37,590.770019531,62.03,68.75,18.999,13.566,0.0,28.8232,0.0,0.15386,0.0,550.586,0.0,10.2,47.7089,64.5869,74.7991,0,66.8473,168.301,1097.3,34.5452,41.2131,140.838,3.23882,14.76,0.0,2.47646,87.0646,345.306,152.996,0.05234,0.0,0.01047,25.289,0.0,4.34416,22.54,0.0,54.0115,0.0,0.0,0.10872
2023-12-08 14:45:00,121.996,2173.01,74.7389,0.0,107.2,36.7906,30.9215,46.3993,9.37319,19.9989,0.0,45.9937,31.754,18.2956,7.0423,9.17,58.9087,0,2103.82,0.0,0.0,89.5132,24.1935,24.0986,49.6143,3.43495,27.8984,13.2449,0.0,44.0013,43.5608,21.92,12.2767,,109.527,12.6125,4.055,104.453,9.567,15.2065,50.012,1059.49,0.0,55.97,86.25,17.3999,13.857,0.0,31.8944,0.0,0.1639,1512.44,438.975,0.0,10.3,48.0165,72.9824,74.2095,0,57.3843,159.951,1107.46,35.8953,39.0573,66.5995,3.49371,14.3706,0.0,0.0045,72.9088,381.222,171.992,0.0,0.04038,0.0,20.389,0.0,4.34416,23.31,0.0,4.21469,0.0,0.0,0.86633
2023-12-08 14:50:00,140.199,2213.27,79.7888,0.0,0.0,46.319,69.2717,34.2995,8.3888,25.4028,0.0,0.0,0.42908,16.0964,4.1719,5.8,52.757,0,2202.11,0.0,0.0,89.5786,20.2676,27.0985,0.0,0.315,0.0,17.7114,19.4,45.8179,43.8254,26.99,12.4191,,99.4456,11.5363,6.045,106.143,6.266,10.0746,50.16,1105.05,0.0,65.97,75.25,14.699,16.169,0.0,65.288,0.0,0.12371,1724.75,398.501,0.0,10.3,48.0824,65.6031,62.5028,0,46.2293,160.256,1100.28,26.8424,49.3445,52.4208,8.19593,13.9701,0.0,0.0,81.3384,385.653,171.0,0.0,1.83185,0.96751,19.189,0.0,4.34416,23.29,0.0,0.0,0.0,0.0,0.0
2023-12-08 14:55:00,139.495,2237.41,70.1111,0.0,0.0,41.8395,57.0913,0.0,7.14269,25.6981,0.0,0.0,0.12879,16.5964,2.33792,9.12,46.3749,0,2302.57,0.0,0.0,88.7025,19.6964,27.0985,0.0,0.0,0.0,15.1223,15.0,45.3059,43.5331,21.73,13.184,,61.3472,8.74846,5.932,107.696,4.498,8.38025,50.074,1216.01,0.0,47.55,82.75,11.2016,8.011,0.0,76.8737,0.0,0.1639,1674.12,347.529,0.0,10.3,2.1149,36.1685,45.8997,0,38.4949,249.915,1098.5,32.0647,49.9458,48.5267,6.09531,13.6906,0.23499,0.0,79.1716,385.928,48.9982,0.0,2.95937,1.17687,18.989,0.0,4.34416,24.21,0.0,0.0,0.0,0.0,0.0
2023-12-08 15:00:00,170.097,2223.06,73.1591,0.0,2.19,29.1818,57.062,48.1993,7.2091,22.9034,0.0,43.4882,1.9086,13.8971,2.9801,13.15,42.0254,0,2344.32,0.0,0.46082,87.6853,20.4337,27.0985,42.3944,8.81487,0.0,17.0567,0.0,67.4611,43.4162,20.69,14.7256,,43.5619,5.72522,7.845,115.018,5.267,7.23033,50.102,1256.81,0.0,37.99,82.75,16.3012,11.159,4.14282,50.4925,0.0,0.14381,1751.06,502.055,0.0,10.3,0.0,27.9652,37.8247,7,34.2284,324.459,1050.03,34.5257,2.17528,47.7333,7.0006,13.2902,0.0,8.82936,45.6765,371.115,52.9991,0.07327,0.04038,0.0015,22.489,0.0,4.0012,25.12,0.0,47.1955,0.0,0.0,0.0
2023-12-08 15:05:00,158.998,2197.67,80.1313,0.0,107.6,26.8227,54.5205,1.19998,6.2247,17.4033,61.9849,65.5817,40.3027,10.8968,6.48474,16.13,39.3018,0,2354.31,0.0,3.35393,66.7679,18.7442,17.2992,61.1841,6.3949,81.4607,22.7626,0.0,6.9568,43.853,18.67,13.0319,,40.7219,5.23314,9.12,111.786,5.738,6.09506,49.432,1196.82,0.0,35.92,79.75,16.3012,11.172,5.02174,32.6066,0.0,0.17395,1718.27,613.926,0.0,10.3,43.4351,30.4189,30.117,6,33.214,366.03,994.83,20.2554,0.0,46.5431,9.20668,13.0094,0.0,9.67235,48.4188,382.092,45.9975,0.0,0.02243,0.0,27.189,0.0,4.0012,25.16,0.0,43.4068,0.0,0.0,0.0
2023-12-08 15:10:00,159.996,2235.63,57.2606,0.0,106.52,28.3403,88.7507,1.09998,0.0,11.9032,120.363,81.2695,38.4839,7.59571,5.1369,12.86,40.2232,0,2411.02,0.0,6.43015,56.42,19.0762,26.1006,63.494,7.60488,72.0978,25.6246,0.0,62.4374,43.7946,30.07,11.4493,,40.6313,5.85974,14.907,112.697,3.801,5.50912,49.274,1185.25,0.0,40.08,69.25,17.9004,14.387,1.96384,35.2243,0.0,0.17395,1162.77,625.617,0.0,10.3,43.4461,35.2071,23.6484,6,29.9034,411.93,941.899,43.183,0.0,46.7079,3.39702,12.6603,0.0,0.0,85.6801,383.246,51.9989,0.0,0.09122,0.0,24.089,0.0,4.0012,25.16,0.0,52.0356,0.0,0.0,0.0
2023-12-08 15:15:00,150.496,2262.9,38.5211,0.0,107.42,27.1618,85.3193,1.09998,0.0,11.4019,124.776,106.86,35.7653,8.8967,6.66342,12.15,42.5674,0,2496.5,0.0,11.3802,52.6333,22.3893,8.69917,76.2238,7.26489,63.3061,22.5023,0.0,67.3546,43.327,44.5,28.6003,,40.6716,6.0332,26.595,112.928,4.509,4.21271,41.166,1194.87,39.0099983215,48.95,52.0,17.2015,7.532,2.59556,42.8226,0.0,0.15386,643.31,541.977,31.0,10.3,48.5328,40.7919,20.9738,25,35.7372,411.93,985.186,43.183,0.0,48.7404,4.64509,11.1905,0.0,0.0,86.6755,367.233,61.9925,0.0314,0.0,0.01645,21.389,0.0,4.0012,25.06,0.0,51.4737,0.0,0.0,0.0
2023-12-08 15:20:00,156.293,2283.95,15.422,0.0,107.61,27.5427,40.5017,1.09998,0.0,11.6972,125.326,101.927,36.2243,17.5965,2.70822,12.76,35.684,0,2557.19,0.0,24.4175,88.4507,23.3585,9.59945,81.3138,6.6249,67.921,18.9595,0.0,81.3548,43.3547,27.94,27.222,,38.8487,5.67211,19.242,113.555,10.153,4.07355,49.284,1199.92,400.970001221,49.72,54.5,19.3988,6.665,1.89975,42.4462,0.0,0.17395,135.02,548.026,31.0,10.3,43.7208,37.6791,19.7092,42,45.0538,412.32,1042.19,15.6753,13.1252,44.3519,7.35216,11.8998,0.0,2.46146,76.1733,272.273,49.9984,0.10916,0.18991,0.02243,19.389,0.0,4.0012,25.22,0.0,57.8909,0.0,0.0,0.0
2023-12-08 15:25:00,143.997,2296.28,14.4423,0.0,107.48,37.5421,27.4021,1.09998,0.0,14.6017,124.652,95.0698,36.5331,21.2959,0.66022,12.51,32.4997,0,2639.59,0.0,45.1453,92.3028,43.4736,16.2005,70.1339,6.3449,50.4519,27.8741,0.0,49.0291,43.327,17.72,26.3844,,38.1538,5.61193,13.935,108.554,8.364,4.30549,49.406,1200.51,557.489990234,45.35,59.25,27.2999,5.264,1.24971,50.7908,0.0,0.14381,125.61,554.789,31.2,10.3,56.0146,37.6516,16.5048,40,42.7649,409.683,992.926,13.9492,0.02141,41.5381,8.48597,11.4701,0.0,1.28248,61.5383,219.611,48.9982,0.0,0.0,0.0015,19.989,0.0,4.0012,25.22,0.0,57.0389,0.0,0.0,0.0
2023-12-08 15:30:00,154.794,2294.2,14.5723,0.0,107.69,35.7126,26.2998,1.09998,0.0,19.0032,73.5427,98.0438,36.0839,13.4988,0.45835,13.61,38.0146,0,2665.98,0.0,34.0307,92.5445,50.2534,21.5991,72.9639,5.94491,62.6587,31.6336,0.0,58.6875,43.7669,13.66,4.95923,,36.0893,5.42785,13.262,102.142,7.302,4.17609,49.066,1200.29,980.130004883,50.2,56.75,38.7991,3.928,1.43282,55.3629,0.0,0.17395,1.6,550.928,30.9,10.3,43.3033,38.2559,13.9412,39,53.8503,410.202,1047.05,13.041,0.03816,36.6918,9.72525,11.1795,0.0,9.44936,64.2028,219.483,44.9972,0.0,0.07028,0.06131,18.889,0.0,4.0012,25.22,0.0,46.271,0.0,0.0,0.0
2023-12-08 15:35:00,165.295,2252.26,11.381,0.0,107.69,23.2307,30.2916,40.1994,0.0,20.198,13.9446,98.6435,37.1533,7.09567,0.25516,12.11,59.0984,0,2633.19,0.0,42.8016,92.3179,55.9616,25.8991,73.7139,5.56492,63.9028,25.819,0.0,60.842,43.5331,13.66,4.65408,,34.1456,5.13933,16.864,107.175,4.226,3.36065,48.694,1160.61,1022.90997314,48.91,54.5,48.6015,5.08,1.74411,45.0588,0.0,0.14381,0.0,526.808,30.0,10.3,41.7542,35.1064,9.93362,39,58.5891,392.123,1091.63,13.9809,0.0,31.754,12.2829,10.9305,0.0,0.80949,70.0621,227.521,38.9959,0.0,0.04337,0.0,18.789,0.0,4.0012,25.22,0.0,47.123,0.0,0.0,0.0
2023-12-08 15:40:00,155.2,2276.6,9.36045,0.0,107.19,20.7418,40.1721,38.2994,0.0,19.9027,0.0,73.8994,37.4743,6.89654,0.05146,8.49,160.629,0,2644.52,0.0,41.3001,93.3149,55.8615,27.0985,69.3739,5.40492,53.8036,28.808,0.0,85.0452,43.5608,15.7,4.68378,,29.1806,4.17642,16.933,83.2427,3.723,3.58038,47.504,1162.22,913.690002441,56.11,48.75,27.2999,9.966,0.0,56.0063,0.0,0.17395,0.0,531.0,30.3,10.3,64.0458,27.4891,10.3609,81,59.1971,410.8,1097.3,14.2519,0.0,28.4825,9.04848,10.5203,0.0,8.32937,24.7101,343.172,50.9986,0.0,0.10318,0.0,36.789,0.0,4.0012,25.22,0.0,48.0113,0.0,0.0,0.0
2023-12-08 15:45:00,174.794,2311.51,7.19126,0.0,107.58,23.0004,22.6816,35.2995,0.0,10.2003,0.0,81.4786,34.3835,10.8968,0.0,9.05,257.159,0,2660.9,0.0,68.8884,96.0643,67.8685,9.30037,71.9539,5.16492,61.3574,29.2325,0.0,79.1388,43.5608,25.85,8.36403,,29.1101,3.97641,17.397,75.7726,5.47,6.44419,47.888,1180.27,872.140014648,68.51,45.25,46.1021,12.81,0.0,65.7891,0.0,0.15386,0.0,550.191,30.7,10.3,40.5237,19.3774,11.5999,78,53.8137,411.276,1101.74,10.6655,3.48399,26.6819,12.6784,10.1102,0.0,3.27045,30.5674,358.801,27.9934,0.0,0.30954,0.0,27.689,0.0,4.0012,25.33,0.0,56.6582,0.0,0.0,0.0
2023-12-08 15:50:00,192.795,2302.7,6.88061,0.0,107.47,15.1718,24.7617,37.1994,0.0,10.9968,0.0,95.7092,31.8749,7.29923,0.0,9.12,199.056,0,2655.68,0.0,99.5712,98.1792,43.6152,6.30045,75.9638,4.94492,74.2116,30.1442,0.0,64.9216,43.5916,16.59,7.61114,,30.3085,3.83304,12.638,74.8566,4.147,6.4686,47.868,1189.06,853.099975586,79.9,41.75,40.5997,11.101,0.0,72.2356,0.0,0.2041,0.0,542.001,30.6,10.3,40.6885,26.5736,13.2491,70,49.5473,410.062,1101.79,10.5483,0.0,24.7776,14.9548,9.81964,0.0,1.85547,74.1294,383.301,19.9915,0.0,0.0,0.0,20.989,0.0,4.0012,27.1,0.0,57.4377,0.0,0.0,0.0
2023-12-08 15:55:00,163.4,2327.7,9.1799,0.0,106.5,24.5997,22.2422,38.5994,0.0,13.7022,0.0,71.7067,27.324,13.5962,0.0,9.85,272.687,0,2661.64,0.0,55.5825,98.5116,68.1102,7.29839,80.9638,4.66493,64.7153,32.4088,0.0,63.3303,43.4747,15.59,11.6557,,30.6912,4.33042,14.766,96.5405,5.061,6.52964,47.792,1204.36,908.200012207,66.22,42.75,35.7015,11.042,0.0,81.5139,0.0,0.08352,0.0,549.611,30.9,10.3,40.7434,22.005,15.3854,76,42.7869,409.134,1100.74,12.1816,0.0,22.3484,15.9744,9.34965,0.0,2.97245,35.2789,385.36,12.9986,0.0,0.05234,0.01645,48.689,0.0,4.0012,27.1,0.0,67.9155,0.0,0.0,0.0
2023-12-08 16:00:00,145.795,2305.53,12.3713,0.0,106.97,18.3535,16.8698,35.1995,0.0,27.298,0.0,60.0488,26.8553,6.99832,0.0,20.07,273.202,0,2647.18,0.0,27.3838,98.5267,57.8512,7.8996,86.3037,4.36493,64.6074,32.6421,0.0,84.8978,43.5916,22.66,8.84224,,29.2007,4.11978,15.348,112.676,6.839,5.85336,47.706,1181.44,955.400024414,52.59,40.5,25.0996,9.336,0.0,74.6357,0.0,0.14381,0.0,538.764,30.7,10.3,40.6006,26.5461,12.95,92,30.8592,409.494,1102.48,7.78454,11.8984,22.6658,16.7302,8.85037,0.0,2.46946,41.2836,372.927,7.99748,0.0,0.0,0.0,48.289,0.0,4.0012,26.74,0.0,77.1062,0.0,0.0,0.0
2023-12-08 16:05:00,152.998,2317.34,18.47,0.0,107.29,24.6415,19.4223,22.7997,9.10756,49.2023,0.0,68.278,28.6949,6.69741,0.0,14.44,251.698,0,2657.02,0.0,24.6372,98.5619,59.8923,7.10002,80.3538,4.13494,64.6328,31.5463,0.0,85.0739,43.4439,22.66,6.26534,,28.949,3.79763,13.075,113.029,3.691,6.02182,47.006,1188.45,606.619995117,54.73,42.5,49.1997,2.5,0.0,72.4456,0.0,0.14381,252.84,544.096,30.4,10.3,39.1284,17.6745,13.9498,105,34.7814,410.709,1099.2,7.93591,8.21617,23.3921,15.157,8.34986,0.0,2.79946,53.3197,371.371,4.9968,0.0,0.1301,0.0,48.089,0.0,4.0012,27.07,0.0,73.4807,0.0,0.0,0.0
2023-12-08 16:10:00,145.899,2327.87,24.0802,0.0,107.66,27.9719,34.2504,20.1997,9.43569,101.999,0.0,79.5315,36.8151,11.4987,0.0,23.68,167.377,0,2664.08,0.0,20.676,98.6475,35.6536,7.8996,74.8539,3.87494,67.4639,24.148,0.0,85.0616,43.1209,25.74,8.6272,,12.9966,1.80987,11.27,111.223,3.487,8.22889,46.954,1198.87,649.690002441,48.05,36.25,32.1004,3.795,0.0,34.9034,0.0,0.23424,252.84,549.271,31.0,10.3,37.5793,9.37057,15.1803,191,29.6983,412.088,1099.84,10.3139,0.0,21.6098,12.529,7.92016,0.0,2.85446,58.3004,377.203,3.99657,0.0,0.30954,0.0,19.089,0.0,4.0012,26.97,0.0,72.6287,0.0,0.0,0.0
2023-12-08 16:15:00,160.094,2324.77,55.7604,0.0,107.74,24.2815,23.5532,31.6995,14.0237,74.6017,0.0,75.2758,35.454,10.3968,0.0,16.64,52.6757,0,2665.15,0.0,18.1674,98.6123,23.5563,22.2004,73.9439,3.64494,76.1984,21.6509,0.0,85.2296,43.5608,37.92,7.69331,,15.4136,2.04352,10.255,107.559,3.882,9.09804,46.708,1199.31,689.820007324,55.67,29.75,18.6999,4.318,3.41039,48.0299,0.0,0.14381,256.06,557.486,31.1,10.6,37.865,1.73495,16.6586,190,28.2078,440.024,1097.13,9.72549,0.0,20.9018,12.8542,7.50999,0.0,4.99242,52.0274,344.088,2.99634,0.0,0.01346,0.06131,13.789,0.0,4.0012,27.01,0.0,85.7169,0.0,0.0,0.0
2023-12-08 16:20:00,189.493,2315.71,54.3002,0.0,107.44,16.5721,22.4106,25.7996,16.1213,38.9025,0.0,92.3095,31.7943,11.2995,1.3232,17.7,45.3993,0,2653.04,0.0,15.6588,98.8489,20.2628,26.2989,85.3237,3.36495,77.6013,25.0057,0.0,85.0002,43.5608,36.89,15.87,,15.474,1.80279,11.994,103.163,6.778,23.5856,45.912,1189.1,726.150024414,57.78,32.0,14.0001,2.602,7.47539,31.9862,0.0,0.14381,252.36,545.992,30.4,10.3,37.3815,9.89242,15.4281,190,28.2664,442.57,1098.93,8.07752,0.0,24.094,12.529,6.98996,2.38773,3.14345,64.3195,312.044,1.99611,0.0,0.04636,0.0,37.889,0.0,4.0012,27.01,0.0,94.9983,0.0,0.0,0.0
2023-12-08 16:25:00,194.897,2317.71,65.3107,0.0,107.49,17.4324,21.1801,24.8996,30.8677,58.4997,0.0,106.47,37.7636,6.99832,2.78579,19.36,26.4699,0,2642.84,0.0,10.66,98.7231,17.5137,24.1993,75.5439,3.20495,66.5689,20.1092,0.0,85.033,43.4747,37.9,8.09984,,16.8739,1.73376,12.33,94.8454,5.922,13.8784,45.068,1181.83,733.599975586,65.38,38.75,13.4997,2.543,7.70428,19.2096,0.0,0.12371,249.73,544.612,30.3,10.3,37.7661,11.1925,14.5394,190,32.0897,444.187,1098.54,7.81384,0.0,24.9424,16.8533,5.63982,0.0,2.68846,16.9042,309.178,0.99588,0.0,0.21384,0.0,47.989,0.0,4.0012,27.01,0.0,102.014,0.0,0.0,0.0
2023-12-08 16:30:00,198.596,2336.12,66.8401,0.0,107.57,29.3136,10.9407,26.1996,39.9108,48.1998,0.0,131.389,43.313,8.79934,3.82438,20.9,19.9795,0,2663.81,0.0,13.669,94.4278,34.7356,5.50088,77.3138,3.08495,53.7528,20.7392,0.0,82.7269,43.5916,39.93,5.30995,,16.1891,1.67535,10.032,106.322,5.469,7.61608,44.802,1213.45,689.200012207,61.17,32.75,26.1006,5.499,8.95857,19.0251,0.0,0.1639,254.64,558.679,31.2,10.3,37.3925,9.45296,22.9477,190,40.9741,443.204,1076.69,5.514,0.3658,25.626,15.28,2.28034,1.27504,3.54545,8.85914,366.445,1.99611,0.0,0.10318,0.63554,24.389,0.0,4.0012,27.02,0.0,100.636,0.0,0.0,0.0
2023-12-08 16:35:00,191.896,2327.35,77.5108,0.0,107.79,22.9397,11.6329,27.4996,53.4774,34.1989,0.0,118.724,46.5736,11.2995,4.65792,22.75,22.7301,0,2655.07,0.0,15.5428,88.2895,24.0372,5.40017,86.1837,3.04495,57.8979,20.3274,0.0,80.8182,43.3854,38.91,5.85958,,17.9716,2.72853,15.477,102.052,4.967,12.7748,44.888,1189.08,483.140014648,73.16,36.25,15.0988,1.785,15.8434,33.8653,0.0,0.14381,492.14,543.05,30.6,10.3,54.1579,18.3978,34.1332,190,46.0499,450.407,1101.62,4.64973,0.0,30.2831,18.8572,4.90005,3.0988,2.73846,4.84454,350.945,1.99611,0.0,0.0,0.0,47.989,0.0,4.0012,27.08,0.0,97.3368,0.0,0.0,0.0
2023-12-08 16:40:00,180.698,2319.49,72.7502,0.0,107.94,19.7308,11.3326,26.0996,48.825,51.5988,0.0,127.848,53.0642,14.4989,3.50451,20.1,35.1962,0,2653.8,0.0,18.558,87.9471,21.586,10.399,89.6736,2.84496,56.952,16.8036,0.0,85.078,43.5023,38.94,4.80282,,20.7512,2.84889,11.022,79.0681,4.848,7.23033,44.296,1185.83,517.739990234,76.29,38.5,14.2016,1.513,14.8821,20.3909,0.0,0.17395,497.12,547.374,30.4,10.3,40.6665,15.9991,83.9509,190,40.52,449.973,1096.54,4.56672,0.0,34.1589,19.1736,4.6498,2.79118,2.75646,3.55968,302.971,3.99657,0.0,0.23178,0.0,13.389,0.0,4.0012,26.93,0.0,87.4572,0.0,0.0,0.0
2023-12-08 16:45:00,193.196,2336.31,67.7215,0.0,106.98,25.0916,9.96292,22.4997,58.3915,19.9027,0.0,134.029,52.3232,17.3973,2.23987,20.02,43.692,0,2666.25,0.0,94.4015,81.0082,14.6035,9.0013,81.8138,2.66496,58.6342,14.8906,0.0,84.3735,43.7946,30.85,3.63098,,16.461,2.29841,21.906,84.4799,4.447,7.55261,43.572,1201.75,496.209991455,80.87,34.0,11.4,1.718,12.3552,15.1826,0.0,0.12371,503.47,552.773,31.0,10.3,40.3589,13.5363,46.0877,189,40.9265,449.033,1105.75,4.26886,0.0,35.2209,21.3709,4.6205,2.8101,2.85646,2.75827,294.759,4.9968,0.0,0.0,0.0,11.889,0.0,4.0012,26.87,0.0,88.6173,0.0,0.0,0.0
2023-12-08 16:50:00,177.399,2306.16,39.9203,0.0,106.55,27.0027,6.51316,22.2997,61.208,35.7027,0.0,103.967,46.4344,17.4991,1.61709,13.52,39.3018,0,2633.1,0.0,61.088,71.1941,11.9814,5.40017,69.5839,2.65496,41.5905,16.0998,0.0,83.1406,43.5608,32.86,1.8391,,16.8135,2.11786,36.829,84.7852,4.347,6.33433,42.738,1178.27,631.0,61.26,26.25,10.3014,1.938,9.31563,10.5654,0.0,0.17395,490.71,537.567,30.3,10.3,47.1376,10.2953,32.484,190,54.3154,449.314,1102.65,1.78592,0.0,36.4599,16.0007,4.26038,3.41131,2.35646,5.19987,331.6,6.99725,0.0,0.0,0.0,10.189,0.0,4.0012,27.17,0.0,78.3571,0.0,0.0,0.0
2023-12-08 16:55:00,149.998,2332.87,39.0999,0.0,107.63,30.3916,5.44015,21.0997,59.7665,44.4987,0.0,82.5589,45.304,21.4994,1.31424,14.63,26.348,0,2652.07,0.0,105.333,66.6622,12.5771,4.29847,80.9038,2.69496,33.9351,16.6806,0.0,31.4051,43.5608,41.99,1.13946,,20.3685,2.67543,24.082,47.703,2.556,6.34165,42.05,1194.87,682.909973145,47.35,22.0,10.2007,1.29,9.36141,7.86334,0.0,0.14381,497.39,545.635,30.7,10.3,41.0291,14.3603,31.8773,190,65.0419,452.421,1100.77,1.8201,0.0,36.8994,20.7205,3.7904,3.73236,2.77646,6.28378,349.865,10.9982,0.0,0.27066,0.0,6.589,0.0,4.0012,27.17,0.0,73.807,0.0,0.0,0.0
2023-12-08 17:00:00,133.997,2335.07,35.5102,0.0,106.79,31.4613,4.47333,19.5997,53.6727,47.4994,0.0,68.4367,37.1923,17.8974,1.20851,15.0,19.1123,0,2654.02,0.0,37.1069,66.1888,13.1875,4.29847,76.0639,2.64496,57.2758,21.5541,0.0,38.6212,43.853,43.02,1.00262,,22.4431,2.925,13.215,57.2894,2.045,16.2197,41.506,1198.94,813.809997559,44.09,20.25,11.6014,1.628,9.25154,4.26831,0.0,0.15386,504.96,554.599,31.3,10.3,41.1279,15.2483,51.4455,191,60.4788,452.769,1100.2,1.51003,0.0,43.5096,24.869,3.22031,3.40642,3.99344,5.53728,332.937,22.9922,0.0015,0.13309,0.09122,4.289,0.0,4.0012,27.07,0.0,80.5324,0.0,0.0,0.0
2023-12-08 17:05:00,125.899,2307.43,24.0111,0.0,107.34,27.5804,3.36004,19.2997,49.4773,8.90249,0.0,53.1517,26.4048,12.397,0.59344,13.65,16.8765,0,2639.76,0.0,31.8029,67.352,15.2212,5.79995,67.284,2.47496,85.993,15.6007,0.0,40.4623,43.3547,42.02,0.61674,,21.3756,2.74446,6.448,75.9095,1.995,21.2125,40.762,1178.46,899.700012207,49.02,16.5,14.3999,1.247,11.339,3.88729,0.0,0.12371,491.74,532.544,30.4,10.2,36.6345,15.3033,58.7942,191,54.938,456.968,1099.15,0.34302,0.0,37.0336,26.1435,2.81014,4.2298,0.0,4.28365,303.877,72.995,0.0,0.0,0.0,2.289,0.0,4.0012,26.95,0.0,85.7532,0.0,0.0,0.0
2023-12-08 17:10:00,115.397,2312.51,19.8612,0.0,107.61,28.4114,2.7924,14.6998,54.5243,8.20211,0.0,50.5058,31.2938,12.9988,0.59344,10.36,17.2966,0,2639.74,0.0,27.2984,64.5322,15.126,6.00137,62.1141,1.53498,79.5437,14.8057,0.0,40.6385,43.5331,41.01,0.68832,,35.4548,4.34281,4.616,75.5568,1.945,11.2172,39.896,1178.88,822.599975586,46.11,12.25,23.6011,1.553,15.1568,4.49972,0.0,0.14381,494.14,540.543,30.4,10.2,47.2914,24.3305,59.0762,190,54.4216,454.319,1099.79,0.55543,0.0,30.0206,21.6873,2.24982,12.3568,0.0,2.85235,267.53,149.995,0.0,0.0,0.0,1.389,0.0,4.0012,26.95,0.0,71.0878,0.0,0.0,0.0
2023-12-08 17:15:00,106.697,2330.26,50.9707,0.0,107.8,28.9996,2.34195,17.1997,68.8136,16.4008,0.0,44.3107,29.5848,18.2956,0.59229,9.05,16.741,0,2654.17,0.0,12.1004,62.0849,43.1,5.10109,58.6641,1.16498,68.1939,18.923,0.0,35.7294,43.65,40.0,1.35789,,83.2012,7.09169,5.258,57.9738,2.195,8.7953,38.336,1195.53,711.890014648,28.37,11.0,31.4015,3.145,20.3754,6.41228,0.0,0.14381,502.29,553.621,31.0,10.2,36.3488,59.1211,77.8412,202,47.577,455.589,1096.3,0.54566,19.181,44.8524,18.2596,1.99957,25.5222,0.0,1.55136,217.002,126.999,0.01645,0.04935,0.0,0.0,0.0,4.34416,26.89,0.0,76.0548,0.0,0.0,0.0
2023-12-08 17:20:00,125.994,2337.0,44.7817,0.0,107.74,28.0409,1.41176,14.7998,75.2316,13.7022,0.0,45.7099,28.1834,18.0965,0.59229,6.24,21.1854,0,2653.21,0.0,5.80758,58.6709,39.5477,12.9992,57.1141,1.15498,63.1157,23.7885,0.0,28.4785,43.4162,35.89,1.5639,,91.3385,13.825,6.048,66.6811,2.447,10.7997,36.168,1196.92,696.309997559,20.12,10.5,32.5002,2.17,30.959,6.71224,0.0,0.1639,502.44,549.608,31.0,10.2,48.1923,80.5814,74.1326,249,43.23,456.052,1097.03,0.39429,0.0,41.9776,19.3582,0.99002,39.6387,1.14548,1.78048,199.103,43.997,0.0,0.0,0.0,0.0,0.0,4.34416,27.11,0.0,86.9677,0.0,0.0,0.0
2023-12-08 17:25:00,112.298,2337.44,41.7895,0.0,107.18,34.3625,1.89151,13.7998,73.0714,32.7981,0.0,43.1907,31.4635,19.1984,0.89661,5.79,50.4806,0,2652.51,0.0,7.10765,54.8792,38.2879,5.79995,62.084,0.73499,49.5696,18.3985,0.0,11.7453,44.0,35.49,1.80314,,71.3376,11.2442,6.449,66.123,2.597,9.24208,33.522,1198.19,692.349975586,21.42,9.25,29.5003,1.87,44.6922,5.63204,0.0,0.184,499.71,542.678,31.0,10.5,36.7333,48.8853,74.594,248,39.6411,456.736,1102.26,0.80446,12.738,31.1254,21.7049,0.79958,49.7999,2.17547,3.12102,200.43,30.994,0.07626,0.13907,0.01645,1.189,0.0,4.34416,27.08,0.0,90.1401,0.0,0.0,0.0
2023-12-08 17:30:00,102.495,2330.53,34.8199,0.0,107.62,39.0932,2.67155,12.6998,68.3526,16.5999,0.0,32.8969,35.3234,22.1986,1.00061,5.42,68.4614,0,2650.24,0.0,6.8452,48.6049,15.3408,6.49882,55.6741,0.54499,55.892,18.9262,0.0,16.8612,43.5023,35.38,1.38259,,112.155,20.5848,5.859,60.1375,2.447,6.056,31.262,1193.18,655.229980469,24.62,8.75,17.0001,1.237,57.116,6.35574,0.0,0.08352,496.25,548.655,30.8,10.4,36.8322,50.1854,47.8651,245,40.8826,456.992,1098.93,0.93385,0.0,50.9377,17.4334,0.8594,49.7743,3.38145,6.4041,184.344,33.9947,0.0,0.0,0.0,2.489,0.0,4.34416,27.24,0.0,90.5751,0.0,0.0,0.0
2023-12-08 17:35:00,107.296,2335.09,28.2513,0.0,105.44,39.5202,3.00114,12.3998,71.3683,30.0034,0.0,31.7189,31.9139,52.4974,1.61773,5.97,61.2257,0,2652.24,0.0,3.32952,37.6931,20.983,11.4,58.2541,0.56499,55.7967,18.266,0.0,13.631,43.7085,32.38,1.44896,,39.745,4.82249,8.023,52.1619,2.396,6.66148,28.432,1195.28,751.83001709,11.94,8.5,17.9004,1.217,81.9547,6.30867,0.0,0.13376,506.57,553.236,31.1,10.4,48.2582,23.6622,30.305,285,43.7427,456.284,1097.45,1.33181,13.3281,52.7932,18.4353,0.74953,44.1993,3.09945,10.7669,166.427,45.9975,0.0,0.0,0.0,2.589,0.0,4.34416,27.24,0.0,83.4872,0.0,0.0,0.0
2023-12-08 17:40:00,121.097,2327.6,22.0517,0.0,105.91,36.7802,3.42229,12.2998,69.0753,24.4003,0.0,28.8579,31.9945,60.2989,2.13542,9.69,98.285,0,2647.84,0.0,3.06096,35.986,31.2785,16.7987,52.5742,0.54499,52.0643,20.548,0.0,13.9653,43.4747,29.36,1.19994,,32.2522,4.27555,9.905,44.9392,2.045,4.49592,26.024,1192.99,842.989990234,10.61,7.5,27.6997,1.003,86.3218,6.37742,0.0,0.14381,494.15,544.727,30.7,10.4,37.1618,20.5219,20.0082,319,43.8013,457.371,1096.84,1.6321,0.0,26.8833,15.9744,0.67019,44.2896,4.70243,13.8701,148.217,34.995,0.0,0.0,0.0,3.789,0.0,4.34416,27.04,0.0,87.3847,0.0,0.0,0.0
2023-12-08 17:45:00,141.095,2342.15,18.8205,0.0,105.61,33.9125,4.11078,10.4998,61.3408,58.6988,0.0,36.3775,27.1043,62.9982,2.2432,15.01,120.575,0,2658.41,0.0,4.22065,32.2447,37.5311,18.0011,41.1144,0.51499,39.8195,21.5494,0.0,13.1471,43.3854,26.27,1.14534,,25.404,3.30202,5.325,30.3464,1.794,4.69856,23.274,1201.17,806.409973145,9.55,7.25,29.3996,0.705,88.3269,6.28738,0.0,0.184,504.53,557.648,31.0,10.4,36.5905,14.9737,21.1618,359,40.4175,457.823,1103.6,1.8616,0.05492,22.0615,15.9656,0.61037,47.7882,5.02642,11.5205,130.904,75.9957,15.6941,0.1929,0.08225,3.489,0.0,4.34416,27.04,0.0,79.9886,0.0,0.0,0.0
2023-12-08 17:50:00,143.499,2339.24,12.7218,0.0,103.78,32.7109,6.14328,8.89986,52.8211,51.5026,0.0,60.6699,28.9244,61.1972,3.38598,17.67,115.25,0,2658.17,0.0,7.74853,29.1982,40.9198,15.9991,38.6344,0.47499,32.8115,21.8993,0.0,36.0038,43.7946,25.29,1.14534,,19.724,2.69313,5.489,29.72,1.794,3.94659,20.464,1204.8,773.159973145,9.46,7.25,29.7993,0.501,97.3358,6.82759,0.0,0.14381,510.37,558.841,31.2,10.4,52.3891,13.6461,31.2962,375,32.4266,457.389,1101.47,2.76249,0.02141,18.1064,14.4538,0.58962,44.9158,5.02242,9.93331,115.248,19.0,21.1193,0.15702,0.0643,3.389,0.0,4.34416,27.04,0.0,67.3898,0.0,0.0,0.0
2023-12-08 17:55:00,147.198,2329.65,11.1712,0.0,103.35,30.3414,10.2522,7.59988,50.3328,44.897,0.0,67.01,29.7838,57.6969,2.12058,15.49,103.786,0,2653.04,0.0,5.11177,24.4649,34.533,13.7987,35.4145,0.42499,39.9591,17.0361,0.0,13.2224,43.5608,22.23,1.48979,,13.4397,1.83465,7.595,21.9287,1.794,4.21515,17.782,1194.28,907.929992676,11.69,6.75,26.2989,0.345,97.0886,6.7241,0.0,0.08352,509.48,561.767,31.2,10.4,37.2497,10.0664,45.9083,377,31.3536,457.292,1098.64,4.52277,0.0,23.0137,11.6589,0.55055,44.032,6.6274,7.00646,97.6608,8.99771,21.1073,0.0,0.0,3.489,0.0,4.34416,27.05,0.0,71.6679,0.0,0.0,0.0
2023-12-08 18:00:00,144.297,2330.36,5.35129,0.0,100.0,28.3131,16.4999,6.5999,50.7898,39.699,0.0,69.5643,26.7845,52.4974,0.97731,14.61,91.7675,0,2650.94,0.0,2.37736,19.0366,19.9234,12.0989,31.5445,0.39499,35.1158,19.4165,0.0,27.2507,44.0,20.22,2.96,,10.3378,1.33904,5.688,19.4597,1.644,3.89776,14.81,1192.11,765.020019531,11.82,6.5,12.7001,0.238,109.256,7.15519,0.0,0.15386,505.74,583.029,31.3,10.4,36.9311,7.23735,32.6805,377,28.6473,454.639,1095.44,7.30602,46.7048,36.9726,10.4811,0.5298,48.8807,5.02442,6.69184,81.5839,8.99771,59.766,0.0015,0.0,3.789,0.0,4.34416,26.8,0.0,66.1934,0.0,0.0,0.0
2023-12-08 18:05:00,134.695,2323.47,3.9919,0.0,95.69,20.61,32.5512,5.89991,45.8757,11.2989,0.0,60.1434,27.8148,49.1962,0.56931,12.73,78.6917,0,2644.3,0.0,2.26139,14.6457,9.60342,6.00137,33.2245,0.34499,35.1094,16.933,0.0,7.73683,43.7361,17.1,4.8745,,7.86038,1.09477,6.869,9.58377,1.494,4.10285,12.094,1186.91,859.190002441,15.1,6.5,10.2007,0.2,114.548,6.88092,0.0,0.1639,498.98,539.583,30.7,10.4,40.7984,5.10414,24.6226,376,29.0868,496.681,1099.59,14.2129,49.5437,27.7867,10.0856,0.48952,50.0221,4.93342,6.19213,62.8245,14.9991,58.8449,0.0,0.0,5.489,0.0,4.34416,26.81,0.0,64.3806,0.0,0.0,0.0
2023-12-08 18:10:00,118.496,2337.98,3.46088,0.0,94.09,24.0533,26.4097,5.29992,47.7117,7.39872,0.0,54.7051,30.3648,41.8992,0.36629,11.25,64.5455,0,2658.19,0.0,3.74456,11.2417,17.2402,9.70016,33.6545,0.265,28.9648,15.5428,0.0,4.93824,43.8838,14.19,7.5753,,6.07782,0.85228,6.649,12.1738,1.444,6.5565,9.616,1201.56,804.049987793,21.98,6.5,17.7997,0.137,121.469,15.5182,0.0,0.17395,511.41,561.055,31.3,10.4,40.6445,3.91394,19.5895,378,28.8963,539.968,1095.03,13.3022,16.1466,20.2915,10.9645,0.38942,53.2277,5.07142,5.46253,45.8045,57.0,60.0382,0.75816,0.08524,14.189,0.0,4.34416,26.96,0.0,61.5164,0.0,0.0,0.0
2023-12-08 18:15:00,108.599,2332.24,3.39185,0.0,92.53,20.252,24.271,4.49993,53.7391,15.0,0.0,56.7193,32.0543,39.6999,0.36629,8.65,56.4697,0,2654.48,0.0,3.11589,8.19524,8.11414,8.5008,31.5545,0.0,26.6225,14.1907,0.0,6.30349,43.7669,7.03,5.14099,,8.16251,1.04167,5.911,9.13104,1.494,2.68437,6.966,1199.82,768.229980469,15.37,6.25,9.80087,0.057,112.534,21.4758,0.0,0.12371,499.39,547.994,30.9,10.4,40.8313,5.1133,14.1891,378,33.8366,591.391,1099.35,8.90516,22.4779,15.4574,11.1579,0.35035,49.2628,4.93342,4.27622,29.3431,61.9925,59.1469,0.0,0.0,8.789,0.0,4.34416,27.08,0.0,54.5735,0.0,0.0,0.0
2023-12-08 18:20:00,104.898,2334.36,3.17148,0.0,97.68,21.8827,20.8102,3.79994,54.2626,18.5981,0.0,49.2866,30.0951,40.2973,0.56723,6.23,46.3207,0,2652.92,0.0,3.17082,5.50126,5.35286,6.99931,28.5646,0.0,26.3495,11.9254,0.0,6.16141,43.65,1.97,6.22362,,12.7448,1.64703,7.717,5.7092,1.594,1.99588,4.948,1197.63,773.739990234,12.34,5.5,3.70031,0.256,116.425,18.8415,0.0,0.14381,497.85,547.889,30.9,10.4,42.0288,8.5008,11.5914,378,32.097,606.821,1100.84,8.85145,23.0029,14.8592,11.1755,0.31007,48.3473,4.99742,3.22765,21.68,54.9995,59.9724,0.0,0.0015,6.189,0.0,4.34416,27.08,0.0,58.7429,0.0,0.0,0.0
2023-12-08 18:25:00,93.7974,2323.59,2.84225,0.0,95.31,19.6031,16.2106,3.09995,47.8406,6.80133,0.0,37.4182,27.6731,34.496,0.3592,4.14,38.2991,0,2645.57,0.0,3.72015,3.91508,5.14046,5.79995,29.6546,0.0,25.2768,13.6179,0.0,4.99046,43.4439,1.97,8.04531,,11.0428,1.52136,2.315,3.33497,1.594,3.0164,3.268,1185.3,789.280029297,12.71,5.0,3.30053,0.447,120.655,16.26,0.0,0.14381,495.45,540.875,30.3,10.4,40.8203,6.95354,8.97658,376,31.1888,607.578,1096.88,6.21714,22.6175,12.3079,12.819,0.25025,53.135,4.95442,1.90374,7.39757,39.9961,59.443,0.0,0.0,2.589,0.0,4.34416,27.08,0.0,65.6858,0.0,0.0,0.0
2023-12-08 18:30:00,99.2965,2337.39,2.20238,0.0,27.62,19.8104,10.4317,2.89996,43.5163,4.50103,0.0,33.3211,25.9043,31.5975,0.25892,4.29,28.5973,0,2656.07,0.0,4.83711,2.26345,9.20058,4.1001,33.6445,0.0,31.9673,14.6271,6.1,4.68147,43.5916,0.96,6.75789,,10.3378,1.28948,4.703,1.87675,1.494,2.61357,1.83,1208.49,828.950012207,8.78,4.25,7.10002,0.271,122.33,6.77767,0.0,0.13376,511.61,565.803,31.5,10.4,40.3479,5.71756,7.31029,379,31.7784,607.047,1098.67,3.32158,22.934,8.76783,14.0495,0.19044,54.0871,5.20042,0.80083,4.17486,28.9936,57.2717,2.05914,0.53684,0.0,0.0,4.34416,26.89,0.0,71.4685,0.0,0.0,0.0
2023-12-08 18:35:00,96.8961,2342.08,1.68199,0.0,2.3,18.8621,5.33028,2.59996,41.2233,4.10277,0.0,31.1971,28.1444,27.199,0.87926,4.99,10.3861,0,2659.27,0.0,7.65698,1.38224,5.62875,3.00145,35.1245,0.0,33.4273,14.908,0.0,3.90592,43.327,0.96,3.31213,,9.94507,1.16912,3.854,0.91337,1.394,2.24979,0.972,1203.56,992.340026855,5.78,3.5,4.39918,0.148,123.813,10.3387,0.0,0.17395,503.23,555.073,30.9,10.5,40.4358,3.84985,5.02876,346,31.4452,607.443,1105.72,2.0618,23.0047,6.75364,13.3903,0.1294,58.5952,5.07142,0.50131,1.73953,16.9995,60.2894,0.95854,0.34842,0.0,0.0,4.34416,26.87,0.0,76.8162,0.0,0.0,0.0
2023-12-08 18:40:00,88.7942,2325.94,1.0607,0.0,4.49,18.6214,3.16228,2.19997,40.8952,2.79812,0.0,39.1577,29.4542,20.8976,1.5015,5.44,7.52703,0,2648.89,0.0,8.69459,0.63699,1.72488,2.69932,37.0344,0.0,32.3101,12.5205,0.0,3.70893,43.5916,0.96,3.36845,,8.14237,0.9868,2.842,0.31849,1.344,1.30739,0.458,1188.4,973.349975586,5.14,2.75,1.29854,0.076,136.521,9.39875,0.0,0.14381,496.77,546.968,31.0,10.2,40.7654,3.47448,3.98627,302,32.3607,607.98,1095.47,1.36355,44.8692,5.23995,12.0368,0.0,56.4114,2.96945,0.23714,0.0,4.9968,58.3364,0.0,0.0,0.0,0.0,4.34416,26.9,0.0,82.9615,0.0,0.0,0.0
2023-12-08 18:45:00,78.5958,2330.43,0.58013,0.0,36.27,17.9704,2.34195,1.99997,43.3835,1.69947,0.0,46.0746,32.2448,18.6983,1.08096,6.14,6.37528,0,2651.48,0.0,4.20233,0.0,0.9778,1.39925,38.2144,0.0,35.084,11.1652,0.0,6.36851,43.327,0.0,2.50317,,6.65187,0.82573,0.657,0.0,1.344,0.62135,0.0,1194.7,925.570007324,3.5,2.0,0.8011,0.0,146.455,7.45263,0.0,0.17395,497.81,546.274,30.6,10.3,40.6775,3.19066,2.31998,297,37.7404,606.333,1096.47,0.85817,34.3531,3.17693,10.0944,0.0,63.0668,4.77143,0.14136,0.0,2.99634,59.3682,0.0,0.0,0.0,0.0,4.0012,27.11,0.0,76.8887,0.0,0.0,0.0
2023-12-08 18:50:00,70.6959,2327.4,0.31197,0.0,82.7,18.613,1.68276,1.79997,53.868,1.30121,0.0,46.5019,31.1034,19.2957,0.34122,6.92,4.95253,0,2644.55,0.0,1.99283,0.0,0.54078,0.801099,38.8044,0.0,28.0825,13.6718,0.0,3.48224,43.3854,0.0,1.75597,,8.83726,1.13725,0.0,0.0,1.344,0.0,0.0,1189.59,807.150024414,2.4,1.25,0.49897,0.0,153.642,5.59188,0.0,0.14381,498.71,547.796,30.9,10.3,41.4905,4.60059,0.0,295,39.5093,607.114,1097.4,0.19898,31.5718,1.71817,11.6061,0.0,64.1105,1.00548,0.0,0.0,2.99634,59.2127,0.0,0.0,0.0,0.0,4.0012,27.11,0.0,75.1122,0.0,0.0,0.0
2023-12-08 18:55:00,62.6962,2321.23,0.0,0.0,102.54,19.4901,1.14076,1.39998,60.8798,1.10208,0.0,45.2537,33.2543,16.9991,0.03183,7.58,3.02843,0,2646.13,0.0,1.30922,0.0,0.2356,0.59968,38.0944,0.0,24.8895,13.6313,0.0,2.14054,43.2101,0.0,1.08141,,6.65187,0.83989,0.0,0.0,1.344,0.0,0.0,1186.22,764.479980469,1.55,0.5,0.3006,0.0,167.503,4.49705,0.0,0.14381,497.25,542.775,30.6,10.3,40.0183,3.07164,0.0,295,40.3735,607.333,1099.15,0.0,14.5028,0.44862,12.5378,0.0,71.0039,0.0,0.0,0.0,0.0,58.9047,0.0,0.0,0.0,0.0,4.0012,26.84,0.0,75.8917,0.0,0.0,0.0
2023-12-08 19:00:00,68.2969,2318.49,0.0,0.0,105.54,15.0734,0.84047,1.09998,64.6846,0.79995,0.0,48.7923,35.935,18.6983,0.005,8.36,1.59213,0,2641.18,0.0,0.43641,0.0,0.0,0.401312,37.0344,0.0,32.1006,12.1452,0.0,0.88154,43.7361,0.0,0.37294,,4.19455,0.54075,0.0,0.0,1.344,0.0,0.0,1183.12,693.719970703,0.87,0.0,0.19989,0.0,181.886,3.33326,0.0,0.1639,496.38,543.245,30.6,10.3,41.117,1.24056,0.0,294,38.0371,607.926,1099.98,0.0,30.7267,0.0,14.6736,0.0,72.6238,0.0,0.0,0.0,0.0,0.0,0.0,0.0,0.0,0.0,4.0012,26.96,0.0,74.1877,0.0,0.0,0.0
2023-12-08 19:05:00,91.0976,2333.41,0.0,0.0,103.39,12.932,0.54017,0.0,70.712,0.0,0.0,41.3352,40.7043,20.5967,0.005,8.4,0.0,0,2652.7,0.0,0.0,0.0,0.0,0.199893,37.6344,0.0,33.0337,10.6773,0.0,0.07128,43.6193,0.0,0.48773,,1.43511,0.11771,0.0,0.0,1.344,0.0,0.0,1200.7,589.25,0.08,0.0,0.00153,0.0,179.304,1.45732,0.0,0.14381,497.94,546.908,31.0,10.3,64.5512,0.0,0.0,297,39.9854,600.247,1121.98,0.0,22.7962,0.0,16.5808,0.0,71.4104,0.0,0.0,0.0,0.0,0.0,0.0,0.0,0.0,0.0,4.0012,26.82,0.0,83.4872,0.0,0.0,0.0
2023-12-08 19:10:00,64.1972,2325.52,0.0,0.0,92.54,14.2214,0.24353,0.0,70.0558,0.0,0.0,34.9279,40.9925,19.0966,0.005,7.44,0.0,0,2650.48,0.0,0.0,0.0,0.0,0.099184,39.0344,0.0,33.7827,14.5042,0.0,0.0,43.6193,0.0,0.19022,,0.0,0.0,0.0,0.0,1.344,0.0,0.0,1211.08,510.010009766,0.0,0.0,0.00153,0.0,186.894,0.37093,0.0,0.1639,495.98,541.723,30.7,10.3,64.9137,0.0,0.0,296,41.0913,599.594,1121.49,0.0,22.6938,0.0,16.9236,0.0,70.6084,0.0,0.0,0.0,0.0,0.0,0.0,0.0,0.0,0.0,4.0012,27.09,0.0,78.629,0.0,0.0,0.0
2023-12-08 19:15:00,40.9953,2336.39,0.0,0.0,94.96,14.0121,0.0,0.0,81.0012,0.0,0.0,35.0423,42.2046,18.1983,0.005,6.42,0.0,0,2653.8,0.0,0.0,0.0,0.0,0.001526,37.7244,0.0,34.1954,8.85625,0.0,0.0,43.8838,0.0,0.08056,,0.0,0.0,0.0,0.0,1.344,0.0,0.0,1227.63,588.469970703,0.0,0.0,0.00153,0.0,184.825,0.0,0.0,0.13376,504.12,549.803,31.0,10.3,64.3424,0.0,0.0,298,41.2158,599.887,1119.37,0.0,6.16655,0.0,15.9744,0.0,65.7133,0.0,0.0,0.0,0.0,0.0,0.0,0.0,0.0,0.0,4.0012,26.95,0.0,72.6106,0.0,0.0,0.0
2023-12-08 19:20:00,11.0934,2335.8,0.0,0.0,90.4,16.1221,0.0,0.0,103.416,0.0,0.0,15.4131,43.1836,17.8974,0.005,7.8,0.0,0,2657.17,0.0,0.0,0.0,0.0,0.001526,32.9745,0.0,30.1137,6.49885,0.0,0.0,43.1794,0.0,0.0,,0.0,0.0,0.0,0.0,1.344,0.0,0.0,1241.82,633.58001709,0.0,0.0,0.00153,0.0,178.865,0.0,0.0,0.15386,501.71,547.402,31.0,10.3,64.8808,0.0,0.0,299,41.3989,599.734,1118.17,0.0,7.08246,0.0,17.5388,0.0,65.4716,0.0,0.0,0.0,0.0,0.0,0.0,0.0,0.0,0.0,4.0012,26.91,0.0,85.1187,0.0,0.0,0.0
2023-12-08 19:25:00,19.8954,2335.88,0.0,0.0,89.29,17.4513,0.0,0.0,115.865,0.0,0.0,17.3129,45.6251,18.7957,0.005,5.25,0.0,0,2655.44,0.0,0.0,0.0,0.0,0.001526,31.4445,0.0,30.3232,12.292,0.0,0.0,43.5608,0.0,0.0,,0.0,0.0,0.0,0.0,1.344,0.0,0.0,1270.14,620.059997559,0.0,0.0,0.00153,0.0,179.304,0.0,0.0,0.1639,508.16,559.149,31.3,10.3,65.2763,0.0,0.0,307,36.9201,598.495,1121.81,0.0,9.85625,0.0,25.2558,0.0,68.3903,0.0145,0.0,0.0,0.0,0.0,0.67741,0.73423,0.0,0.0,4.0012,26.98,0.0,87.3303,0.0,0.0,0.0
2023-12-08 19:30:00,41.495,2339.76,0.0,0.0,99.33,17.0012,0.0,0.0,129.561,0.0,0.0,12.0623,41.4246,19.4993,0.005,6.25,0.0,0,2653.04,0.0,0.0,0.0,0.0,0.001526,34.2445,0.0,30.1709,13.5837,0.0,0.0,43.5331,0.0,0.0,,0.0,0.0,0.0,0.0,1.344,0.0,0.0,1274.46,536.390014648,0.0,0.0,0.00153,0.0,183.607,0.0,0.0,0.14381,497.74,546.101,30.9,10.3,65.2872,0.0,0.0,298,30.7604,600.168,1123.96,0.0,6.97263,0.0,29.4658,0.0,70.9075,0.0,0.0,0.0,0.0,0.09421,0.02841,0.0015,0.0,0.0,4.0012,26.98,0.0,73.4988,0.0,0.0,0.0
2023-12-08 19:35:00,45.9961,2339.64,0.0,0.0,103.71,18.0813,0.0,0.0,106.56,0.0,0.0,18.9197,42.5244,24.1987,0.005,7.08,0.0,0,2656.9,0.0,0.0,0.0,0.0,0.001526,35.8645,0.0,32.9321,11.2089,0.0,0.0,43.65,0.0,0.0,,0.0,0.0,0.0,0.0,1.344,0.0,0.0,1302.93,489.079986572,0.0,0.0,0.00153,0.0,175.496,0.0,0.0,0.14381,510.59,560.796,31.5,10.3,62.9911,0.0,0.0,305,27.0835,555.19,1125.08,0.0,0.16475,0.0,28.9472,0.0,71.9158,0.1705,0.0,0.0,0.0,0.0,1.66137,0.62058,0.0,0.0,4.0012,27.11,0.0,47.8119,0.0,0.0,0.0
2023-12-08 19:40:00,68.9988,2338.54,0.0,0.0,101.07,17.3906,0.0,0.0,41.6139,0.0,0.0,13.7606,41.3745,27.7964,0.005,4.85,0.0,0,2656.36,0.0,0.0,0.0,0.0,0.001526,40.0644,0.0,39.2164,11.1256,0.0,0.0,43.7669,0.0,0.0,,0.0,0.0,0.0,0.0,1.344,0.0,0.0,1304.19,489.880004883,0.0,0.0,0.00153,0.0,175.166,0.0,0.0,0.14381,499.64,552.618,31.3,10.6,61.9474,0.0,0.0,301,26.1424,503.56,1121.08,0.0,0.02327,0.0,27.8222,0.0,76.1797,0.0465,0.0,0.0,0.0,20.6767,0.91667,0.10019,0.0,0.0,4.0012,27.08,0.0,22.5056,0.0,0.0,0.0
2023-12-08 19:45:00,28.1957,2338.68,0.0,0.0,94.29,17.602,0.0,0.0,34.274,0.0,0.0,13.5714,44.1248,32.6994,0.005,5.85,0.0,0,2657.39,0.0,0.0,0.0,0.0,0.001526,42.4644,0.0,40.4733,17.2591,0.0,0.0,43.973,0.0,0.0,,0.0,0.0,0.0,0.0,1.344,0.0,0.0,1301.14,539.570007324,0.0,0.0,0.00153,0.0,180.082,0.0,0.0,0.14381,505.7,554.698,31.0,10.3,62.7604,0.0,0.0,301,24.9302,453.95,1121.57,0.0,10.9862,0.0,14.1726,0.0,81.7365,0.0,0.0,0.0,0.0,20.0157,0.02243,0.0,0.0,0.0,4.0012,26.89,0.0,36.2645,0.0,0.0,0.0
2023-12-08 19:50:00,46.494,2330.14,0.0,0.0,81.29,19.5717,0.0,0.0,44.1725,0.0,0.0,30.0969,45.0147,36.7971,0.005,5.68,0.0,0,2648.94,0.0,0.0,0.0,0.0,0.001526,43.5043,0.0,40.5621,17.2599,0.0,0.0,43.5608,0.0,0.0,,0.0,0.0,0.0,0.0,1.344,0.0,0.0,1292.92,523.409973145,0.0,0.0,0.00153,0.0,175.953,0.0,0.0,0.17395,499.03,546.495,30.8,10.3,62.0133,0.0,0.0,296,23.1614,403.275,1120.76,0.0,10.1094,0.0,8.82875,0.0,81.1261,0.0055,0.0,0.0,0.0,19.4774,0.0,0.0,0.0,0.0,4.0012,26.89,0.0,32.4395,0.0,0.0,0.0
2023-12-08 19:55:00,67.1962,2326.84,0.0,0.0,80.94,19.7329,0.0,0.0,59.5048,0.0,0.0,108.827,44.6741,41.7974,0.005,6.09,0.0,0,2651.21,0.0,0.0,0.0,0.0,0.001526,47.8243,0.0,37.712,17.5336,0.0,0.0,43.2962,0.0,0.0,,0.0,0.0,0.0,0.0,1.344,0.0,0.0,1293.62,474.209991455,0.0,0.0,0.00153,0.0,175.944,0.0,0.0,0.1639,500.57,545.11,31.0,10.3,62.2989,0.0,0.0,297,20.9311,350.063,1117.15,0.0,8.43771,0.0,15.3943,0.0,84.1169,0.0,0.0,0.0,0.0,19.3577,0.0,0.0,0.0,0.0,4.0012,26.89,0.0,13.0973,0.0,0.0,0.0
2023-12-08 20:00:00,104.597,2334.22,0.0,0.0,76.4,26.651,0.0,0.0,90.5678,0.0,0.0,160.415,42.024,44.0985,0.0,5.64,0.0,0,2654.12,0.0,0.0,0.0,0.0,0.001526,47.8243,0.0,37.2486,16.2768,0.0,0.0,43.65,0.0,0.0,,0.0,0.0,0.0,0.0,1.344,0.0,0.0,1296.75,366.230010986,0.0,0.0,0.00153,0.0,182.847,0.0,0.0,0.14381,498.19,547.979,31.1,10.6,61.5738,0.0,0.0,297,18.6642,299.986,1118.37,0.0,4.61212,0.0,15.7107,0.0,85.7392,0.0075,0.0,0.0,0.0,19.8632,0.06729,0.0,0.0,0.0,4.0012,26.89,0.0,14.2031,0.0,0.0,0.0
2023-12-08 20:05:00,99.6958,2336.53,0.0,0.0,79.0,27.5511,0.0,0.0,80.6106,0.0,0.0,139.525,40.2832,46.7978,0.0,11.87,0.0,0,2654.56,0.0,0.0,0.0,0.0,0.001526,48.6743,0.0,32.2402,17.9899,0.0,0.0,43.5023,0.0,0.0,,0.0,0.0,0.0,0.0,1.344,0.0,0.0,1302.19,142.11000061,0.0,0.0,0.00153,0.0,183.571,0.0,0.0,0.17395,510.24,550.009,31.5,10.4,61.6947,0.0,0.0,332,16.2692,300.487,1121.47,0.0,10.9583,0.0,9.63735,0.0,87.8218,0.0255,0.0,0.0,0.0,39.6531,0.04636,0.02841,0.0,0.0,4.0012,26.89,0.0,17.1216,0.0,0.0,0.0
2023-12-08 20:10:00,91.195,2327.23,0.0,0.0,81.4,28.5915,0.0,0.0,66.9112,0.0,0.0,36.9207,38.7146,57.6969,0.0,6.33,0.0,0,2655.14,0.0,0.0,0.0,0.0,0.001526,50.6142,0.0,32.5449,14.0059,0.0,0.0,43.2378,0.0,0.0,,0.0,0.0,0.0,0.0,1.344,0.0,0.0,1297.14,168.88999939,0.0,0.0,0.00153,0.0,185.759,0.0,0.0,0.15386,511.37,548.771,31.2,10.4,61.5628,0.0,0.0,330,15.6869,300.041,1121.35,0.0,13.5608,0.0,10.0505,0.0,81.8012,0.0,0.0,0.0,0.0,39.9492,0.0,0.0,0.0,0.0,4.0012,26.89,0.0,17.6655,0.0,0.0,0.0
2023-12-08 20:15:00,98.1952,2322.25,0.0,0.0,96.46,26.942,0.0,0.0,77.3293,0.0,0.0,31.458,35.2831,63.7991,0.0,2.77,0.0,0,2650.99,0.0,0.0,0.0,0.0,0.001526,43.6643,0.0,31.4975,9.64178,0.0,0.0,43.3854,0.0,0.0,,0.0,0.0,0.0,0.0,1.344,0.0,0.0,1294.87,232.679992676,0.0,0.0,0.00153,0.0,190.483,0.0,0.0,0.1639,499.09,539.249,31.1,10.4,62.266,0.0,0.0,325,14.6725,299.821,1116.29,0.0,0.0,0.0,24.1307,0.0,81.6974,0.0,0.0,0.0,0.0,39.6711,0.0,0.0,0.0,0.0,4.0012,26.86,0.0,27.1825,0.0,0.0,0.0
2023-12-08 20:20:00,111.597,2334.22,0.0,0.0,103.71,26.7536,0.0,0.0,52.493,0.0,0.0,31.5679,31.4256,69.596,0.0,3.22,0.0,0,2655.48,0.0,0.0,0.0,0.0,0.001526,43.4543,0.0,27.8032,8.30716,0.0,0.0,43.327,0.0,0.0,,0.0,0.0,0.0,0.0,1.344,0.0,0.0,1304.15,53.6699981689,0.0,0.0,0.00153,0.0,188.753,0.0,0.0,0.17395,506.48,543.726,31.1,10.4,62.5516,0.0,0.0,334,13.6727,299.925,1120.74,0.0,0.0,0.0,27.954,0.0,81.5058,0.0035,0.0,0.0,0.0,40.4995,0.64152,0.29459,0.0,0.0,4.0012,26.86,0.0,31.6238,0.0,0.0,0.0
2023-12-08 20:25:00,135.699,2331.7,0.0,0.0,106.4,24.652,0.0,0.0,22.4808,0.0,0.0,59.0784,29.9034,73.5963,0.0,5.22,0.0,0,2652.73,0.0,0.0,0.0,0.0,0.001526,39.4444,0.0,22.2298,3.97958,0.0,0.0,43.4439,0.0,0.0,,0.0,0.0,0.0,0.0,1.344,0.0,0.0,1295.26,43.1899986267,0.0,0.0,0.00153,0.0,193.092,0.0,0.0,0.14381,495.6,537.077,30.8,10.4,62.6725,0.0,0.0,326,12.6216,284.898,1141.27,0.0,0.0,0.0,17.284,0.0,80.3204,0.0,0.0,0.0,0.0,50.052,0.02542,0.0,0.0,0.0,4.0012,27.04,0.0,31.8413,0.0,0.0,0.0
2023-12-08 20:30:00,144.099,2328.33,0.0,0.0,107.34,23.4903,0.0,0.0,7.99426,0.0,0.0,71.7464,26.5745,71.9989,0.0,5.43,0.0,0,2653.82,0.0,0.0,0.0,0.0,0.001526,33.8845,0.0,33.6685,0.81126,0.0,0.0,43.4439,0.0,0.0,,0.0,0.0,0.0,0.0,1.344,0.0,0.0,1297.65,0.0,0.0,0.0,0.00153,0.0,190.803,0.0,0.0,0.17395,497.55,532.29,30.7,10.4,62.1781,0.0,0.0,326,12.6839,269.633,1141.98,0.0,0.0,0.0,3.88043,0.0,82.0282,0.0,0.0,0.0,0.0,25.8328,0.0,0.0,0.0,0.0,4.0012,26.96,0.0,20.294,0.0,0.0,0.0
2023-12-08 20:35:00,116.095,2338.73,0.0,0.0,106.94,23.2516,0.0,0.0,10.422,0.0,0.0,79.6216,23.6033,68.1977,0.0,4.81,0.0,0,2656.31,0.0,0.0,0.0,0.0,0.001526,28.3246,0.0,25.3593,2.31965,0.0,0.0,43.7085,0.0,0.0,,0.0,0.0,0.0,0.0,1.344,0.0,0.0,1301.68,176.979995728,0.0,0.0,0.00153,0.0,189.155,0.0,0.0,0.184,247.8,526.0,31.3,10.4,58.2559,0.0,0.0,367,9.626,227.72,1139.83,0.0,0.0,0.0,7.59826,0.0,78.4088,0.0105,0.0,0.0,0.0,39.7368,0.04337,0.05234,0.0,0.0,4.0012,26.92,0.0,18.7712,0.0,0.0,0.0
2023-12-08 20:40:00,71.397,2339.59,0.0,0.0,107.41,22.4206,0.0,0.0,42.3991,0.0,0.0,100.616,19.5236,67.8968,0.0,14.09,0.0,0,2657.32,0.0,0.0,0.0,0.0,0.001526,27.4246,0.0,14.1682,7.209,0.0,0.0,44.1176,0.0,0.0,,0.0,0.0,0.0,0.0,1.344,0.0,0.0,1299.51,203.320007324,0.0,0.0,0.00153,0.0,193.358,0.0,0.0,0.13376,254.98,525.239,31.2,10.4,57.8384,0.0,0.0,380,9.15358,180.624,1141.2,0.0,0.0,0.0,15.2361,0.0,80.8051,0.0305,0.0,0.0,0.0,49.8815,0.0,0.0643,0.0,0.0,4.0012,26.93,0.0,13.0066,0.0,0.0,0.0
2023-12-08 20:45:00,68.9994,2319.35,0.0,0.0,107.89,20.6225,0.0,0.0,83.2942,0.0,0.0,66.0945,16.8746,68.3968,0.0,7.43,0.0,0,2640.71,0.0,0.0,0.0,0.0,0.001526,24.2246,0.0,8.11878,6.23621,0.0,0.0,43.4439,0.0,0.0,,0.0,0.0,0.0,0.0,1.344,0.0,0.0,1282.98,194.050003052,0.0,0.0,0.00153,0.0,199.693,0.0,0.0,0.1639,248.33,539.626,30.6,10.4,58.3877,0.0,0.0,372,10.0984,150.109,1138.24,0.0,0.0,0.0,22.8475,0.0,78.2293,0.0,0.0,0.0,0.0,49.3522,0.0,0.0,0.0,0.0,4.0012,26.93,0.0,9.5805,0.0,0.0,0.0
2023-12-08 20:50:00,46.9985,2323.33,0.0,0.0,107.04,22.5944,0.0,0.0,117.963,0.0,0.0,67.6448,12.5228,71.2997,0.0,5.61,0.0,0,2643.99,0.0,0.0,0.0,0.0,0.001526,20.9747,0.0,13.5969,4.12796,0.0,0.0,43.7946,0.0,0.0,,0.0,0.0,0.0,0.0,1.344,0.0,0.0,1289.42,223.36000061,0.0,0.0,0.00153,0.0,200.874,0.0,0.0,0.14381,248.52,511.446,30.6,10.4,57.6077,0.0,0.0,373,10.7393,149.603,1140.56,0.0,0.0,0.0,36.128,0.0,84.3659,0.0,0.0,0.0,0.0,0.9735,0.27066,0.0015,0.0,0.0,4.0012,26.93,0.0,12.064,0.0,0.0,0.0
2023-12-08 20:55:00,26.3985,2330.02,0.0,0.0,107.6,23.911,0.0,0.0,112.588,0.0,0.0,67.8279,10.0154,77.2957,0.0,4.01,0.0,0,2650.7,0.0,0.0,0.0,0.0,0.001526,21.8447,0.0,10.2929,3.47335,0.0,0.0,43.7085,0.0,0.0,,0.0,0.0,0.0,0.0,1.344,0.0,0.0,1290.96,183.619995117,0.0,0.0,0.00153,0.0,200.966,0.0,0.0,0.19405,248.07,512.071,30.6,10.4,58.2229,0.0,0.0,374,9.97391,149.773,1144.61,0.0,0.0,0.0,26.0292,0.0,85.5915,0.0,0.0,0.0,0.0,0.0,0.0,0.0,0.0,0.0,4.0012,26.93,0.0,17.4842,0.0,0.0,0.0
2023-12-08 21:00:00,21.3958,2323.55,0.0,0.0,106.99,25.3616,0.0,0.0,98.9585,0.0,0.0,62.7146,8.31495,75.7956,0.0,5.57,0.0,0,2644.82,0.0,0.0,0.0,0.0,0.001526,20.9147,0.0,1.60598,4.29618,0.0,0.0,43.2962,0.0,0.0,,0.0,0.0,0.0,0.0,1.344,0.0,0.0,1286.93,180.070007324,0.0,0.0,0.00153,0.0,198.164,0.0,0.0,0.14381,248.71,512.011,30.6,10.4,58.4866,0.0,0.0,374,7.98901,150.585,1139.71,0.0,0.0,0.0,19.1385,0.0,84.4233,0.0,0.0,0.0,0.0,0.0,0.0,0.0,0.0,0.0,4.0012,26.93,0.0,9.52612,0.0,0.0,0.0
2023-12-08 21:05:00,115.096,2331.85,0.0,0.0,106.28,29.0834,0.0,0.0,93.3217,0.0,0.0,64.8768,6.60349,74.1981,0.0,8.11,0.0,0,2649.67,0.0,0.0,0.0,0.0,0.001526,17.4847,0.0,1.64407,2.70527,0.0,0.0,43.4747,0.0,0.0,,0.0,0.0,0.0,0.0,1.344,0.0,0.0,1296.97,163.789993286,0.0,0.0,0.00153,0.0,195.976,0.0,0.0,0.1639,249.46,498.866,30.6,10.4,58.4756,0.0,0.0,375,6.45823,103.264,1141.66,0.0,0.0,0.0,32.8936,0.0,84.9689,0.0,0.0,0.0,0.0,0.0,0.0,0.0,0.0,0.0,4.0012,25.2,0.0,8.31156,0.0,0.0,0.0
2023-12-08 21:10:00,175.4,2307.7,0.0,0.0,103.14,30.6219,0.0,0.0,95.0913,0.0,0.0,53.4142,3.97589,70.397,0.0,6.34,0.0,0,2634.61,0.0,0.0,0.0,0.0,0.001526,23.2997,0.0,1.56155,3.59792,0.0,0.0,43.5023,0.0,0.0,,0.0,0.0,0.0,0.0,1.344,0.0,0.0,1278.14,156.350006104,0.0,0.0,0.00153,0.0,194.685,0.0,0.0,0.14381,245.19,494.246,30.3,10.4,58.0801,0.0,0.0,372,6.18357,77.0184,1138.88,0.0,0.0,0.0,36.9014,0.0,81.6071,0.0,0.0,0.0,0.0,0.0,0.0,0.0,0.0,0.0,4.34416,23.36,0.0,10.1243,0.0,0.0,0.0
2023-12-08 21:15:00,161.897,2319.81,0.0,0.0,104.09,32.5812,0.0,0.0,85.3919,0.0,0.0,40.1343,2.9749,68.8969,0.0,4.13,0.0,0,2643.86,0.0,0.0,0.0,0.0,0.001526,21.9047,0.0,0.0,5.15154,0.0,0.0,43.4747,0.0,0.0,,0.0,0.0,0.0,0.0,1.344,0.0,0.0,1284.3,76.2699966431,0.0,0.0,0.00153,0.0,194.154,0.0,0.0,0.14381,247.51,494.365,30.6,10.4,57.7176,0.0,0.0,373,6.82811,29.3492,1137.27,0.0,0.0,0.0,30.6084,0.0,84.3049,0.0,0.0,0.0,0.0,0.0,0.0,0.0,0.0,0.0,4.34416,23.09,0.0,42.4098,0.0,0.0,0.0
2023-12-08 21:20:00,136.998,2330.55,0.0,0.0,103.73,38.7646,0.0,0.0,97.4507,0.0,0.0,33.0281,1.77615,67.0958,0.0,3.53,0.0,0,2651.14,0.0,0.0,0.0,0.0,0.001526,18.5847,0.0,0.0,4.44059,0.0,0.0,43.4439,0.0,0.0,,0.0,0.0,0.0,0.0,1.344,0.0,0.0,1291.35,80.8899993896,0.0,0.0,0.00153,0.0,196.516,0.0,0.0,0.17395,248.15,505.508,30.6,10.4,57.7176,0.0,0.0,344,6.03708,0.0,1141.83,0.0,0.01769,0.0,22.4784,0.0,85.2619,0.0005,0.0,0.0,0.0,0.0,0.0,0.0,0.0,0.0,4.34416,22.26,0.0,69.3476,0.0,0.0,0.0
2023-12-08 21:25:00,90.4975,2333.95,0.0,0.0,105.85,40.6422,0.0,0.0,96.5366,0.0,0.0,29.8589,0.0,67.8968,0.0,1.56,0.0,0,2656.49,0.0,0.0,0.0,0.0,0.001526,14.7248,0.0,0.0,2.36011,0.0,0.0,43.65,0.0,0.0,,0.0,0.0,0.0,0.0,1.344,0.0,0.0,1300.68,0.0,0.0,0.0,0.00153,0.0,197.029,0.0,0.0,0.14381,254.47,513.153,31.5,10.4,58.3328,0.0,0.0,375,6.374,0.0,1141.22,0.0,4.99933,0.0,31.6279,0.0,86.5522,0.38349,0.0,0.0,0.0,0.96452,1.05724,0.36338,0.0,0.0,4.34416,22.1,0.0,46.9236,0.0,0.0,0.0
2023-12-08 21:30:00,137.796,2331.68,0.0,0.0,105.5,40.3115,0.0,0.0,86.5716,0.0,0.0,54.1558,2.56718,69.9987,0.0,2.94,0.0,0,2655.46,0.0,0.0,0.0,0.0,0.001526,12.4498,0.0,0.0,1.74121,0.0,0.0,43.3547,0.0,0.0,,0.0,0.0,0.0,0.0,1.344,0.0,0.0,1296.94,49.5200004578,0.0,0.0,0.00153,0.0,195.72,0.0,0.0,0.17395,250.66,504.127,30.8,10.4,58.6844,0.0,0.0,378,6.24216,0.0,1139.27,0.0,5.41447,0.0,32.7354,0.0,83.4772,0.38849,0.0,0.0,0.0,0.0,0.0,0.0,0.0,0.0,4.34416,22.33,0.0,40.6877,0.0,0.0,0.0
2023-12-08 21:35:00,176.595,2341.2,0.0,0.0,104.67,41.2492,0.0,0.0,88.0131,0.0,0.0,18.9479,6.36301,70.397,0.0,1.78,0.0,0,2653.36,0.0,0.0,0.0,0.0,0.001526,10.1599,0.0,0.0,0.78508,0.0,0.0,43.5023,0.0,0.0,,0.0,0.0,0.0,0.0,1.344,0.0,0.0,1299.73,0.0,0.0,0.0,0.00153,0.0,191.71,0.0,0.0,0.14381,253.02,518.835,31.1,10.4,62.0572,0.0,0.0,384,6.62669,0.0,1139.51,0.0,2.78589,0.0,35.337,0.0,86.7536,0.56349,0.0,0.0,0.0,1.28154,1.47594,0.10019,0.0,0.0,4.34416,22.05,0.0,31.9864,0.0,0.0,0.0
2023-12-08 21:40:00,152.798,2329.82,0.0,0.0,105.59,38.6411,0.0,0.0,90.5014,0.0,0.0,0.0,0.5951,69.7996,0.0,1.66,0.0,0,2657.61,0.0,0.0,0.0,0.0,0.001526,7.52989,0.0,0.0,0.0,0.0,0.0,43.5331,0.0,0.0,,0.0,0.0,0.0,0.0,1.344,0.0,0.0,1309.66,10.9499998093,0.0,0.0,0.00153,0.0,192.827,0.0,0.0,0.14381,257.24,532.955,32.1,10.4,61.6507,0.0,0.0,383,5.77707,0.0,1139.88,0.0,12.3582,0.0,32.7881,0.0,86.8025,0.3115,0.0,0.0,0.0,3.12685,3.30031,1.30248,0.0,0.0,4.34416,22.16,0.0,71.251,0.0,0.0,0.0
2023-12-08 21:45:00,82.7989,2315.25,0.0,0.0,104.92,37.7787,0.0,0.0,107.869,0.0,0.0,0.0,0.0885,64.9983,0.0,-0.13,0.0,0,2658.15,0.0,0.0,0.0,0.0,0.001526,4.72993,0.0,0.0,0.0,0.0,0.0,43.4162,0.0,0.0,,0.0,0.0,0.0,0.0,1.344,0.0,0.0,1299.43,15.6099996567,0.0,0.0,0.00153,0.0,192.461,0.0,0.0,0.14381,256.83,517.947,31.4,10.4,61.7057,0.0,0.0,380,4.79194,0.0,1140.83,0.0,0.0,0.0,32.7354,0.0,87.2004,0.0,0.0,0.0,0.0,0.14206,0.18393,0.12711,0.0,0.0,4.34416,22.07,0.0,111.114,0.0,0.0,0.0
2023-12-08 21:50:00,100.797,2329.7,0.0,0.0,104.02,38.2622,0.0,0.0,100.795,0.0,0.0,0.51347,0.0,60.998,0.0,-0.17,0.0,0,2658.78,0.0,0.0,0.0,0.0,0.001526,0.99498,0.0,0.0,0.0,0.0,0.0,43.4162,0.0,0.0,,0.0,0.0,0.0,0.0,1.344,0.0,0.0,1299.53,0.0,0.0,0.0,0.00153,0.0,197.02,0.0,0.0,0.21414,255.56,508.482,31.4,10.4,61.8155,0.0,0.0,380,5.23507,0.0,1140.03,0.0,0.0,0.0,25.5106,0.0,85.4267,0.0,0.0,0.0,0.0,0.02841,0.13907,0.01645,0.0,0.0,4.34416,22.23,0.0,81.62,0.0,0.0,0.0
2023-12-08 21:55:00,162.098,2289.51,0.0,0.0,104.44,41.3204,0.0,0.0,97.8413,0.0,0.0,19.4095,0.0,56.1968,0.0,0.0,0.0,0,2641.81,0.0,0.0,0.0,0.0,0.001526,1.17498,0.0,0.0,0.0,0.0,0.0,43.7361,0.0,0.0,,0.0,0.0,0.0,0.0,1.344,0.0,0.0,1286.52,0.0,0.0,0.0,0.00153,0.0,202.733,0.0,0.0,0.14381,247.67,484.172,30.7,10.4,62.3868,0.0,0.0,339,3.9826,0.0,1116.03,0.0,4.55068,0.0,23.3309,0.0,82.9084,0.36449,0.0,0.0,0.0,0.0,0.0,0.0,0.0,0.0,4.34416,22.12,0.0,72.248,0.0,0.0,0.0
2023-12-08 22:00:00,199.899,2292.3,0.0,0.0,105.92,39.6312,0.0,0.0,106.955,0.0,0.0,172.621,0.0,50.6964,0.0,21.39,0.0,0,2633.19,0.0,0.0,0.0,0.0,0.001526,0.0,0.0,5.16072,3.14327,0.0,0.0,43.6193,0.0,0.0,,0.0,0.0,0.0,0.0,1.344,0.0,0.0,1274.34,0.0,0.0,0.0,0.00153,0.0,202.953,0.0,0.0,0.14381,244.53,472.493,30.1,10.4,61.9364,0.0,0.0,298,3.92767,0.0,1067.05,0.0,0.0,0.0,25.0712,0.0,79.4952,0.0,0.0,0.0,0.0,0.0,0.0,0.0,0.0,0.0,4.34416,22.29,0.0,102.956,0.0,0.0,0.0
2023-12-08 22:05:00,200.997,2323.2,0.0,0.0,105.98,47.1501,0.0,0.0,103.088,0.0,0.0,156.828,0.0,53.3957,0.0,16.91,0.0,0,2599.19,0.0,0.0,0.0,0.0,0.001526,0.1,0.0,11.3307,17.1171,0.0,0.0,43.2962,0.0,0.0,,0.0,0.0,0.0,0.0,1.344,0.0,0.0,1261.84,0.0,0.0,0.0,0.00153,0.0,208.583,0.0,0.0,0.13376,179.68,540.665,31.6,10.4,57.7066,0.0,0.0,307,4.14374,0.0,1008.21,0.0,0.33043,0.0,23.5331,0.0,83.8935,1.60948,0.0,0.0,0.0,3.01918,3.22554,1.14098,0.0,0.0,4.34416,22.13,0.0,73.2632,0.0,0.0,0.0
2023-12-08 22:10:00,213.994,2312.54,0.0,0.0,104.8,47.0517,0.0,0.0,117.306,0.0,0.0,50.782,0.0,54.2984,0.0,6.11,0.0,0,2511.02,0.0,0.0,0.0,0.0,0.001526,8.48487,0.0,17.7229,10.5789,0.0,0.0,43.7669,0.0,0.0,,0.0,0.0,0.0,0.0,1.344,0.0,0.0,1291.72,0.0,0.0,0.0,0.00153,0.0,207.411,0.0,0.0,0.184,242.5,514.508,31.3,10.4,58.3438,0.0,0.0,300,3.81048,0.0,966.704,0.0,0.02513,0.0,30.6435,0.0,85.0068,0.0,0.0,0.0,0.0,0.14206,0.04337,0.02841,0.0,0.0,4.34416,22.18,0.0,84.0854,0.0,0.0,0.0
2023-12-08 22:15:00,191.794,2279.21,0.0,0.0,103.98,43.5811,0.0,0.0,125.303,0.0,0.0,97.6852,0.0,54.2984,0.0,7.72,0.0,0,2407.7,0.0,0.0,0.0,0.0,0.001526,30.7845,0.0,56.787,28.3653,0.0,0.0,43.5608,0.0,0.0,,0.0,0.0,0.0,0.0,1.344,0.0,0.0,1274.78,0.0,0.0,0.0,0.00153,0.0,210.46,0.0,0.0,0.15386,242.52,492.35,30.3,10.4,57.6516,0.0,0.0,329,3.96063,0.0,1022.32,0.0,0.0,0.0,30.7226,0.0,89.8091,0.0,0.0,0.0,0.0,0.0,0.0,0.0,0.0,0.0,4.34416,22.17,0.0,84.448,0.0,0.0,0.0
2023-12-08 22:20:00,178.296,2296.5,0.0,0.0,105.84,46.7419,0.0,0.0,129.889,0.0,0.0,179.976,0.0,59.0996,0.0,26.21,0.0,0,2327.38,0.0,0.0,0.0,0.0,0.001526,41.3244,0.0,46.6433,38.1099,0.0,0.0,43.4747,0.0,0.0,,0.0,0.0,0.0,0.0,1.344,0.0,0.0,1289.74,0.0,0.0,0.0,0.00153,0.0,207.521,0.0,0.0,0.17395,247.89,485.253,30.7,10.4,57.5308,0.0,0.0,349,3.97894,0.0,1069.71,0.0,0.0,0.0,29.6416,0.0,80.7428,0.0,0.0,0.0,0.0,0.0,0.0,0.0,0.0,0.0,4.34416,22.22,0.0,106.781,0.0,0.0,0.0
2023-12-08 22:25:00,146.394,2303.21,0.0,0.0,105.52,47.8806,0.0,0.0,130.545,0.0,0.0,205.728,0.0,63.0999,0.0,22.22,0.0,0,2241.68,0.0,0.0,0.0,0.0,0.001526,107.963,0.0,71.3995,39.7563,0.0,0.0,43.4747,0.0,0.0,,0.0,0.0,0.0,0.0,1.344,0.0,0.0,1289.42,0.0,0.0,0.0,0.00153,0.0,199.501,0.0,0.0,0.13376,247.41,481.261,30.7,10.4,58.8492,0.0,0.0,316,2.78141,0.0,1104.14,0.0,0.0,0.0,31.918,0.0,77.0379,0.0,0.0,0.0,0.0,0.0,0.0,0.0,0.0,0.0,4.34416,22.2,0.0,104.624,0.0,0.0,0.0
2023-12-08 22:30:00,165.995,2309.61,0.0,0.0,104.01,48.6718,0.0,0.0,129.561,0.0,0.0,195.091,1.87747,65.9984,0.0,20.77,0.0,0,2170.2,0.0,0.0,0.0,0.0,0.001526,98.5035,0.0,85.3519,32.016,0.0,0.0,43.2378,0.0,0.0,,0.0,0.0,0.0,0.0,1.344,0.0,0.0,1293.7,0.0,0.0,0.0,0.00153,0.0,198.549,0.0,0.0,0.1639,249.01,478.121,30.7,10.4,58.201,0.0,0.0,296,0.88991,0.0,1100.77,0.0,0.0,0.0,32.0234,0.0,76.3311,0.57049,0.0,0.0,0.0,0.0,0.0,0.0,0.0,0.0,4.34416,22.18,0.0,91.0102,0.0,0.0,0.0
2023-12-08 22:35:00,209.496,2311.53,0.0,0.0,106.05,45.6011,0.0,0.0,131.924,0.0,0.0,113.761,14.0426,69.3969,0.0,21.17,0.0,0,2109.19,0.0,0.0,0.0,0.0,0.001526,126.933,0.0,52.7498,39.6167,0.0,0.0,43.973,0.0,0.0,,0.0,0.0,0.0,0.0,1.344,0.0,0.0,1292.94,0.0,0.0,0.0,0.00153,0.0,191.316,0.0,0.0,0.13376,250.36,416.533,30.7,10.2,57.6297,0.0,0.0,296,0.65003,0.0,1146.59,0.0,0.0,0.0,31.874,0.0,76.9329,1.18948,0.0,0.0,0.0,0.0,0.0,0.0,0.0,0.0,4.34416,22.2,0.0,89.0162,0.0,0.0,0.0
2023-12-08 22:40:00,211.897,2287.75,0.0,0.0,106.45,48.3013,0.0,0.0,130.939,0.0,0.0,105.815,27.4351,71.397,0.0,19.49,0.0,0,2035.6,0.0,0.0,0.0,0.0,0.001526,117.303,0.0,41.1081,29.957,0.0,0.0,43.5331,0.0,0.0,,0.0,0.0,0.0,0.0,1.344,0.0,0.0,1283.44,0.0,0.0,0.0,0.00153,0.0,191.911,0.0,0.0,0.2041,246.7,426.931,30.6,10.5,57.7395,0.0,0.0,330,1.15358,0.0,1158.46,0.0,0.0,0.0,29.9228,0.0,74.3511,0.0,0.0,0.0,0.0,0.0,0.0,0.0,0.0,0.0,4.0012,22.25,0.0,92.6961,0.0,0.0,0.0
2023-12-08 22:45:00,213.797,2299.47,0.0,0.0,103.54,51.3909,0.0,0.0,123.139,0.0,0.0,89.749,43.4839,73.8972,0.0,18.74,0.0,0,2017.44,0.0,0.0,0.0,0.0,0.001526,83.4837,0.0,16.7898,12.1198,0.0,0.0,43.6193,0.0,0.0,,0.0,0.0,0.0,0.0,1.344,0.0,0.0,1297.77,0.0,0.0,0.0,0.00153,0.0,187.938,0.0,0.0,0.14381,255.62,453.52,31.0,10.2,57.6187,0.0,0.0,305,1.83841,0.0,1105.04,0.0,0.0,0.0,31.5488,0.0,75.8489,1.79447,0.0,0.0,0.0,0.0,0.0,0.0,0.0,0.0,4.0012,22.12,0.0,73.0094,0.0,0.0,0.0
2023-12-08 22:50:00,206.098,2282.31,0.0,0.0,101.96,50.7504,0.0,0.0,119.799,0.0,0.0,109.804,41.8335,70.897,0.0,17.42,0.0,0,1996.25,0.0,0.0,0.0,0.0,0.001526,75.2439,0.0,19.2464,16.345,0.0,0.0,43.7361,0.0,0.0,,0.0,0.0,0.0,0.0,1.344,0.0,0.0,1285.96,0.0,0.0,0.0,0.00153,0.0,189.265,0.0,0.0,0.1639,256.08,446.647,30.9,10.2,58.0801,0.0,0.0,294,3.32708,0.0,1137.29,0.0,0.0,0.0,29.2724,0.0,80.6854,2.08547,0.0,0.0,0.0,0.0,0.0,0.0,0.0,0.0,4.0012,22.07,0.0,58.1265,0.0,0.0,0.0
2023-12-08 22:55:00,209.894,2266.59,0.0,0.0,100.23,51.4119,0.0,0.0,123.404,0.0,0.0,135.454,23.2737,63.6973,0.0,19.0,0.0,0,1986.38,0.0,0.0,0.0,0.0,0.001526,69.8539,0.0,34.0747,27.6749,0.0,0.0,43.8838,0.0,0.0,,0.0,0.0,0.0,0.0,1.344,0.0,0.0,1284.57,0.0,0.0,0.0,0.00153,0.0,187.81,0.0,0.0,0.14381,244.97,445.675,30.6,10.2,57.355,0.0,0.0,318,4.18769,0.0,1157.9,0.0,0.0,0.0,25.871,0.0,77.9596,0.0,0.0,0.0,0.0,0.0,0.0,0.0,0.0,0.0,4.0012,21.93,0.0,64.2356,0.0,0.0,0.0
2023-12-08 23:00:00,213.498,2272.32,0.0,0.0,98.17,55.7909,0.0,0.0,122.158,0.0,0.0,142.568,20.2145,54.6967,0.0,21.47,0.0,0,1999.52,0.0,0.0,0.0,0.0,0.001526,90.5136,0.0,25.3402,16.71,0.0,0.0,43.5916,0.0,0.0,,0.0,0.0,0.0,0.0,1.344,0.0,0.0,1252.44,0.0,0.0,0.0,0.00153,0.0,183.708,0.0,0.0,0.15386,253.68,451.611,30.9,10.2,57.9043,0.0,0.0,298,2.90776,0.0,1105.48,0.0,0.11635,0.0,25.8095,0.0,77.94,0.0,0.0,0.0,0.0,0.07926,0.12711,0.03738,0.0,0.0,4.0012,22.12,0.0,7.65896,0.0,0.0,0.0
2023-12-08 23:05:00,213.295,2265.39,0.0,0.0,103.74,56.8731,0.0,0.0,119.928,0.0,0.0,135.326,12.9146,51.9,0.0,20.66,0.0,0,2012.92,0.0,0.0,0.0,0.0,0.001526,94.6236,0.0,15.4314,9.89569,0.0,0.0,43.8838,0.0,0.0,,0.0,0.0,0.0,0.0,1.344,0.0,0.0,1260.74,0.0,0.0,0.0,0.00153,0.0,182.426,0.0,0.0,0.17395,256.74,461.113,31.6,10.4,54.927,0.0,0.0,270,9.47585,0.0,1103.43,0.0,0.05306,0.0,25.9677,0.0,74.5782,2.33146,0.0,0.0,0.0,0.09421,0.0,0.14206,0.0,0.0,4.0012,22.42,0.0,14.8738,0.0,0.0,0.0
2023-12-08 23:10:00,210.896,2254.97,0.0,0.0,103.62,53.9824,0.0,0.0,110.361,0.0,0.0,129.639,18.0136,51.1964,0.0,18.02,0.0,0,2032.28,0.0,0.0,0.0,0.0,0.001526,80.2338,0.0,18.91,32.8246,0.0,0.0,43.7946,0.0,0.0,,0.0,0.0,0.0,0.0,1.344,0.0,0.0,1247.5,0.0,0.0,0.0,0.00153,0.0,182.472,0.0,0.0,0.17395,250.3,434.62,30.8,10.4,55.0149,0.0,0.0,226,33.7414,0.0,1151.38,0.0,0.0,0.0,25.827,0.0,67.913,1.47948,0.0,0.0,0.0,0.0,0.0,0.01346,0.0,0.0,4.0012,22.15,0.0,56.2775,0.0,0.0,0.0
2023-12-08 23:15:00,217.093,2255.82,0.0,0.0,103.4,57.4906,0.0,0.0,99.2828,0.0,0.0,120.014,23.2444,55.0993,0.0,13.82,0.0,0,2014.7,0.0,0.0,0.0,0.0,0.001526,76.5338,0.0,6.0748,33.4609,0.0,0.0,43.7361,0.0,0.0,,0.0,0.0,0.0,0.0,1.344,0.0,0.0,1253.19,0.0,0.0,0.0,0.00153,0.0,179.387,0.0,0.0,0.14381,254.8,444.742,31.1,10.4,54.927,0.0,0.0,196,40.2564,0.0,1104.82,0.0,3.94008,0.0,23.7264,0.0,70.3484,0.0,0.0,0.0,0.0,0.04337,0.20188,0.01346,0.0,0.0,4.0012,22.31,0.0,52.7426,0.0,0.0,0.0
2023-12-08 23:20:00,211.496,2247.42,0.0,0.0,103.35,55.8495,0.0,0.0,81.5247,0.0,0.0,108.013,13.4444,59.4979,0.0,17.56,0.0,0,2000.3,0.0,0.0,0.0,0.0,0.001526,77.1238,0.0,0.22217,29.438,0.0,0.0,43.6193,0.0,0.0,,0.0,0.0,0.0,0.0,1.344,0.0,0.0,1242.77,0.0,0.0,0.0,0.00153,0.0,179.084,0.0,0.0,0.14381,248.24,427.434,30.7,10.4,54.1469,0.0,0.0,144,38.2275,0.0,1101.69,0.0,2.80636,0.0,25.9149,0.0,61.7447,0.94449,0.0,0.0,0.0,0.0,0.0,0.0015,0.0,0.0,4.0012,22.06,0.0,109.736,0.0,0.0,0.0
2023-12-08 23:25:00,205.697,2250.57,0.0,0.0,100.07,56.7622,0.0,0.0,79.4934,0.0,0.0,93.8125,8.90333,67.2994,0.0,16.96,0.0,0,2032.18,0.0,0.0,0.0,0.0,0.001526,51.6542,0.0,0.0,32.0001,0.0,0.0,43.853,0.0,0.0,,0.0,0.0,0.0,0.0,1.344,0.0,0.0,1275.65,0.0,0.0,0.0,0.00153,0.0,174.424,0.0,0.0,0.12371,259.58,474.195,32.0,10.4,54.9819,0.0,0.0,39,32.0275,0.0,1067.29,0.0,0.51101,0.0,25.5546,0.0,59.3045,0.3195,0.0,0.0,0.0,3.70407,3.99716,1.25762,0.0,0.0,4.0012,22.26,0.0,94.4182,0.0,0.0,0.0
2023-12-08 23:30:00,178.498,2253.23,0.0,0.0,96.51,54.0494,0.0,0.0,82.8997,0.0,0.0,77.7462,3.34417,72.4989,0.0,19.44,0.0,0,2022.69,0.0,0.0,0.0,0.0,0.001526,36.6844,0.0,0.9839,42.0574,0.0,0.0,43.6193,0.0,0.0,,0.0,0.0,0.0,0.0,1.344,0.0,0.0,1259.64,0.0,0.0,0.0,0.00153,0.0,162.953,0.0,0.0,0.14381,255.77,444.296,31.4,10.4,54.8391,0.0,0.0,0,26.948,0.0,1104.38,0.0,0.49425,0.0,24.4647,0.0,62.504,0.1145,0.0,0.0,0.0,1.5537,1.70025,0.69236,0.0,0.0,4.0012,22.11,0.0,40.6152,0.0,0.0,0.0
2023-12-08 23:35:00,158.899,2255.7,0.0,0.0,91.89,53.3607,0.0,0.0,94.7632,0.0,0.0,72.0394,1.14321,81.1987,0.0,17.59,0.0,0,2010.36,0.0,0.0,0.0,0.0,0.001526,47.2743,0.0,1.5679,40.6133,0.0,0.0,44.0315,0.0,0.0,,0.0,0.0,0.0,0.0,1.344,0.0,0.0,1254.15,0.0,0.0,0.0,0.00153,0.0,155.518,0.0,0.0,0.14381,253.89,420.531,31.6,10.4,55.718,0.0,0.0,0,25.344,0.0,1102.67,0.0,0.0,0.0,23.0497,0.0,60.8011,0.0455,0.0,0.0,0.0,0.2587,0.26169,0.09122,0.0,0.0,4.0012,22.15,0.0,15.2182,0.0,0.0,0.0
2023-12-08 23:40:00,146.595,2240.37,0.0,0.0,91.18,49.3835,0.0,0.0,92.9311,0.0,0.0,85.4963,1.07607,85.0972,0.0,15.86,0.0,0,1995.05,0.0,0.0,0.0,0.0,0.001526,63.004,0.0,12.6796,41.4964,0.0,0.0,43.7361,0.0,0.0,,0.0,0.0,0.0,0.0,1.344,0.0,0.0,1219.77,45.9300003052,0.0,0.0,0.00153,0.0,151.884,0.0,0.0,0.1639,249.02,396.682,30.7,10.4,55.5642,0.0,0.0,0,25.4612,0.0,1048.08,0.0,0.0,0.0,24.9745,0.0,63.8761,0.0,0.0,0.0,0.0,0.0,0.0,0.0,0.0,0.0,4.0012,22.14,0.0,24.5721,0.0,0.0,0.0
2023-12-08 23:45:00,157.497,2246.3,0.0,0.0,90.76,49.394,0.0,0.0,92.9272,0.0,0.0,103.261,0.41932,83.4997,0.0,14.6,0.0,0,1995.2,0.0,0.0,0.0,0.0,0.001526,66.424,0.0,59.7704,41.8574,0.0,0.0,43.5608,0.0,0.0,,0.0,0.0,0.0,0.0,1.344,0.0,0.0,1240.67,58.7799987793,0.0,0.0,0.00153,0.0,150.529,0.0,0.0,0.14381,248.11,403.947,30.7,10.4,55.2126,0.0,0.0,0,21.323,0.0,1004.64,0.0,0.0,0.0,26.205,0.0,57.7713,0.0685,0.0,0.0,0.0,0.0,0.0,0.0,0.0,0.0,4.0012,22.43,0.0,27.2188,0.0,0.0,0.0
2023-12-08 23:50:00,160.194,2228.5,0.0,0.0,98.89,48.1025,0.0,0.0,92.4037,0.0,0.0,129.789,0.54688,75.9992,0.0,15.81,0.0,0,1986.16,0.0,0.0,0.0,0.0,0.001526,96.5235,0.0,84.7489,41.7876,0.0,0.0,43.1794,0.0,0.0,,0.0,0.0,0.0,0.0,1.344,0.0,0.0,1228.24,0.0,0.0,0.0,0.00153,0.0,148.835,0.0,0.0,0.13376,245.77,392.496,30.4,10.4,55.4543,0.0,0.0,0,15.9249,0.0,1031.57,0.0,0.0,0.0,24.8866,0.0,54.3398,0.0,0.0,0.0,0.0,0.0,0.0,0.0,0.0,0.0,4.0012,22.07,0.0,22.6506,0.0,0.0,0.0
2023-12-08 23:55:00,185.497,2255.99,0.0,0.0,98.18,51.9415,0.0,0.0,93.7124,0.0,0.0,153.968,1.74441,74.5964,0.0,18.86,0.0,0,1946.12,0.0,0.0,0.0,0.0,0.001526,127.163,0.0,19.056,41.3901,0.0,0.0,43.6193,0.0,0.0,,0.0,0.0,0.0,0.0,1.344,0.0,0.0,1196.09,0.0,0.0,0.0,0.00153,0.0,148.167,0.0,0.0,0.13376,250.79,417.927,30.7,10.4,54.927,0.0,0.0,0,10.0691,0.0,979.693,0.0,0.0,0.0,25.6952,0.0,52.9763,1.66447,0.0,0.0,0.0,0.12711,0.14804,0.04935,0.0,0.0,4.0012,22.04,0.0,15.7258,0.0,0.0,0.0
2023-12-09 00:00:00,142.697,2252.92,0.0,0.0,98.87,51.2612,0.0,0.0,95.6147,0.0,0.0,135.262,11.8538,81.3978,0.0,19.48,0.0,0,2004.99,0.0,0.0,0.0,0.0,0.001526,98.9135,0.0,10.1945,37.9083,0.0,0.0,43.4439,0.0,0.0,,0.0,0.0,0.0,0.0,1.344,0.0,0.0,1165.13,0.0,0.0,0.0,0.00153,0.0,148.652,0.0,0.0,0.17395,254.71,415.532,31.0,10.4,55.2456,0.0,0.0,0,6.87572,0.0,926.371,0.0,0.0,0.0,24.8163,0.0,48.6488,0.0,0.0,0.0,0.0,0.0,0.0,0.0,0.0,0.0,4.0012,22.21,0.0,25.2247,0.0,0.0,0.0
2023-12-09 00:05:00,124.497,2255.23,0.0,0.0,101.06,49.6222,0.0,0.0,103.084,0.0,0.0,130.909,25.034,82.8979,0.0,17.15,0.0,0,2012.36,0.0,0.0,0.0,0.0,0.001526,67.824,0.0,4.0816,35.5398,0.0,0.0,43.4439,0.0,0.0,,0.0,0.0,0.0,0.0,1.344,0.0,0.0,1197.58,0.0,0.0,0.0,0.00153,0.0,147.947,0.0,0.0,0.184,123.8,509.5,31.3,10.4,54.6413,0.0,0.0,0,5.10506,0.0,869.216,0.0,0.0,0.0,25.3437,0.0,44.5215,1.11348,0.0,0.0,0.0,0.74022,0.0,0.01047,0.0,0.0,4.0012,22.17,0.0,25.4966,0.0,0.0,0.0
2023-12-09 00:10:00,120.998,2234.41,0.0,0.0,99.57,46.97,0.0,0.0,97.4507,0.0,0.0,114.972,12.0638,82.097,0.0,11.29,0.0,0,1985.14,0.0,0.0,0.0,0.0,0.001526,52.6742,0.0,2.80253,34.5075,0.0,0.0,43.65,0.0,0.0,,0.0,0.0,0.0,0.0,1.344,0.0,0.0,1215.47,75.6500015259,0.0,0.0,0.00153,0.0,145.429,0.0,0.0,0.17395,0.0,512.749,30.5,10.4,54.6194,0.0,0.0,0,1.84573,0.0,916.947,0.0,0.0,0.0,24.1571,0.0,43.5975,0.0,0.0,0.0,0.0,0.0,0.0,0.0015,0.0,0.0,4.0012,22.1,0.0,32.7115,0.0,0.0,0.0
2023-12-09 00:15:00,94.9948,2255.41,0.0,0.0,96.48,50.6709,0.0,0.0,94.0405,0.0,0.0,83.0945,4.73457,86.3982,0.0,17.72,0.0,0,2018.0,0.0,0.0,0.0,0.0,0.001526,33.4695,0.0,5.04646,26.1253,0.0,0.0,43.7085,0.0,0.0,,0.0,0.0,0.0,0.0,1.344,0.0,0.0,1270.84,51.9799995422,0.0,0.0,0.00153,0.0,136.374,0.0,0.0,0.14381,0.0,527.577,31.6,10.4,55.2016,0.0,0.0,0,1.31472,0.0,857.595,0.0,0.04189,0.0,24.7724,0.0,43.2166,1.73747,0.0,0.0,0.0,1.2307,0.07327,0.0015,0.0,0.0,4.34416,22.28,0.0,20.5296,0.0,0.0,0.0
2023-12-09 00:20:00,61.8984,2238.1,0.0,0.0,83.48,46.1997,0.0,0.0,93.978,0.0,0.0,88.2551,0.16907,88.0974,0.0,16.46,0.0,0,1994.34,0.0,0.0,0.0,0.0,0.001526,31.6895,0.0,3.21831,21.4438,0.0,0.0,43.7085,0.0,0.0,,0.0,0.0,0.0,0.0,1.344,0.0,0.0,1240.08,122.279998779,0.0,0.0,0.00153,0.0,129.618,0.0,0.0,0.14381,0.0,496.537,30.7,10.4,55.3774,0.0,0.0,0,0.71962,0.0,915.482,0.0,0.0,0.0,24.535,0.0,41.3477,0.0,0.0,0.0,0.0,0.0,0.16898,0.01645,0.0,0.0,4.34416,22.27,0.0,15.3995,0.0,0.0,0.0
2023-12-09 00:25:00,23.1945,2256.97,0.0,0.0,75.36,50.3422,0.0,0.0,85.3255,0.0,0.0,78.4863,0.0,91.7968,0.0,19.17,0.0,0,2016.0,0.0,0.0,0.0,0.0,0.001526,29.3246,0.0,3.38653,27.6956,0.0,0.0,43.6193,0.0,0.0,,0.0,0.0,0.0,0.0,1.344,0.0,0.0,1270.04,159.979995728,0.0,0.0,0.00153,0.0,119.29,0.0,0.0,0.17395,0.0,525.226,31.3,10.4,54.7402,0.0,0.0,0,0.45228,0.0,863.161,0.0,0.00093,0.0,25.2909,0.0,39.6802,0.0,0.0,0.0,0.0,0.17197,0.0,0.05533,0.0,0.0,4.34416,22.19,0.0,8.14841,0.0,0.0,0.0
2023-12-09 00:30:00,62.6982,2251.82,0.0,0.0,69.38,50.5223,0.0,0.0,81.9817,0.0,0.0,79.4766,0.0,98.8991,0.0,19.79,0.0,0,2014.12,0.0,0.0,0.0,0.0,0.001526,24.1046,0.0,3.99908,27.3044,0.0,0.0,43.65,0.0,0.0,,0.0,0.0,0.0,0.0,1.344,0.0,0.0,1259.71,118.050003052,0.0,0.0,0.00153,0.0,111.243,0.0,0.0,0.17395,0.0,513.884,31.6,10.4,54.7952,0.0,0.0,0,0.0,0.0,919.095,0.0,8.44701,0.0,24.579,0.0,38.8586,1.26148,0.0,0.0,0.0,0.0,0.0,0.0,0.0,0.0,4.34416,22.28,0.0,3.27205,0.0,0.0,0.0
2023-12-09 00:35:00,121.898,2238.88,0.0,0.0,59.89,48.3097,0.0,0.0,86.767,0.0,0.0,108.083,0.0,102.099,0.0,20.18,0.0,0,1931.89,0.0,0.0,0.0,0.0,0.001526,22.8297,0.0,7.78235,15.6404,0.0,0.0,43.6777,0.0,0.0,,0.0,0.0,0.0,0.0,1.344,0.0,0.0,1252.46,112.730003357,0.0,0.0,0.00153,0.0,104.376,0.0,0.0,0.17395,0.0,453.069,30.6,10.4,55.0698,0.0,0.0,0,1.54726,0.0,974.493,0.0,0.0,0.0,25.0624,0.0,39.1833,0.1395,0.0,0.0,0.0,0.0,0.04636,0.0,0.0,0.0,4.34416,22.21,0.0,0.0,0.0,0.0,0.0
2023-12-09 00:40:00,140.795,2252.62,0.0,0.0,58.24,50.2125,0.0,0.0,87.0287,0.0,0.0,150.979,0.0,106.696,0.0,18.55,0.0,0,1854.42,0.0,0.0,0.0,0.0,0.001526,15.5198,0.0,5.25594,10.6653,0.0,0.0,43.973,0.0,0.0,,0.0,0.0,0.0,0.0,1.344,0.0,0.0,1250.24,8.40999984741,0.0,0.0,0.00153,0.0,99.0936,0.0,0.0,0.1639,0.0,472.207,30.9,10.4,54.6413,0.0,0.0,0,2.13138,0.0,1028.52,0.0,0.0,0.0,24.6669,0.0,35.3515,1.34648,0.0,0.0,0.0,0.0,0.0,0.0,0.0,0.0,4.34416,22.33,0.0,2.9095,0.0,0.0,0.0
2023-12-09 00:45:00,94.095,2254.82,0.0,0.0,58.51,49.8001,0.0,0.0,84.5404,0.0,0.0,191.704,0.0,107.099,0.0,19.12,0.0,0,1779.52,0.0,0.0,0.0,0.0,0.001526,9.02986,0.0,1.88528,7.83108,0.0,0.0,43.5916,0.0,0.0,,0.0,0.0,0.0,0.0,1.344,0.0,0.0,1251.92,0.0,0.0,0.0,0.00153,0.0,91.8883,0.0,0.0,0.1639,0.0,484.515,31.1,10.4,54.3227,0.0,0.0,0,2.42985,0.0,1070.54,0.0,10.7815,0.0,23.1551,0.0,35.0951,2.35646,0.0,0.0,0.0,0.0,0.0,0.0,0.0,0.0,4.34416,22.4,0.0,7.91275,0.0,0.0,0.0
2023-12-09 00:50:00,33.5959,2256.19,0.0,0.0,55.35,50.0743,0.0,0.0,86.7709,0.0,0.0,196.352,0.0,107.798,0.0,19.85,0.0,0,1699.88,0.0,0.0,0.0,0.0,0.001526,6.10991,0.0,0.0,5.84424,0.0,0.0,43.5331,0.0,0.0,,0.0,0.0,0.0,0.0,1.344,0.0,0.0,1274.26,0.0,0.0,0.0,0.00153,0.0,84.509,0.0,0.0,0.184,0.0,486.097,31.4,10.4,54.894,0.0,0.0,0,1.1426,0.0,1131.8,0.0,0.00093,0.0,25.4491,0.0,33.3776,2.37446,0.0,0.0,0.0,0.08225,0.01944,0.0,0.0,0.0,4.34416,22.27,0.0,6.91572,0.0,0.0,0.0
2023-12-09 00:55:00,2.19661,2253.79,0.0,0.0,52.52,49.3186,0.0,0.0,94.6968,0.0,0.0,160.304,0.0,108.798,0.0,20.1,0.0,0,1622.95,0.0,0.0,0.0,0.0,0.001526,5.51492,0.0,0.0,5.87121,0.0,0.0,43.6193,0.0,0.0,,0.0,0.0,0.0,0.0,1.344,0.0,0.0,1286.93,11.970000267,0.0,0.0,0.00153,0.0,80.1144,0.0,0.0,0.14381,0.0,476.263,30.7,10.4,54.5534,0.0,0.0,0,1.04005,0.0,1174.45,0.0,0.0,0.0,25.0536,0.0,32.5158,1.82147,0.0,0.0,0.0,0.07327,0.04636,0.0,0.0,0.0,4.34416,22.46,0.0,0.0,0.0,0.0,0.0
2023-12-09 01:00:00,16.6962,2250.79,0.0,0.0,55.83,48.9712,0.0,0.0,107.873,0.0,0.0,185.544,0.32715,110.798,0.0,20.2,0.0,0,1611.16,0.0,0.0,0.0,0.0,0.001526,5.10492,0.0,0.0,4.78654,0.0,0.0,43.7946,0.0,0.0,,0.0,0.0,0.0,0.0,1.344,0.0,0.0,1296.8,50.3199996948,0.0,0.0,0.00153,0.0,74.9142,0.0,0.0,0.1639,0.0,482.076,30.7,10.4,55.2236,0.0,0.0,0,0.25818,0.0,1206.24,0.0,0.0,0.0,25.2206,0.0,32.1031,0.86649,0.0,0.0,0.0,0.01047,0.0,0.0,0.0,0.0,4.34416,22.43,0.0,0.0,0.0,0.0,0.0
2023-12-09 01:05:00,36.5962,2251.52,0.0,0.0,57.05,50.7818,0.0,0.0,102.826,0.0,0.0,203.63,1.37575,113.197,0.0,20.01,0.0,0,1615.16,0.0,0.0,0.0,0.0,0.001526,3.72494,0.0,0.0,4.34537,0.0,0.0,43.6777,0.0,0.0,,0.0,0.0,0.0,0.0,1.344,0.0,0.0,1278.22,0.0,0.0,0.0,0.00153,0.0,71.1696,0.0,0.0,0.17395,0.0,435.235,30.7,10.4,55.1138,0.0,0.0,0,0.0,0.0,1201.04,0.0,0.09215,0.0,26.0204,0.0,33.4704,1.95347,0.0,0.0,0.0,0.0,0.0,0.0,0.0,0.0,4.34416,22.29,0.0,0.0,0.0,0.0,0.0
2023-12-09 01:10:00,46.9951,2254.16,0.0,0.0,60.78,49.3103,0.0,0.0,107.677,0.0,0.0,205.541,1.8439,117.197,0.0,20.21,0.0,0,1609.91,0.0,0.0,0.0,0.0,0.001526,2.79496,0.0,0.0,6.59406,0.0,0.0,43.5608,0.0,0.0,,0.0,0.0,0.0,0.0,1.344,0.0,0.0,1251.9,0.0,0.0,0.0,0.00153,0.0,69.8512,0.0,0.0,0.13376,0.0,426.135,30.6,10.4,55.2236,0.0,0.0,0,0.0,0.0,1202.58,0.0,0.0,0.0,24.3153,0.0,33.911,4.79943,0.0,0.0,0.0,0.0,0.0,0.0,0.0,0.0,4.34416,22.26,0.0,0.0,0.0,0.0,0.0
2023-12-09 01:15:00,56.6986,2250.18,0.0,0.0,61.42,49.1617,0.0,0.0,107.412,0.0,0.0,194.968,2.08438,120.896,0.0,16.54,0.0,0,1607.76,0.0,0.0,0.0,0.0,0.001526,2.34496,0.0,0.0,8.34525,0.0,0.0,43.4439,0.0,0.0,,0.0,0.0,0.0,0.0,1.344,0.0,0.0,1224.04,0.0,0.0,0.0,0.00153,0.0,68.4321,0.0,0.0,0.1639,0.0,420.447,30.9,10.4,54.883,0.0,0.0,0,0.0,0.0,1201.48,0.0,0.0,0.0,24.3944,0.0,35.5993,1.90847,0.0,0.0,0.0,0.01944,0.0,0.01346,0.0,0.0,4.34416,22.3,0.0,7.097,0.0,0.0,0.0
2023-12-09 01:20:00,63.7947,2246.54,0.0,0.0,62.33,41.8626,0.0,0.0,92.5366,0.0,0.0,153.884,2.67399,121.697,0.0,13.25,0.0,0,1602.2,0.0,0.0,0.0,0.0,0.001526,1.32498,0.0,0.0,8.91099,0.0,0.0,43.0625,0.0,0.0,,0.0,0.0,0.0,0.0,1.344,0.0,0.0,1186.61,0.0,0.0,0.0,0.00153,0.0,64.303,0.0,0.0,0.19405,0.0,416.345,30.6,10.4,55.1247,0.0,0.0,0,0.0,0.0,1201.21,0.0,0.0,0.0,22.7596,0.0,32.8637,0.0,0.0,0.0,0.0,0.0,0.0,0.02542,0.0,0.0,4.34416,22.32,0.0,20.3121,0.0,0.0,0.0
2023-12-09 01:25:00,81.0937,2252.35,0.0,0.0,61.45,43.3006,0.0,0.0,77.9856,0.0,0.0,179.214,1.8439,123.897,0.0,19.4,0.0,0,1604.61,0.0,0.0,0.0,0.0,0.001526,0.85999,0.0,0.0,14.6795,0.0,0.0,43.4162,0.0,0.0,,0.0,0.0,0.0,0.0,1.344,0.0,0.0,1191.13,0.0,0.0,0.0,0.00153,0.0,59.5148,0.0,0.0,0.17395,0.0,425.113,30.9,10.4,55.1028,0.0,0.0,0,0.0,0.0,1195.89,0.0,0.02885,0.0,22.8124,0.0,30.7823,0.1675,0.0,0.0,0.0,0.0,0.0,0.0,0.0,0.0,4.34416,22.28,0.0,34.4699,0.0,0.0,0.0
2023-12-09 01:30:00,97.6967,2250.74,0.0,0.0,66.5,48.9209,0.0,0.0,67.9581,0.0,0.0,203.294,0.8368,126.397,0.0,13.5,0.0,0,1683.35,0.0,0.0,0.0,0.0,0.001526,1.02498,0.0,0.0,18.9643,0.0,0.0,43.8254,0.0,0.0,,0.0,0.0,0.0,0.0,1.344,0.0,0.0,1158.61,0.0,0.0,0.0,0.00153,0.0,53.9208,0.0,0.0,0.13376,0.0,427.033,30.9,10.4,54.8171,0.0,0.0,0,0.0,0.0,1200.31,0.0,0.06236,0.0,21.6786,0.0,28.0613,3.79144,0.0,0.0,0.0,0.0,0.0,0.06131,0.0,0.0,4.34416,22.31,0.0,34.3974,0.0,0.0,0.0
2023-12-09 01:35:00,111.993,2245.25,0.0,0.0,65.28,49.3731,0.0,0.0,65.5362,0.0,0.0,179.255,0.32715,128.198,0.0,12.88,0.0,0,1701.54,0.0,0.0,0.0,0.0,0.001526,7.62488,0.0,0.0,1.41668,0.0,0.0,43.4747,0.0,0.0,,0.0,0.0,0.0,0.0,1.344,0.0,0.0,1157.93,0.0,0.0,0.0,0.00153,0.0,49.691,0.0,0.0,0.12371,0.0,408.624,31.0,10.4,54.8171,0.0,0.0,0,0.0,0.0,1199.04,0.0,0.0,0.0,17.8552,0.0,28.557,3.57145,0.0,0.0,0.0,0.11514,0.19889,0.11514,0.0,0.0,4.34416,22.32,0.0,55.2442,0.0,0.0,0.0
2023-12-09 01:40:00,125.798,2248.33,0.0,0.0,63.93,48.1423,0.0,0.0,62.1259,0.0,0.0,135.407,0.0,129.198,0.0,11.26,0.0,0,1703.52,0.0,0.0,0.0,0.0,0.001526,14.8998,0.0,0.0,3.65109,0.0,0.0,43.327,0.0,0.0,,0.0,0.0,0.0,0.0,1.344,0.0,0.0,1158.25,0.0,0.0,0.0,0.00153,0.0,46.6697,0.0,0.0,0.184,0.0,402.861,30.7,10.4,55.2676,0.0,0.0,0,0.33143,0.0,1197.96,0.0,0.0,0.0,16.9939,0.0,26.024,0.96549,0.0,0.0,0.0,0.0,0.0,0.0,0.0,0.0,4.34416,22.3,0.0,84.7199,0.0,0.0,0.0
2023-12-09 01:45:00,147.597,2249.2,0.0,0.0,60.95,48.833,0.0,0.0,79.427,0.0,0.0,81.0117,0.0,127.096,0.0,9.98,0.0,0,1770.93,0.0,0.0,0.0,0.0,0.001526,1.40498,0.0,0.0,10.1972,0.0,0.0,43.853,0.0,0.0,,0.0,0.0,0.0,0.0,1.344,0.0,0.0,1151.21,0.0,0.0,0.0,0.00153,0.0,44.9668,0.0,0.0,0.184,0.0,411.109,31.1,10.4,55.2895,0.0,0.0,0,1.06203,0.0,1195.86,0.0,0.0,0.0,16.4226,0.0,23.1772,0.2585,0.0,0.0,0.0,0.0,0.02841,0.03738,0.0,0.0,4.34416,22.18,0.0,88.9255,0.0,0.0,0.0
2023-12-09 01:50:00,174.998,2252.94,0.0,0.0,60.84,50.0617,0.0,0.0,98.6929,0.0,0.0,41.3474,0.0,125.698,0.0,8.46,0.0,0,1876.08,0.0,0.0,0.0,0.0,0.001526,0.0,0.0,0.21582,17.7423,0.0,0.0,43.7085,0.0,0.0,,0.0,0.0,0.0,0.0,1.344,0.0,0.0,1168.28,0.0,0.0,0.0,0.00153,0.0,43.4836,0.0,0.0,0.17395,0.0,421.786,31.7,10.4,54.7622,0.0,0.0,0,1.96658,0.0,1172.72,0.0,0.41048,0.0,23.2782,0.0,21.1057,1.03048,0.0,0.0,0.0,2.08307,0.0,0.0,0.0,0.0,4.34416,22.32,0.0,101.524,0.0,0.0,0.0
2023-12-09 01:55:00,180.099,2237.78,0.0,0.0,59.72,46.2918,0.0,0.0,117.373,0.0,0.0,28.6763,0.58717,121.896,0.0,5.11,0.0,0,1896.39,0.0,0.0,0.0,0.0,0.001526,2.75496,0.0,5.54794,14.5192,0.0,0.0,43.7669,0.0,0.0,,0.0,0.0,0.0,0.0,1.344,0.0,0.0,1121.94,0.0,0.0,0.0,0.00153,0.0,37.0932,0.0,0.0,0.17395,0.0,402.45,30.5,10.4,54.7842,0.0,0.0,0,3.7116,0.0,1203.41,0.0,0.0,0.0,32.9727,0.0,18.0636,0.0,0.0,0.0,0.0,0.0,0.0,0.0015,0.0,0.0,4.34416,22.41,0.0,87.6385,0.0,0.0,0.0
2023-12-09 02:00:00,170.3,2256.99,0.0,0.0,50.85,46.3211,0.0,0.0,123.6,0.0,0.0,6.0296,0.0,121.697,0.0,7.31,0.0,0,1910.82,0.0,0.0,0.0,0.0,0.001526,9.96985,0.0,28.9204,15.5198,0.0,0.0,43.8838,0.0,0.0,,0.0,0.0,0.0,0.0,1.344,0.0,0.0,1117.6,0.0,0.0,0.0,0.00153,0.0,34.8775,0.0,0.0,0.17395,0.0,419.227,31.0,10.4,54.2239,0.0,0.0,0,4.88716,0.0,1148.3,0.0,0.0,0.0,27.5234,0.0,16.7672,0.0,0.0,0.0,0.0,0.0,0.0,0.0,0.0,0.0,4.34416,22.3,0.0,85.8801,0.0,0.0,0.0
2023-12-09 02:05:00,158.998,2251.82,0.0,0.0,41.4,38.4318,0.0,0.0,123.861,0.0,0.0,0.7538,0.0,117.998,0.0,8.17,0.0,0,1904.2,0.0,0.0,0.0,0.0,0.001526,22.0147,0.0,64.5313,18.9032,0.0,0.0,43.8838,0.0,0.0,,0.0,0.0,0.0,0.0,1.344,0.0,0.0,1084.95,0.0,0.0,0.0,0.00153,0.0,30.483,0.0,0.0,0.1639,0.0,493.861,30.7,10.4,51.4772,0.0,0.0,0,7.4873,0.0,1151.99,0.0,0.0,0.0,28.2089,0.0,14.7372,0.0,0.0,0.0,0.0,0.0,0.0,0.0,0.0,0.0,4.34416,22.42,0.0,85.9344,0.0,0.0,0.0
2023-12-09 02:10:00,143.096,2247.06,0.0,0.0,37.73,40.7636,0.0,0.0,114.033,0.0,0.0,4.67994,0.09827,114.498,0.0,5.33,0.0,0,1904.4,0.0,0.0,0.0,0.0,0.001526,50.6842,0.0,67.064,24.5796,0.0,0.0,43.327,0.0,0.0,,0.0,0.0,0.0,0.0,1.344,0.0,0.0,1050.72,0.0,0.0,0.0,0.00153,0.0,26.7201,0.0,0.0,0.08352,0.0,506.475,31.0,10.4,50.5983,0.0,0.0,0,7.79858,0.0,1096.64,0.0,0.0,0.0,24.3329,0.0,12.6436,0.0,0.0,0.0,0.0,0.0,0.0015,0.0,0.0,0.0,4.34416,22.24,0.0,87.1127,0.0,0.0,0.0
2023-12-09 02:15:00,156.697,2254.45,0.0,0.0,44.15,40.5417,0.0,0.0,117.896,0.0,0.0,15.3933,1.08705,110.099,0.0,6.57,0.0,0,1903.25,0.0,0.0,0.0,0.0,0.001526,74.9839,0.0,86.3485,27.1544,0.0,0.0,43.4439,0.0,0.0,,0.0,0.0,0.0,0.0,1.344,0.0,0.0,1019.11,0.0,0.0,0.0,0.00153,0.0,23.6896,0.0,0.0,0.1639,0.0,508.317,30.7,10.4,50.851,0.0,0.0,0,7.79126,0.0,1101.79,0.0,0.0,0.0,22.329,0.0,10.8809,0.0,0.0,0.0,0.0,0.0643,0.08524,0.0,0.0,0.0,4.34416,22.22,0.0,89.3062,0.0,0.0,0.0
2023-12-09 02:20:00,149.695,2246.52,0.0,0.0,49.52,40.1231,0.0,0.0,108.002,0.0,0.0,28.2651,2.81437,108.599,0.0,9.58,0.0,0,1904.2,0.0,0.0,0.0,0.0,0.001526,111.873,0.0,87.8719,32.4024,0.0,0.0,43.65,0.0,0.0,,0.0,0.0,0.0,0.0,1.344,0.0,0.0,987.027,0.0,0.0,0.0,0.00153,0.0,20.6867,0.0,0.0,0.1639,0.0,515.623,31.1,10.4,51.1586,0.0,0.0,0,7.64843,0.0,1101.82,0.0,0.0,0.0,21.8719,0.0,9.76394,0.0075,0.0,0.0,0.0,0.0,0.0,0.0,0.0,0.0,4.34416,22.26,0.0,91.7897,0.0,0.0,0.0
2023-12-09 02:25:00,158.396,2246.98,0.0,0.0,53.17,39.7212,0.0,0.0,84.9974,0.0,0.0,62.0172,9.43313,110.099,0.0,3.7,0.0,0,1896.07,0.0,0.0,0.0,0.0,0.001526,118.693,0.0,89.662,26.9021,0.0,0.0,43.5608,0.0,0.0,,0.0,0.0,0.0,0.0,1.344,0.0,0.0,951.968,0.0,0.0,0.0,0.00153,0.0,21.181,0.0,0.0,0.14381,0.0,500.368,30.8,10.4,50.9609,0.0,0.0,0,6.4509,0.0,1048.13,0.0,0.0,0.0,23.4188,0.0,8.83131,0.0,0.0,0.0,0.0,0.02542,0.03439,0.0015,0.0,0.0,4.34416,22.4,0.0,103.428,0.0,0.0,0.0
2023-12-09 02:30:00,147.194,2234.87,0.0,0.0,60.51,42.3817,0.0,0.0,76.4152,0.0,0.0,98.6008,63.9237,107.099,0.0,11.21,0.0,0,1899.17,0.0,0.0,0.0,0.0,0.001526,130.483,0.0,87.6053,18.8317,0.0,0.0,43.8838,0.0,0.0,,0.0,0.0,0.0,0.0,1.344,0.0,0.0,920.986,0.0,0.0,0.0,0.00153,0.0,22.7466,0.0,0.0,0.17395,0.0,512.812,30.8,10.4,51.2905,0.0,0.0,0,3.72076,0.0,1042.51,0.0,0.0,0.0,22.953,0.0,7.18456,0.0,0.0,0.0,0.0,0.0,0.0,0.0,0.0,0.0,4.34416,22.54,0.0,99.8928,0.0,0.0,0.0
2023-12-09 02:35:00,144.696,2251.79,0.0,0.0,64.14,40.1901,0.0,0.0,86.2435,0.0,0.0,85.6489,88.5335,109.298,0.0,8.62,0.0,0,1913.73,0.0,0.0,0.0,0.0,0.001526,119.283,0.0,86.9706,20.5774,0.0,0.0,43.5023,0.0,0.0,,0.0,0.0,0.0,0.0,1.344,0.0,0.0,920.546,0.0,0.0,0.0,0.00153,0.0,21.4466,0.0,0.0,0.17395,0.0,516.77,31.3,10.4,50.7411,0.0,0.0,0,3.68597,0.0,987.603,0.0,0.0,0.0,23.4276,0.0,4.99825,0.0,0.0,0.0,0.0,1.50585,0.1301,0.0,0.0,0.0,4.34416,22.31,0.0,97.228,0.0,0.0,0.0
2023-12-09 02:40:00,145.499,2241.95,0.0,0.0,71.15,40.4622,0.0,0.0,84.1497,0.0,0.0,106.613,88.4639,111.197,0.0,5.06,0.0,0,1907.55,0.0,0.0,0.0,0.0,0.001526,128.653,0.0,72.5802,25.3176,0.0,0.0,43.6777,0.0,0.0,,0.0,0.0,0.0,0.0,1.344,0.0,0.0,901.82,0.0,0.0,0.0,0.00153,0.0,21.0529,0.0,0.0,0.1639,0.0,507.433,31.4,10.4,51.2905,0.0,0.0,0,8.52369,0.0,991.339,0.0,0.0,0.0,23.5419,0.0,3.98749,0.0,0.0,0.0,0.0,0.37534,0.1301,0.03439,0.0,0.0,4.34416,22.37,0.0,96.1041,0.0,0.0,0.0
2023-12-09 02:45:00,143.498,2236.7,0.0,0.0,82.95,41.4251,0.0,0.0,96.0757,0.0,0.0,75.964,88.8533,116.299,0.0,4.97,0.0,0,1903.08,0.0,0.0,0.0,0.0,0.001526,138.833,0.0,84.1331,28.6041,0.0,0.0,43.6777,0.0,0.0,,0.0,0.0,0.0,0.0,1.344,0.0,0.0,902.48,0.0,0.0,0.0,0.00153,0.0,20.9705,0.0,0.0,0.17395,0.0,504.695,31.4,10.4,50.6313,0.0,0.0,0,68.9311,0.0,958.135,0.0,0.0,0.0,23.7704,0.0,3.19524,0.0,0.0,0.0,0.0,1.16191,0.0,0.03738,0.0,0.0,4.34416,22.19,0.0,87.3303,0.0,0.0,0.0
2023-12-09 02:50:00,152.797,2243.49,0.0,0.0,90.67,40.6024,0.0,0.0,109.705,0.0,0.0,88.4382,88.6226,116.799,0.0,8.08,0.0,0,1909.26,0.0,0.0,0.0,0.0,0.001526,132.753,0.0,87.2816,31.8256,0.0,0.0,43.5608,0.0,0.0,,0.0,0.0,0.0,0.0,1.344,0.0,0.0,906.752,0.0,0.0,0.0,0.00153,0.0,21.9501,0.0,0.0,0.14381,0.0,513.937,31.6,10.4,51.5102,0.0,0.0,0,105.838,0.0,909.867,0.0,0.0,0.0,22.7333,0.0,4.0058,0.0,0.0,0.0,0.0,0.7133,0.05832,0.0015,0.0,0.0,4.34416,22.54,0.0,83.4147,0.0,0.0,0.0
2023-12-09 02:55:00,148.797,2229.18,0.0,0.0,89.67,42.1221,0.0,0.0,112.654,0.0,0.0,87.5105,88.6336,118.197,0.0,6.76,0.0,0,1905.18,0.0,0.0,0.0,0.0,0.001526,124.783,0.0,91.852,33.9402,0.0,0.0,44.0,0.0,0.0,,0.0,0.0,0.0,0.0,1.344,0.0,0.0,903.505,0.0,0.0,0.0,0.00153,0.0,22.1698,0.0,0.0,0.17395,0.0,509.379,31.3,10.4,50.9609,0.0,0.0,0,103.678,0.0,854.616,0.0,0.0,0.0,22.3114,0.0,4.02167,0.0,0.0,0.0,0.0,0.79704,0.0,0.0,0.0,0.0,4.34416,22.35,0.0,74.4415,0.0,0.0,0.0
2023-12-09 03:00:00,143.898,2233.29,0.0,0.0,91.17,43.5832,0.0,0.0,112.525,0.0,0.0,83.6149,86.645,119.896,0.0,8.39,0.0,0,1907.35,0.0,0.0,0.0,0.0,0.001526,126.023,0.0,91.4711,33.9941,0.0,0.0,43.853,0.0,0.0,,0.0,0.0,0.0,0.0,1.344,0.0,0.0,906.191,0.0,0.0,0.0,0.00153,0.0,23.0396,0.0,0.0,0.14381,0.0,511.088,31.3,10.4,50.9828,0.0,0.0,0,86.4582,0.0,864.895,0.0,0.0,0.0,23.0057,0.0,2.62272,0.0,0.0,0.0,0.0,0.0314,0.0,0.0,0.0,0.0,4.34416,22.47,0.0,74.2965,0.0,0.0,0.0
2023-12-09 03:05:00,146.596,2256.09,0.0,0.0,89.54,43.4827,0.0,0.0,107.607,0.0,0.0,72.903,84.3537,122.096,0.0,7.93,0.0,0,1846.83,0.0,0.0,0.0,0.0,0.001526,129.013,0.0,92.0932,33.0698,0.0,0.0,43.7085,0.0,0.0,,0.0,0.0,0.0,0.0,1.344,0.0,0.0,903.896,0.0,0.0,0.0,0.00153,0.0,22.179,0.0,0.0,0.17395,0.0,509.67,31.5,10.4,51.0488,0.0,0.0,0,48.4779,0.0,896.365,0.0,0.0,0.0,23.5243,0.0,1.88418,0.0,0.0,0.0,0.0,0.93462,0.12113,0.0015,0.0,0.0,4.34416,22.41,0.0,81.7832,0.0,0.0,0.0
2023-12-09 03:10:00,149.294,2249.99,0.0,0.0,84.51,41.2011,0.0,0.0,110.494,0.0,0.0,80.7889,83.454,121.299,0.0,7.93,0.0,0,1751.0,0.0,0.0,0.0,0.0,0.001526,139.933,0.0,91.9028,34.1941,0.0,0.0,44.0,0.0,0.0,,0.0,0.0,0.0,0.0,1.344,0.0,0.0,894.74,0.0,0.0,0.0,0.00153,0.0,18.0774,0.0,0.0,0.1639,0.0,493.993,30.6,10.4,50.7741,0.0,0.0,0,34.276,0.0,941.411,0.0,0.0,0.0,21.9247,0.0,0.74769,0.0,0.0,0.0,0.0,0.0,0.0015,0.0,0.0,0.0,4.34416,22.11,0.0,78.9915,0.0,0.0,0.0
2023-12-09 03:15:00,159.096,2254.28,0.0,0.0,79.33,45.5215,0.0,0.0,102.17,0.0,0.0,73.6339,84.0632,122.096,0.0,8.28,0.0,0,1671.51,0.0,0.0,0.0,0.0,0.001526,138.893,0.0,91.7885,33.407,0.0,0.0,43.7361,0.0,0.0,,0.0,0.0,0.0,0.0,1.344,0.0,0.0,897.353,0.0,0.0,0.0,0.00153,0.0,14.3969,0.0,0.0,0.19405,0.0,495.792,30.9,10.4,51.4113,0.0,0.0,0,22.7988,0.0,1002.33,0.0,0.0,0.0,23.6473,0.0,0.0,0.0,0.0,0.0,0.0,0.0,0.0,0.0,0.0,0.0,4.34416,22.3,0.0,88.5992,0.0,0.0,0.0
2023-12-09 03:20:00,187.298,2248.67,0.0,0.0,70.65,45.0317,0.0,0.0,105.252,0.0,0.0,77.2839,85.5744,121.6,0.0,10.11,0.0,0,1723.68,0.0,0.0,0.0,0.0,0.001526,144.013,0.0,91.8964,32.919,0.0,0.0,43.4162,0.0,0.0,,0.0,0.0,0.0,0.0,1.344,0.0,0.0,901.503,0.0,0.0,0.0,0.00153,0.0,11.7693,0.0,0.0,0.17395,0.0,495.983,31.6,10.4,50.2907,0.0,0.0,0,17.1664,0.0,980.621,0.0,0.0,0.0,22.6629,0.0,0.0,0.0,0.0,0.0,0.0,0.0,0.0,0.02243,0.0,0.0,4.34416,22.28,0.0,79.771,0.0,0.0,0.0
2023-12-09 03:25:00,182.496,2224.13,0.0,0.0,83.68,43.5037,0.0,0.0,100.724,0.0,0.0,69.3126,87.8047,121.6,0.0,8.13,0.0,0,1801.66,0.0,0.0,0.0,0.0,0.001526,135.483,0.0,91.7441,31.7835,0.0,0.0,43.4439,0.0,0.0,,0.0,0.0,0.0,0.0,1.344,0.0,0.0,897.328,0.0,0.0,0.0,0.00153,0.0,7.64019,0.0,0.0,0.12371,0.0,495.554,30.8,10.4,51.4992,0.0,0.0,0,22.5425,0.0,968.218,0.0,0.0,0.0,23.8583,0.0,0.0,0.0,0.0,0.0,0.0,0.0,0.0,0.0,0.0,0.0,4.34416,22.3,0.0,74.2421,0.0,0.0,0.0
2023-12-09 03:30:00,190.698,2196.59,0.0,0.0,106.19,45.2034,0.0,0.0,95.8101,0.0,0.0,75.1858,88.6348,119.6,0.0,9.33,0.0,0,1894.71,0.0,0.0,0.0,0.0,0.001526,124.833,0.0,91.852,28.3867,0.0,0.0,43.5608,0.0,0.0,,0.0,0.0,0.0,0.0,1.344,0.0,0.0,903.725,0.0,0.0,0.0,0.00153,0.0,3.84985,0.0,0.0,0.12371,0.0,505.717,31.5,10.3,50.9279,0.0,0.0,0,32.3424,0.0,914.335,0.0,0.0,0.0,23.5331,0.0,0.0,0.0,0.0,0.0,0.0,0.48002,0.10019,0.0015,0.0,0.0,4.34416,22.2,0.0,68.8038,0.0,0.0,0.0
2023-12-09 03:35:00,191.199,2172.25,0.0,0.0,93.86,43.9621,0.0,0.0,99.8101,0.0,0.0,76.0113,88.2539,120.998,0.0,8.51,0.0,0,1972.1,0.0,0.0,0.0,0.0,0.001526,126.103,0.0,91.687,29.7649,0.0,0.0,43.6777,0.0,0.0,,0.0,0.0,0.0,0.0,1.344,0.0,0.0,907.094,0.0,0.0,0.0,0.00153,0.0,1.63424,0.0,0.0,0.17395,0.0,505.774,31.2,10.3,54.5754,0.0,0.0,0,35.4076,0.0,858.425,0.0,0.0,0.0,23.6913,0.0,0.0,0.0,0.0,0.0,0.0,1.63445,0.08524,0.07626,0.0,0.0,4.34416,22.25,0.0,68.7494,0.0,0.0,0.0
2023-12-09 03:40:00,193.494,2137.04,0.0,0.0,99.24,43.6125,0.0,0.0,99.2828,0.0,0.0,80.4593,87.3445,119.6,0.0,7.05,0.0,0,2037.95,0.0,0.0,0.0,0.0,0.001526,131.373,0.0,91.6298,31.8676,0.0,0.0,44.0,0.0,0.0,,0.0,0.0,0.0,0.0,1.344,0.0,0.0,903.261,0.0,0.0,0.0,0.00153,0.0,1.6434,0.0,0.0,0.17395,0.0,448.402,31.4,10.3,54.8391,0.0,0.0,0,39.4287,0.0,862.746,0.0,0.0,0.0,23.2782,0.0,0.0,0.0,0.0,0.0,0.0,0.0015,0.0,0.0314,0.0,0.0,4.34416,22.31,0.0,68.6406,0.0,0.0,0.0
2023-12-09 03:45:00,194.095,2103.06,0.0,0.0,107.5,42.771,0.0,0.0,89.3881,0.0,0.0,87.1412,88.1233,122.596,0.0,7.88,0.0,0,2107.26,0.0,0.0,0.0,0.0,0.001526,131.963,0.0,91.7758,33.4094,0.0,0.0,44.0,0.0,0.0,,0.0,0.0,0.0,0.0,1.344,0.0,0.0,903.285,0.0,0.0,0.0,0.00153,0.0,2.01877,0.0,0.0,0.14381,0.0,369.12,30.9,10.2,54.8281,0.0,0.0,0,46.0755,0.0,862.746,0.0,0.0,0.0,22.452,0.0,0.0,0.0,0.0,0.0,0.0,0.0,0.0,0.0,0.0,0.0,4.34416,22.39,0.0,68.6406,0.0,0.0,0.0
2023-12-09 03:50:00,184.397,2073.96,0.0,0.0,107.78,39.8803,0.0,0.0,81.5911,0.0,0.0,85.8274,88.3845,123.096,0.0,7.21,0.0,0,2156.04,0.0,0.0,0.0,0.0,0.001526,138.333,0.0,91.6743,34.3663,0.0,0.0,43.4162,0.0,0.0,,0.0,0.0,0.0,0.0,1.344,0.0,0.0,890.639,0.0,0.0,0.0,0.00153,0.0,2.94347,0.0,0.0,0.14381,0.0,260.795,30.6,10.5,59.7061,0.0,0.0,0,51.2978,0.0,857.375,0.0,0.0,0.0,23.0585,0.0,0.0,0.0,0.0,0.0,0.0,0.0,0.04935,0.0015,0.0,0.0,4.34416,22.28,0.0,68.6043,0.0,0.0,0.0
2023-12-09 03:55:00,187.498,2099.96,0.0,0.0,107.7,40.2508,0.0,0.0,85.263,0.0,0.0,71.5099,88.2551,125.299,0.0,9.75,0.0,0,2110.58,0.0,0.0,0.0,0.0,0.001526,129.063,0.0,91.8203,34.3337,0.0,0.0,43.5331,0.0,0.0,,0.0,0.0,0.0,0.0,1.344,0.0,0.0,910.707,0.0,0.0,0.0,0.00153,0.0,3.25475,0.0,0.0,0.21414,0.0,174.712,31.9,10.5,53.3999,0.0,0.0,0,50.9499,0.0,807.056,0.0,0.0,0.0,22.8915,0.0,0.0,0.0,0.0,0.0,0.0,1.8139,0.0,0.09122,0.0,0.0,4.34416,22.24,0.0,75.0034,0.0,0.0,0.0
2023-12-09 04:00:00,186.997,2093.37,0.0,0.0,106.41,39.604,0.0,0.0,81.4583,0.0,0.0,64.744,88.5249,129.8,0.0,13.08,0.0,0,2175.01,0.0,0.0,0.0,0.0,0.001526,132.433,0.0,91.6933,34.3306,0.0,0.0,43.5331,0.0,0.0,,0.0,0.0,0.0,0.0,1.344,0.0,0.0,909.999,0.0,0.0,0.0,0.00153,0.0,2.92515,0.0,0.0,0.14381,0.0,114.411,31.7,10.3,46.0389,0.0,0.0,0,55.3774,0.0,853.81,0.0,0.0,0.0,23.0672,0.0,0.0,0.0,0.0,0.0,0.0,0.39927,0.0,0.0,0.0,0.0,4.34416,22.39,0.0,79.4085,0.0,0.0,0.0
2023-12-09 04:05:00,197.396,2135.92,0.0,0.0,100.74,38.5699,0.0,0.0,62.5869,0.0,0.0,67.4403,88.343,133.198,0.0,14.15,0.0,0,2122.71,0.0,0.0,0.0,0.0,0.001526,135.763,0.0,91.8837,34.721,0.0,0.0,43.7085,0.0,0.0,,0.0,0.0,0.0,0.0,1.344,0.0,0.0,886.391,0.0,0.0,0.0,0.00153,0.0,2.18357,0.0,0.0,0.13376,0.0,216.542,31.7,10.4,40.3699,0.0,0.0,0,59.9478,0.0,801.245,0.0,0.0,0.0,22.329,0.0,0.0,0.0465,0.0,0.0,0.0,0.33347,0.26468,0.0015,0.0,0.0,4.34416,22.31,0.0,79.4991,0.0,0.0,0.0
2023-12-09 04:10:00,199.896,2180.06,0.0,0.0,107.51,34.3499,0.0,0.0,45.2819,0.0,0.0,52.5795,88.4846,134.097,0.0,15.36,0.0,0,2034.36,0.0,0.0,0.0,0.0,0.001526,135.083,0.0,91.6552,33.9925,0.0,0.0,43.8254,0.0,0.0,,0.0,0.0,0.0,0.0,1.344,0.0,0.0,857.411,0.0,0.0,0.0,0.00153,0.0,1.4786,0.0,0.0,0.17395,0.0,341.757,31.5,10.4,38.5242,0.0,0.0,0,62.9654,0.0,753.954,0.0,0.0,0.0,22.7069,0.0,0.0,0.0,0.0,0.0,0.0,0.0,0.14505,0.09122,0.0,0.0,4.34416,22.0,0.0,84.5749,0.0,0.0,0.0
2023-12-09 04:15:00,197.896,2232.8,0.0,0.0,107.46,31.6601,0.0,0.0,120.713,0.0,0.0,133.144,88.5725,134.698,0.0,12.03,0.0,0,1951.32,0.0,0.0,0.0,0.0,0.001526,133.903,0.0,91.687,32.3723,0.0,0.0,43.853,0.0,0.0,,0.0,0.0,0.0,0.0,1.344,0.0,0.0,821.888,0.0,0.0,0.0,0.00153,0.0,1.07576,0.0,0.0,0.19405,0.0,382.309,30.9,10.5,34.7668,0.0,0.0,0,67.62,0.0,783.544,0.0,0.0,0.0,7.80041,0.0,0.0,0.0,0.0,0.0,0.0,0.0,0.0,0.0,0.0,0.0,4.34416,22.26,0.0,90.0494,0.0,0.0,0.0
2023-12-09 04:20:00,199.798,2246.08,0.0,0.0,107.62,35.0512,0.0,0.0,106.693,0.0,0.0,83.7552,88.3821,132.8,0.0,10.15,0.0,0,1873.34,0.0,0.0,0.0,0.0,0.001526,132.543,0.0,91.7631,33.5284,0.0,0.0,43.8254,0.0,0.0,,0.0,0.0,0.0,0.0,1.344,0.0,0.0,797.62,0.0,0.0,0.0,0.00153,0.0,0.0,0.0,0.0,0.14381,0.0,395.466,31.5,10.5,34.9535,0.0,0.0,0,72.044,0.0,765.77,0.0,0.15731,0.0,28.455,0.0,0.17945,0.0,0.0,0.0,0.0,0.0,0.0,0.0,0.0,0.0,4.34416,22.31,0.0,89.9951,0.0,0.0,0.0
2023-12-09 04:25:00,200.496,2258.92,0.0,0.0,105.92,31.9616,0.0,0.0,93.3217,0.0,0.0,145.838,88.7642,131.3,0.0,3.06,0.0,0,1811.6,0.0,0.0,0.0,0.0,0.001526,129.473,0.0,91.7568,33.6069,0.0,0.0,43.7085,0.0,0.0,,0.0,0.0,0.0,0.0,1.344,0.0,0.0,766.906,0.0,0.0,0.0,0.00153,0.0,0.0,0.0,0.0,0.13376,0.0,397.985,30.8,10.5,31.5697,0.0,0.0,0,78.2037,0.0,827.882,0.0,0.00093,0.0,25.0097,0.0,0.0,0.0,0.0,0.0,0.0,0.28263,0.0,0.0015,0.0,0.0,4.34416,22.4,0.0,89.8138,0.0,0.0,0.0
2023-12-09 04:30:00,200.596,2249.86,0.0,0.0,105.71,34.0004,0.0,0.0,81.1301,0.0,0.0,85.3544,88.7349,127.999,0.0,3.48,0.0,0,1795.75,0.0,0.0,0.0,0.0,0.001526,132.983,0.0,91.9091,30.0196,0.0,0.0,43.2101,0.0,0.0,,0.0,0.0,0.0,0.0,1.344,0.0,0.0,732.946,0.0,0.0,0.0,0.00153,0.0,0.0,0.0,0.0,0.17395,0.0,394.539,31.0,10.5,28.9439,0.0,0.0,0,77.0172,0.0,806.177,0.0,0.0,0.0,24.6933,0.0,0.0,0.0,0.0,0.0,0.0,0.0314,0.0,0.01944,0.0,0.0,4.34416,22.31,0.0,95.3971,0.0,0.0,0.0
2023-12-09 04:35:00,191.999,2253.18,0.0,0.0,107.7,32.9203,0.0,0.0,31.981,0.0,0.0,33.5363,88.813,125.397,0.0,2.12,0.0,0,1823.49,0.0,0.0,0.0,0.0,0.001526,135.683,0.0,91.6806,25.3929,0.0,0.0,43.65,0.0,0.0,,0.0,0.0,0.0,0.0,1.344,0.0,0.0,732.555,0.0,0.0,0.0,0.00153,0.0,0.0,0.0,0.0,0.13376,0.0,402.865,31.9,10.6,25.1206,0.0,0.0,0,76.2554,0.0,757.298,0.0,6.11443,0.0,19.8152,0.0,0.0,1.59948,0.0,0.0,0.0,3.08498,0.09421,0.03439,0.0,0.0,4.34416,22.43,0.0,104.896,0.0,0.0,0.0
2023-12-09 04:40:00,169.299,2251.16,0.0,0.0,107.72,34.082,0.0,0.0,14.3518,0.0,0.0,44.6982,88.343,125.897,0.0,0.78,0.0,0,1817.09,0.0,0.0,0.0,0.0,0.001526,130.013,0.0,91.6806,20.5353,0.0,0.0,43.3854,0.0,0.0,,0.0,0.0,0.0,0.0,1.344,0.0,0.0,772.473,0.0,0.0,0.0,0.00153,0.0,0.0,0.0,0.0,0.14381,0.0,403.431,31.6,10.3,23.176,0.0,0.0,0,81.6205,0.0,816.724,0.0,1.62052,0.0,11.193,0.0,0.0,0.39649,0.0,0.0,0.0,0.54282,0.0,0.0,0.0,0.0,4.34416,22.4,0.0,104.66,0.0,0.0,0.0
2023-12-09 04:45:00,102.699,2256.43,0.0,0.0,107.91,33.1526,0.0,0.0,11.7326,0.0,0.0,29.0242,88.6726,123.096,0.0,3.0,0.0,0,1811.09,0.0,0.0,0.0,0.0,0.001526,124.043,0.0,91.5346,14.7779,0.0,0.0,43.7085,0.0,0.0,,0.0,0.0,0.0,0.41325,1.344,0.0,0.0,747.277,0.0,0.0,0.0,0.00153,0.0,0.0,0.0,0.0,0.14381,0.0,404.12,31.3,10.4,25.3074,0.0,0.0,0,87.0002,0.0,862.014,0.0,0.0,0.0,9.73404,0.0,0.0,0.0195,0.0,0.0,0.0,0.0,0.0015,0.0,0.0,0.0,4.34416,22.3,0.0,110.334,0.0,0.0,0.0
2023-12-09 04:50:00,60.1954,2246.25,0.0,0.0,107.91,32.1625,0.0,0.0,10.6154,0.0,0.0,9.40719,88.1245,123.897,0.0,3.87,0.0,0,1803.3,0.0,0.0,0.0,0.0,0.001526,125.123,0.0,91.8393,12.265,0.0,0.0,43.5608,0.0,0.0,,0.0,0.0,0.0,0.95022,1.344,0.0,0.0,773.84,0.0,0.0,0.0,0.00153,0.0,0.0,0.0,0.0,0.2041,0.0,405.216,30.9,10.4,24.7251,0.0,0.0,0,89.6956,0.0,915.848,0.0,0.04747,0.0,7.27306,0.0,0.0,0.0,0.0,2.02334,0.0,0.0,0.0,0.0015,0.0,0.0,4.34416,22.37,0.0,110.135,0.0,0.0,0.0
2023-12-09 04:55:00,47.8989,2254.36,0.0,0.0,107.67,39.5433,0.0,0.0,13.0412,0.0,0.0,14.2855,88.7739,123.697,0.0,3.7,0.0,0,1800.49,0.0,0.0,0.38521,0.0,0.001526,117.623,0.0,91.122,11.1621,0.0,0.0,43.0932,0.0,0.0,,0.0,0.0,0.0,1.87148,1.344,0.0,0.0,744.274,0.0,0.0,0.0,0.00153,0.0,0.0,0.0,0.0,0.08352,0.0,398.392,31.1,10.4,29.1087,0.0,0.0,0,93.6873,0.0,974.273,0.0,0.0,0.0,1.6304,0.1294,0.0,4.76843,0.0,3.90021,0.0,0.0,0.0,0.21085,0.0,0.0,4.34416,22.39,0.0,109.446,0.0,0.0,0.0
2023-12-09 05:00:00,73.0967,2251.55,0.69165,0.0,107.81,52.1634,0.0,0.0,9.63491,0.0,0.0,14.3694,88.6738,122.397,0.0,2.05,0.0,0,1819.61,0.0,0.0,1.09018,0.0,0.001526,117.023,0.0,91.1918,8.6071,0.0,0.0,43.4747,0.0,0.0,,0.0,0.0,0.0,3.30339,1.344,0.24292,0.0,732.848,0.0,0.24,0.0,0.19989,0.0,0.0,0.0,0.0,0.04333,0.0,406.352,31.8,10.4,24.4944,0.0,0.0,0,97.1627,0.0,1034.75,0.0,0.93359,0.0,0.62843,0.20997,0.0,0.68149,0.0,6.25314,0.0,2.85469,0.0,0.03439,0.0,0.0,4.34416,22.41,0.0,108.395,0.0,0.0,0.0
2023-12-09 05:05:00,108.194,2257.65,1.09256,0.0,107.66,54.5203,0.0,0.0,1.90042,0.0,0.0,14.6777,88.415,122.596,0.0,2.61,0.0,0,1817.24,0.0,0.0,1.81025,0.39429,0.001526,113.593,0.0,92.8994,5.70697,0.0,0.0,43.65,0.0,0.0,,0.0,0.0,0.0,4.59842,1.344,0.49928,0.0,717.784,0.0,0.57,0.0,0.40131,0.0,0.0,0.13524,0.0,0.15386,0.0,327.42,31.5,10.4,20.9018,0.0,0.80751,0,97.1188,0.0,1083.72,0.0,0.0,0.79652,1.88528,0.31007,0.0,4.89943,0.0,9.75967,0.0,1.30248,0.10916,0.01346,0.0,0.0,4.34416,22.35,0.0,107.651,0.0,0.0,0.0
2023-12-09 05:10:00,108.499,2244.27,1.70057,0.0,107.53,47.642,0.0,0.0,10.2248,0.0,0.0,12.5063,88.4236,121.299,0.0,2.11,0.0,0,1792.87,0.0,0.0,2.77707,0.67506,0.001526,108.663,0.0,88.2211,3.48128,0.0,0.33082,43.1794,0.0,0.0,,0.0,0.0,0.0,7.78336,1.344,0.73854,0.8,737.389,0.0,1.01,0.0,0.70039,0.008,0.0,0.32365,0.0,0.17395,0.0,300.075,30.8,10.4,19.9899,0.0,1.37148,0,97.7157,0.0,1145.64,0.0,0.0,2.82292,1.39309,0.41017,0.0,4.93842,0.0,13.6233,0.0,0.0,0.0,0.0,0.0,0.0,4.34416,22.61,0.0,113.597,0.0,0.0,0.0
2023-12-09 05:15:00,102.497,2245.71,2.3723,0.0,107.24,49.574,0.0,0.0,13.7639,0.0,0.0,16.3211,88.7861,119.799,0.0,0.29,0.0,0,1799.25,0.0,0.0,3.89998,1.03883,0.001526,103.093,0.0,88.3163,3.13295,0.0,0.7263,43.3854,0.0,0.0,,0.0,0.0,0.544,11.958,1.344,0.56031,1.532,700.987,0.0,1.67,0.0,0.99947,0.142,0.0,0.52193,0.0,0.14381,0.0,309.096,30.8,10.4,23.4177,0.0,1.44839,0,99.5431,0.0,1189.46,0.0,0.0,3.57366,1.67434,0.51027,0.0,0.2605,0.0,33.1243,0.0,0.0,0.06729,0.0015,0.0,0.0,4.34416,22.38,0.0,112.618,0.0,0.0,0.0
2023-12-09 05:20:00,88.097,2227.38,3.3122,0.0,107.53,47.4829,0.32044,0.0,0.0,0.0,0.0,18.8266,88.1855,116.896,0.0,2.4,0.0,0,1789.5,0.0,0.0,8.33623,1.3904,0.099184,97.7135,0.34499,87.3832,1.16039,0.0,1.02189,44.0,0.95,0.0,,0.91142,0.0,0.792,11.7895,1.563,1.34157,2.834,677.476,0.0,2.57,0.0,1.10018,0.33,0.0,0.70478,0.0,0.12371,0.0,290.449,30.5,10.4,21.1105,0.0,0.0,0,97.1261,0.0,1153.75,0.0,3.21592,4.40375,1.66555,0.58962,0.0,2.20547,0.0,45.8686,0.0,0.0,0.18692,0.0015,0.0,0.0,4.34416,22.35,0.0,110.842,0.0,0.0,0.0
2023-12-09 05:25:00,80.2952,2256.68,4.45122,0.0,106.36,49.1596,0.30213,0.0,6.2247,0.0,0.0,22.4613,88.2942,115.396,1.03632,5.94,1.22628,0,1807.64,0.0,0.0,12.7272,1.74441,0.300603,100.023,0.48499,86.9325,3.40432,0.0,1.61344,44.0,3.0,0.0,,2.31128,0.27347,2.23,20.8284,1.613,2.44755,4.384,701.744,0.0,3.77,0.0,1.60067,0.433,0.0,1.27038,0.0,0.184,0.0,317.626,31.1,10.4,18.8583,0.0,5.51583,0,100.495,0.0,1115.63,0.0,1.38968,5.35592,1.60403,0.68972,0.0,3.09945,3.424,61.0849,0.0,0.0,0.05533,0.0,3.189,0.0,4.34416,22.57,0.0,110.262,0.0,0.0,0.0
2023-12-09 05:30:00,82.3976,2243.3,5.86107,0.0,105.6,40.5313,0.51087,0.0,0.0,0.0,0.0,23.9002,88.0452,115.998,1.38496,2.81,2.54063,0,1873.44,0.0,0.0,16.3326,6.69566,0.49897,100.083,0.60499,81.6321,8.40714,0.0,2.47885,43.5023,4.37,0.0,,4.03342,0.45225,3.805,25.7717,1.813,3.42901,6.316,693.199,0.0,5.21,0.0,5.60159,0.843,0.0,1.63848,0.0,0.08352,0.0,350.208,30.7,10.4,18.1003,0.0,9.25856,0,99.7592,0.0,1071.22,0.0,0.0,9.7261,3.62554,0.78982,0.0,2.83946,8.28979,75.9991,1.99611,0.05533,0.0015,0.0015,5.789,0.0,4.34416,22.34,0.0,111.078,0.0,0.0,0.0
2023-12-09 05:35:00,91.098,2248.08,7.67182,0.0,103.63,46.0511,0.93202,0.0,0.0,0.0,0.0,24.6937,88.4236,117.396,1.02867,5.77,4.69508,0,1943.95,0.0,0.0,21.2925,9.38613,0.700389,99.1635,0.61499,76.4016,11.7802,0.0,3.6343,44.0,6.02,0.0,,6.82307,0.86998,5.117,31.4203,1.864,4.60578,8.3,699.156,0.0,7.25,0.25,7.70123,0.664,0.0,1.76603,0.0,0.08352,0.0,252.496,31.0,10.4,18.7045,3.36461,13.5995,0,101.418,0.0,1028.38,0.0,0.0,14.0352,6.01621,0.93997,0.0,0.0775,11.1078,91.8563,2.99634,0.0,0.0,0.0015,7.989,0.0,4.34416,22.37,0.0,112.981,0.0,0.0,0.0
2023-12-09 05:40:00,93.5956,2250.55,10.0109,0.0,102.28,53.7416,1.59121,0.0,0.0,2.0016,0.0,31.7174,84.9043,119.1,1.54886,6.24,4.62733,0,1975.35,0.0,0.0,26.1215,12.7089,0.59968,103.463,0.69499,70.9869,10.0282,0.0,4.55424,44.0,8.03,0.36378,,10.0357,1.46825,6.592,37.2112,1.714,5.88266,10.812,703.478,0.0,9.46,1.5,10.2007,0.761,0.0,9.21102,0.0,0.17395,0.0,158.29,31.1,10.4,21.6379,8.43671,17.0773,0,101.645,0.0,979.473,0.0,0.01582,18.4359,8.02893,1.04007,0.0,0.0015,14.3647,107.375,4.9968,0.21384,0.0,0.06131,10.589,0.0,4.34416,22.35,0.0,110.099,0.0,0.0,0.0
2023-12-09 05:45:00,93.195,2250.18,12.3102,0.0,102.96,56.2012,0.81117,0.0,6.35752,5.09842,0.0,29.5933,84.4331,123.096,1.97242,4.4,5.34548,0,1907.01,0.0,1.54116,31.2477,16.0415,0.700389,98.2335,0.78499,69.5269,6.69722,0.0,7.55046,43.7669,10.05,0.41211,,13.7821,1.89306,8.153,44.0443,1.764,7.08629,11.942,696.104,0.0,11.95,2.25,13.0999,0.736,0.0,2.18044,0.0,0.15386,0.0,167.438,31.0,10.4,27.9881,12.227,21.1105,0,103.26,0.0,928.983,0.0,0.0,23.1601,5.98105,1.16947,0.0,0.0025,18.2067,124.971,14.9991,0.11215,0.06729,0.01346,13.389,0.0,4.34416,22.39,0.0,110.661,0.0,0.0,0.0
2023-12-09 05:50:00,95.7962,2205.77,14.9016,0.0,100.67,52.1843,1.11147,1.09998,0.0,13.201,0.0,31.2535,85.9541,126.596,2.28416,3.68,8.05548,0,1808.96,0.0,4.33661,36.8169,19.5621,1.10018,98.8535,0.98498,63.9092,4.37473,0.0,8.00384,44.0,12.17,0.62733,,22.9165,3.20644,9.649,50.7721,1.767,8.13855,14.294,688.096,0.0,14.38,2.75,15.8007,0.947,0.0,2.21537,0.0,0.12371,0.0,200.595,30.7,10.4,33.5363,19.2401,24.315,0,100.298,0.0,874.441,0.0,0.0,28.3421,5.26912,1.39042,0.0,0.0,22.5823,145.754,8.99771,0.0,0.08823,0.0,16.689,0.0,4.34416,22.43,0.0,105.005,0.0,0.0,0.0
2023-12-09 05:55:00,99.3976,2232.68,17.5699,0.0,98.3,55.9416,1.11147,1.39998,0.0,21.0975,0.0,35.259,85.8845,131.397,4.66304,2.86,10.9281,0,1741.12,0.0,4.06195,43.1364,23.4537,1.39925,94.4636,1.23498,64.9375,7.01302,0.0,7.20896,44.0,14.19,0.78538,,38.6976,5.82434,11.453,57.9106,1.817,10.0038,18.794,703.893,0.0,17.75,3.0,18.6999,1.698,0.0,3.98729,0.0,0.08352,0.0,182.316,31.1,10.4,37.4255,30.7027,29.6556,0,99.0378,0.0,821.802,0.0,0.0,33.6645,7.01817,1.61992,0.0,0.0,28.1969,169.989,9.99794,0.55479,0.02243,0.01346,17.089,0.0,4.34416,22.46,0.0,97.1736,0.0,0.0,0.0
2023-12-09 06:00:00,107.498,2223.2,19.9515,0.0,96.21,51.3407,0.87343,1.69997,0.0,38.7034,0.0,33.7026,85.0629,122.697,2.52787,4.16,15.115,0,1718.26,0.0,4.49531,48.4237,27.4235,2.19882,94.1936,1.76497,64.9566,9.91553,0.0,9.6215,43.2101,17.22,0.88758,,44.1158,6.43854,13.076,64.5753,1.717,11.7885,21.742,693.077,0.0,21.44,3.75,21.8006,2.241,0.0,4.09533,0.0,0.15386,0.0,148.345,31.4,10.4,41.8421,26.5827,34.5348,0,100.62,0.0,763.451,0.0,0.0,39.2737,6.8336,1.86041,0.0,0.0,34.7812,194.086,10.9982,0.0643,0.03439,0.02542,9.289,0.0,4.34416,22.3,0.0,98.2794,0.0,0.0,0.0
2023-12-09 06:05:00,121.293,2223.2,23.0022,0.0,96.45,46.0113,0.96132,1.99997,7.2755,45.5974,0.0,31.4351,81.7035,114.697,2.35661,2.97,24.6136,0,1690.5,0.0,7.63867,55.2065,30.5925,2.80003,98.8435,1.99497,72.1993,11.4945,0.0,7.01286,44.0,19.29,0.73024,,26.2701,4.31095,14.881,69.8028,1.867,13.0922,24.306,691.466,0.0,24.67,4.5,24.5991,2.153,0.0,4.1586,0.0,0.14381,0.0,120.925,30.5,10.4,43.6878,23.7995,38.269,0,97.1554,0.0,705.71,0.0,0.0,44.9683,6.48203,2.14972,0.0,0.0,41.6952,215.61,9.99794,0.0,0.1301,0.09122,31.089,0.0,4.68712,22.43,0.0,100.672,0.0,0.0,0.0
2023-12-09 06:10:00,122.895,2191.88,25.782,0.0,94.62,42.8401,1.59121,2.19997,9.56851,52.6013,0.0,26.8727,81.5521,108.298,1.82861,2.39,28.4212,0,1630.98,0.0,11.1543,61.8281,35.0555,3.00145,99.5935,2.22497,72.8913,9.66241,0.0,8.90419,44.0,22.33,0.96608,,32.1616,3.77993,16.653,77.036,1.817,15.5337,27.07,705.309,0.0,28.57,5.25,27.6997,2.027,0.0,5.08383,0.0,0.14381,0.0,108.046,31.1,10.4,46.786,21.4191,45.088,0,95.9359,0.0,665.157,0.0,0.0,51.0536,5.40975,2.39021,0.0,0.0,36.352,237.958,9.99794,0.0,0.0,0.0,35.089,0.0,4.68712,22.48,0.0,98.5695,0.0,0.0,0.0
2023-12-09 06:15:00,147.193,2184.6,28.7903,0.0,93.66,43.1646,2.91325,2.39996,12.1232,23.3017,0.0,24.4068,82.8437,104.798,1.32262,2.81,28.0553,0,1559.69,0.0,17.9782,67.5534,38.6468,3.49889,102.433,2.52496,69.127,9.5537,0.0,29.8117,44.0,24.76,1.21331,,42.5347,4.7924,18.395,82.3478,1.917,16.4932,30.56,719.493,71.3899993896,32.58,6.25,30.2998,1.305,0.0,6.54902,0.0,0.12371,0.0,12.8668,31.7,10.4,48.5548,23.2227,49.1981,0,96.6574,0.0,607.221,0.61891,0.43096,57.9751,5.70858,2.66976,0.0,0.1435,16.5781,258.888,8.99771,1.50884,0.0015,0.0,16.889,0.0,4.68712,22.48,0.0,99.5846,0.0,0.0,0.0
2023-12-09 06:20:00,152.497,2204.35,32.1011,0.0,92.93,40.9918,3.24285,2.59996,11.5998,10.3994,0.0,29.0745,84.444,103.497,0.90554,3.32,19.9253,0,1550.24,0.0,28.6351,73.45,41.1249,9.0013,107.203,2.89496,73.7926,8.05325,0.0,35.6762,43.7085,27.4,1.43149,,37.3683,5.18004,20.214,86.0171,2.067,18.8052,33.23,702.574,132.350006104,36.29,7.5,31.899,1.187,0.0,8.96976,0.0,0.15386,0.0,51.592,31.0,10.4,48.0165,28.1208,55.8889,0,95.3573,0.0,559.075,1.27321,0.11077,64.4266,4.69783,3.02011,0.0,0.0,18.3132,278.233,9.99794,1.15892,0.07028,0.04337,10.189,0.0,4.68712,22.27,0.0,98.0438,0.0,0.0,0.0
2023-12-09 06:25:00,140.696,2162.66,35.7518,0.0,92.78,37.2219,5.37057,2.99995,9.24038,9.19776,0.0,35.1064,86.6755,99.0983,0.9048,4.12,19.031,0,1475.97,0.0,11.8868,78.6667,43.0854,3.00145,121.643,3.03495,69.8126,7.2947,0.0,39.3032,44.0,29.42,1.69907,,90.1804,11.0513,22.0,89.5758,1.967,19.9625,36.476,690.806,183.649993896,40.76,8.75,33.5012,1.233,0.0,11.4146,0.0,0.14381,0.0,46.1467,19.4,10.4,44.6766,53.9208,58.1448,0,95.9689,0.0,530.607,2.08865,0.0,71.2016,6.63145,3.33018,0.0,0.0,26.0393,299.657,12.9986,0.0,0.05832,0.10916,23.489,0.0,4.68712,22.44,0.0,93.8381,0.0,0.0,0.0
2023-12-09 06:30:00,140.695,2161.92,38.8317,0.0,87.85,35.631,11.0323,3.39995,9.10756,9.19776,0.0,41.352,87.6631,94.0979,1.21165,3.78,20.2234,0,1411.08,0.0,11.3191,83.4857,45.0117,3.80102,115.813,1.54498,67.5084,7.4645,0.0,42.8544,43.7361,31.47,3.25901,,100.453,15.1666,23.732,92.887,1.967,21.6031,38.85,702.379,109.230003357,46.04,10.25,34.8013,1.912,0.0,12.0394,0.0,0.12371,0.0,40.4585,20.6,10.4,41.5564,72.6894,66.6386,0,94.797,0.0,515.763,6.07309,0.0,78.1048,9.09242,3.68053,0.0,0.0,49.7357,314.58,19.0,0.07327,0.0972,0.0015,9.589,0.0,4.68712,22.42,0.0,85.6081,0.0,0.0,0.0
2023-12-09 06:35:00,154.197,2194.71,42.2302,0.0,81.37,34.1029,48.7306,3.99994,8.71693,9.49989,0.0,43.9551,87.6948,88.9957,1.52294,3.55,21.1854,0,1374.92,0.0,21.7197,87.6551,47.2309,4.1001,114.763,1.45498,64.4868,10.9486,0.0,30.2152,43.6193,34.52,2.74547,,31.9702,3.92508,25.292,95.5666,2.167,22.1427,41.376,726.354,123.25,50.7,12.25,36.6995,1.823,0.0,10.1194,0.0,0.14381,0.0,42.9381,20.7,10.4,40.26,17.7844,69.4926,0,93.2735,0.0,514.542,5.43099,0.5892,84.5563,8.47718,4.0199,0.0,0.2445,23.2991,325.676,25.9929,2.50178,0.12711,0.0015,10.289,0.0,4.68712,22.5,0.0,87.9648,0.0,0.0,0.0
2023-12-09 06:40:00,145.597,2158.36,45.7296,0.0,75.16,35.6519,45.8521,4.69993,7.92786,9.69902,0.0,37.6059,88.0842,93.8988,2.03853,3.78,24.7626,0,1367.28,0.0,69.7734,85.8222,43.288,3.5996,111.593,1.28498,68.3526,14.5676,0.0,49.6169,43.853,36.58,3.05574,,49.111,6.66688,26.741,97.8303,2.217,24.2228,42.496,702.281,235.520004272,55.19,14.0,34.2001,2.499,0.0,13.9867,0.0,0.17395,0.0,30.4259,20.4,10.4,38.9306,30.1808,80.5499,0,96.1373,0.0,507.315,5.53353,0.11635,90.9895,7.0797,4.53017,0.0,0.0,32.1393,335.161,40.9963,0.09122,0.13608,0.0,28.589,0.0,4.34416,22.27,0.0,78.774,0.0,0.0,0.0
2023-12-09 06:45:00,138.197,2112.7,48.5599,0.0,73.69,30.1509,22.4509,5.79991,7.73254,10.3033,0.0,33.3577,87.1626,83.7962,1.52224,4.14,30.955,0,1301.9,0.0,56.1562,86.8897,36.9525,4.79896,111.573,1.14498,68.067,16.0102,0.0,54.4911,43.5916,37.59,2.57958,,134.019,21.4114,28.465,95.7719,2.317,23.986,43.518,672.007,209.050003052,59.41,16.0,38.7991,4.442,0.0,39.9934,0.0,0.14381,0.0,105.535,19.2,10.4,34.0307,53.1517,81.3959,0,96.0421,0.0,488.736,9.39345,0.0,97.9171,5.97226,5.01968,0.0,0.0,13.2347,345.058,64.9931,0.0,0.0,0.06131,13.889,0.0,4.34416,22.39,0.0,83.5597,0.0,0.0,0.0
2023-12-09 06:50:00,136.093,2138.09,51.361,0.0,68.47,25.3197,65.1994,6.99989,9.30678,12.3976,0.0,39.2966,86.9136,87.0974,1.42125,5.41,40.1826,0,1261.54,0.0,21.268,86.23,50.0606,16.0998,106.983,1.28498,73.2086,15.8126,0.0,40.831,43.6777,38.59,5.13101,,147.061,21.6397,30.014,95.5771,2.317,25.4997,44.362,687.315,73.3399963379,63.68,18.0,39.501,1.874,0.0,10.5869,0.0,0.12371,0.0,90.979,19.5,10.4,31.317,116.287,73.6626,0,95.1449,0.0,481.582,34.7137,0.0,103.917,7.24669,5.49944,0.0,0.0,17.1684,354.452,95.0,0.0,0.0,0.0314,35.689,0.0,4.34416,22.58,0.0,82.5083,0.0,0.0,0.0
2023-12-09 06:55:00,135.298,2195.44,54.2816,0.0,64.62,29.2027,59.8196,7.99988,11.467,14.8009,0.0,43.0625,83.7629,82.6988,1.72698,6.01,51.7272,0,1265.35,0.0,12.3018,85.7114,51.7354,20.6012,107.013,1.83497,66.7085,14.5327,0.0,4.71373,44.0,39.61,3.96211,,132.67,17.1456,31.559,103.547,2.518,16.4639,45.584,728.405,23.7099990845,67.31,20.0,40.3006,2.274,0.0,8.96317,0.0,0.00565,0.0,4.47884,20.9,10.4,31.8663,88.3269,77.3626,0,90.8821,0.0,477.48,26.9645,0.53707,110.423,6.40293,5.98041,0.0,0.0,18.26,363.525,152.996,0.0,0.11215,0.10019,14.289,0.0,4.34416,22.47,0.0,74.3871,0.0,0.0,0.0
2023-12-09 07:00:00,126.895,2172.76,57.2606,0.0,61.99,28.0807,70.7622,8.89986,13.3029,21.5988,0.0,44.358,79.1437,81.4996,2.14323,6.71,65.2907,0,1215.5,0.0,8.90211,85.3438,52.5557,6.99931,107.183,4.42493,62.6206,16.5529,0.0,45.4656,43.4162,40.11,12.8732,,158.451,23.6399,0.0,105.443,2.969,25.9831,46.002,710.387,216.289993286,71.56,22.5,40.9018,2.583,0.0,10.9338,0.0,0.15386,0.0,4.6675,20.6,10.4,31.328,137.235,76.3116,0,93.6068,0.0,467.324,38.4662,0.0,116.649,6.2623,6.41987,0.0,0.0,37.63,373.156,43.997,0.0,0.03439,0.0,31.189,0.0,4.34416,22.47,0.0,76.5987,0.0,0.0,0.0
2023-12-09 07:05:00,110.2,2130.38,60.1413,0.0,63.08,21.891,72.6006,9.49986,12.9748,25.1007,0.0,44.3671,76.4825,81.4996,22.6243,6.68,180.94,0,1261.79,0.0,13.7179,84.6489,53.4225,17.9004,104.233,3.28495,63.9282,17.7574,0.0,68.4646,43.7085,40.61,25.8458,,163.376,24.378,16.227,103.653,2.215,25.5265,47.216,683.897,92.5400009155,75.22,24.75,41.8021,1.697,0.0,20.6252,0.0,0.1639,0.0,125.198,19.6,10.4,27.7574,142.234,72.697,0,90.0435,0.0,490.64,29.2546,0.0,121.776,4.74177,6.79952,0.0,0.0,21.1855,380.096,0.0,0.0,0.0,0.0,33.889,0.0,4.34416,22.32,0.0,80.4055,0.0,0.0,0.0
2023-12-09 07:10:00,101.896,2173.86,63.9115,0.0,65.92,30.0609,63.9908,11.2998,24.5082,24.2973,0.0,43.2212,71.0832,77.1984,24.7706,6.34,175.263,0,1314.35,0.0,22.6658,84.7345,54.3502,21.4984,104.833,4.58493,62.3921,17.1916,0.0,52.4329,43.7946,40.61,26.1427,,167.737,25.0063,8.034,107.975,2.164,26.7131,47.94,712.975,3.72000002861,79.52,27.25,42.6993,1.286,0.0,15.8571,0.0,0.14381,0.0,108.947,20.8,10.4,31.8663,143.369,75.252,0,90.0508,0.0,486.001,9.48135,0.0,124.926,5.87558,7.25974,0.0,0.0,26.9599,387.027,0.0,0.88377,0.18393,0.04636,21.889,0.0,4.34416,22.18,0.0,89.1612,0.0,0.0,0.0
2023-12-09 07:15:00,95.5966,2173.89,66.6011,0.0,77.73,34.193,80.6903,11.7998,20.3831,27.7031,0.0,40.6256,69.323,79.9995,24.7972,6.58,159.179,0,1383.44,0.0,23.7461,83.1634,55.588,25.7984,108.483,4.83493,63.0522,17.052,0.0,75.223,43.4747,41.62,27.1616,,173.044,26.1002,36.493,107.801,2.115,23.8468,48.682,702.745,79.1699981689,83.3,29.75,43.801,1.586,0.0,20.4585,0.0,0.12371,0.0,114.07,20.4,10.4,35.2831,149.21,3.61028,0,85.561,0.0,506.046,44.4306,0.0,87.6509,9.34731,7.62963,0.0,0.0,24.1285,393.289,0.0,0.0,0.18991,0.03738,31.889,0.0,4.34416,22.24,0.0,93.2399,0.0,0.0,0.0
2023-12-09 07:20:00,90.2973,2145.32,68.08,0.0,84.57,35.922,72.5896,11.3998,22.8714,34.5972,0.0,37.8439,71.2334,82.597,25.4198,6.07,211.807,0,1455.3,0.0,32.6574,83.7576,56.3131,19.7009,107.763,4.96492,55.2572,18.9182,0.0,80.9124,43.5608,41.62,29.0816,,164.927,25.6011,37.067,110.549,2.165,10.2333,49.534,692.735,123.449996948,86.31,32.0,44.6006,2.388,0.0,22.8115,0.0,0.17395,0.0,109.963,20.1,10.4,40.7874,153.697,0.0,0,87.8901,0.0,545.915,16.9937,0.0,123.711,8.19593,7.98975,0.0,0.0,20.2097,394.031,0.0,0.0,0.0,0.01047,28.289,0.0,4.34416,22.42,0.0,99.8747,0.0,0.0,0.0
2023-12-09 07:25:00,100.297,2188.8,69.5695,0.0,82.98,47.9141,36.8322,11.7998,29.1606,36.1971,0.0,45.5909,66.995,84.2963,27.1852,6.92,205.615,0,1458.71,0.0,32.4071,83.6569,57.8073,10.4997,110.903,5.16492,49.5823,17.0607,0.0,81.1172,43.7669,42.64,19.3782,,185.522,27.5428,37.404,111.781,2.566,10.58,49.834,717.467,32.6699981689,89.54,34.5,45.9007,3.195,0.0,13.6176,0.0,0.08352,0.0,107.037,20.5,10.4,47.1925,157.432,2.22599,0,90.1936,0.0,510.562,16.1074,0.27272,126.659,14.1638,8.35963,0.0,0.0,20.6315,394.141,0.0,0.0,0.08225,0.04038,18.089,0.0,4.34416,22.48,0.0,102.539,0.0,0.0,0.0
2023-12-09 07:30:00,103.295,2128.74,70.3394,0.0,84.43,43.2211,59.6805,10.7998,27.9848,84.7025,0.0,45.539,67.3027,83.2962,17.4244,6.38,224.002,0,1495.58,0.0,97.2396,83.9892,56.6549,17.5982,112.023,5.47492,51.2454,24.444,0.0,81.5636,43.2378,42.64,9.74643,,189.399,28.0189,37.583,111.228,2.817,4.96956,50.354,676.378,57.7299995422,91.92,36.75,45.7999,3.221,0.0,15.1834,0.0,0.1639,0.0,95.1004,19.6,10.4,52.2463,160.142,0.0,0,89.9336,0.0,473.11,14.6841,0.0,128.923,16.95,8.81985,0.0,0.0,23.3779,393.948,7.99748,0.0,0.0,0.07028,21.389,0.0,4.34416,22.69,0.0,95.2521,0.0,0.0,0.0
2023-12-09 07:35:00,110.197,2146.22,72.0812,0.0,79.52,42.411,76.8194,12.8998,31.3911,88.6988,0.0,38.2879,66.8949,88.8984,27.4842,5.98,216.441,0,1450.85,0.0,106.798,83.6468,57.07,26.5003,113.023,5.97491,53.6195,34.2377,0.0,83.4519,43.65,43.64,22.8198,,191.232,28.4721,37.678,113.244,2.466,4.42268,51.102,637.241,22.8299999237,94.34,39.0,45.6992,3.25,0.0,17.7005,0.0,0.14381,0.0,76.6916,19.6,10.4,59.4534,163.575,0.0,0,90.2046,0.0,465.444,15.6773,0.0,131.328,19.9119,9.18973,0.0,0.0,24.6313,394.104,57.9915,0.0,0.04636,0.06131,16.889,0.0,4.34416,22.25,0.0,97.4274,0.0,0.0,0.0
2023-12-09 07:40:00,125.198,2169.66,72.6308,0.0,72.35,39.5726,81.4997,10.6998,35.1294,88.8979,0.0,32.6986,66.674,88.7966,28.3689,7.42,89.1387,0,1459.08,0.0,108.318,82.5592,58.8669,22.9999,118.393,6.5649,60.1386,32.8285,0.0,84.6316,43.5608,44.65,9.05318,,191.494,28.7995,38.157,114.85,2.316,0.93629,51.65,619.248,60.4799995422,96.44,41.5,45.6992,2.686,0.0,29.0215,0.0,0.15386,0.0,0.84475,20.9,10.4,57.8933,164.189,1.40566,0,88.7324,0.0,462.685,47.2383,0.04002,133.526,23.4803,9.64019,0.0,0.0,24.6712,393.994,67.9938,0.90471,0.0,0.0,18.889,0.0,4.34416,22.25,0.0,102.902,0.0,0.0,0.83886
2023-12-09 07:45:00,123.398,2189.0,73.4698,0.0,73.07,43.4409,78.5992,13.0998,44.4968,100.097,0.0,34.902,64.9955,91.4959,21.8399,7.62,179.91,0,1466.75,0.0,108.818,81.5823,59.2575,25.2003,126.813,6.6749,70.295,29.8975,0.0,85.2214,44.0592,44.92,6.88435,,194.526,29.0544,38.373,114.997,2.065,0.20142,52.33,614.463,77.2900009155,97.51,43.75,45.6992,3.044,0.0,37.0947,0.0,0.12371,0.0,0.0,20.8,10.4,57.7725,169.535,1.4313,0,86.5754,0.0,464.199,10.7118,0.0,135.717,20.6414,10.2603,0.0,0.1185,23.3482,393.857,83.9975,0.37235,0.0015,0.0,33.789,0.0,4.34416,22.44,0.0,96.5754,0.0,0.0,0.0
2023-12-09 07:50:00,123.796,2237.29,74.0406,0.0,73.61,31.7104,16.8808,18.8997,41.5475,113.501,0.0,38.7106,66.2834,100.899,26.0096,9.12,229.652,0,1566.26,0.0,110.491,81.9801,59.9484,25.3986,124.853,6.3349,63.6997,27.0227,0.0,85.0166,43.5023,44.92,6.40128,,196.812,29.0509,34.087,115.013,2.316,0.98512,52.468,642.026,0.0,98.42,46.0,45.2995,2.846,0.0,17.1442,0.0,0.08352,0.0,0.0,21.4,10.4,57.7395,169.05,3.72137,0,91.1202,0.0,456.996,7.91394,1.02667,137.676,16.616,10.8695,0.0,0.45749,23.8234,393.6,148.995,4.10483,0.04337,0.03439,14.789,0.0,4.34416,22.38,0.0,97.5181,0.0,0.0,0.0
2023-12-09 07:55:00,118.099,2192.83,74.9194,0.0,71.04,34.7498,16.0421,20.5997,46.1999,117.902,0.0,39.4324,71.4336,98.2973,28.9137,14.1,232.146,0,1523.73,0.0,112.218,82.1664,60.5881,26.5003,131.583,6.4649,78.6106,25.8325,0.0,84.9838,43.853,45.65,7.91808,,199.4,29.0509,37.368,114.597,3.121,0.0,52.894,607.016,0.0,99.41,48.5,44.4999,1.344,0.0,21.8499,0.0,0.14381,0.0,92.6555,19.9,10.2,58.157,171.641,0.0,0,88.0769,0.0,454.384,6.20493,0.0,139.727,18.5848,11.2699,0.0,0.0,26.9885,393.445,176.993,0.0,0.0,0.0015,13.389,0.0,4.34416,22.43,0.0,91.1552,0.0,0.0,0.0
2023-12-09 08:00:00,105.797,2157.82,75.7,0.0,71.03,38.6808,15.7528,21.6997,52.9539,117.703,0.0,43.4974,74.6038,98.3991,28.756,14.62,231.902,0,1552.2,0.0,112.688,81.3204,60.4343,27.0985,121.983,6.6449,78.2868,29.0675,0.0,84.992,43.3547,45.65,9.96864,,204.889,29.035,32.554,113.802,3.272,0.0,53.212,589.12,0.0,100.31,50.75,44.2008,1.747,0.0,24.2457,0.0,0.17395,0.0,80.9616,19.6,10.2,57.4978,174.717,0.0,0,91.0762,0.0,459.316,5.25277,0.0,141.601,18.0047,11.3102,0.0,0.0,28.0412,392.969,172.992,0.0,0.0,0.0,14.289,0.0,4.34416,22.52,0.0,95.1252,0.0,0.0,0.0
2023-12-09 08:05:00,100.497,2161.51,76.5603,0.0,72.71,30.0839,22.4619,22.7997,58.6532,117.998,0.0,41.5229,73.0938,86.3982,25.2181,12.04,235.33,0,1571.56,0.0,113.64,80.6255,58.3737,24.8981,133.393,6.8949,80.3626,32.2072,0.0,85.0412,43.6777,46.65,10.7249,,209.149,29.035,31.759,113.687,7.217,0.0,53.604,556.307,0.0,101.38,52.75,46.5995,3.621,0.0,76.75,0.0,0.17395,0.0,95.7848,19.9,10.4,57.9702,178.297,0.0,0,89.5784,0.0,486.88,6.21714,0.0,143.456,16.7039,11.9999,0.0,0.0,56.2811,392.859,138.993,0.0,0.04337,0.04337,20.189,0.0,4.34416,22.32,0.0,98.3519,0.0,0.0,0.0
2023-12-09 08:10:00,102.996,2175.03,77.009,0.0,77.66,31.4529,19.2099,23.6996,65.2744,118.101,0.0,50.7271,71.6948,89.2966,28.9813,12.04,235.357,0,1573.85,0.0,101.982,80.4594,59.0671,26.7994,130.573,7.09489,78.7185,37.0831,0.0,85.0043,43.6193,46.65,7.4688,,212.271,29.035,28.362,114.539,3.623,0.0,53.588,561.63,0.0,102.81,55.0,46.1997,14.03,0.0,57.9578,0.0,0.08352,0.0,93.9152,20.2,10.4,58.6294,178.911,0.0,0,91.0872,0.0,531.486,6.94713,10.5078,145.269,18.2683,0.2002,0.0,0.0,73.3757,392.383,121.997,0.0,0.0,0.0,13.889,0.0,4.34416,22.29,0.0,95.7234,0.0,0.0,0.0
2023-12-09 08:15:00,99.4955,2164.53,77.4311,0.0,80.74,31.7104,23.2017,25.1996,61.2119,120.003,0.0,50.2129,74.4842,79.6985,28.6648,13.65,235.912,0,1574.07,0.0,96.0861,80.2731,59.9557,26.7994,129.413,7.25489,77.1696,33.9695,0.0,85.0371,43.6193,46.65,26.7643,,208.182,29.0208,29.072,114.939,3.573,0.0,53.79,555.575,0.0,103.46,57.0,45.4002,3.804,0.0,67.0784,0.0,0.14381,0.0,86.0349,19.6,10.4,57.6846,178.242,0.0,0,91.2117,0.0,599.628,9.84024,0.01769,146.99,13.9265,0.20997,0.0,0.0,80.1382,392.575,161.998,0.0,0.0,0.0,12.189,0.0,4.34416,22.44,0.0,97.4093,0.0,0.0,0.0
2023-12-09 08:20:00,96.3957,2157.89,77.9303,0.0,75.94,34.1992,32.683,26.5996,56.6884,120.999,0.0,71.0872,82.6325,85.4999,28.7683,13.27,237.715,0,1560.35,0.0,88.7617,78.9135,59.7262,27.0985,133.363,7.47489,82.2796,34.832,0.0,85.0002,43.4439,47.65,16.4393,,210.689,29.0084,28.556,113.634,3.719,0.0,53.93,550.472,0.0,103.75,59.25,45.1011,4.664,0.0,85.5116,0.0,0.14381,0.0,77.4256,19.9,10.4,57.4649,172.667,0.0,0,89.7578,0.0,606.269,33.2073,0.0,148.656,11.8874,0.19044,0.0,1.80747,86.1717,392.602,152.996,0.0,0.0,0.0015,13.089,0.0,4.68712,22.44,0.0,97.2099,0.0,0.0,0.0
2023-12-09 08:25:00,93.4947,2158.58,78.2489,0.0,78.17,32.42,58.992,27.0996,49.3484,122.798,0.0,80.0656,84.0644,86.0973,28.3668,18.41,237.593,0,1558.72,0.0,101.488,77.4532,61.0568,27.0008,140.693,7.64488,82.9651,35.2875,0.0,85.0493,43.65,47.65,19.199,,111.219,15.641,31.744,114.039,4.011,0.0,54.074,555.795,0.0,104.17,61.25,44.3992,5.735,0.0,28.1329,0.0,0.14381,0.0,-1.3522,20.0,10.4,57.9812,87.0085,0.0,0,89.04,0.0,558.611,42.1869,9.70545,150.219,11.2634,0.21973,0.0,0.0,77.0785,392.145,176.993,0.0,0.0,0.0,33.789,0.0,4.68712,22.39,0.0,99.077,0.0,0.0,0.0
2023-12-09 08:30:00,83.2954,2134.04,78.7109,0.0,83.67,30.6031,82.7191,28.3996,58.915,124.199,0.0,83.4821,86.7341,89.0975,28.5727,17.72,238.338,0,1548.44,0.0,119.133,76.4411,59.6384,27.0985,138.453,7.89488,86.5199,34.5789,0.0,85.0534,43.4747,47.34,29.0939,,140.173,21.5335,29.962,111.218,5.691,0.0,54.236,538.949,0.0,104.51,63.25,44.3992,7.597,0.0,29.455,0.0,0.17395,0.0,0.60587,19.2,10.4,57.7505,100.421,0.0,0,90.0105,0.0,614.74,17.5845,0.46447,151.482,14.8933,0.2002,0.0,0.0,64.7967,391.458,176.993,0.0,0.0,0.03738,50.089,0.0,4.34416,22.32,0.0,106.691,0.0,0.0,0.0
2023-12-09 08:35:00,63.2988,2109.68,79.2392,0.0,85.88,29.5229,70.1103,30.5995,67.8917,125.703,0.0,85.301,85.6135,80.8978,28.9905,16.32,239.002,0,1446.04,0.0,122.509,78.8027,58.6569,27.0985,135.393,8.17488,86.9134,33.3784,0.0,85.0534,43.8838,47.34,28.5215,,172.823,22.1849,29.582,110.633,3.222,0.0,54.284,521.151,0.0,104.76,65.25,44.1001,10.451,0.0,88.7169,0.0,0.15386,0.0,-0.37111,19.1,10.4,65.2103,110.401,0.0,0,89.4466,0.0,554.192,17.2134,0.0,152.465,16.9851,0.20997,0.0,0.0,84.6602,391.669,176.993,0.0,0.05832,0.0,49.889,0.0,4.34416,22.3,0.0,97.5362,0.0,0.0,0.0
2023-12-09 08:40:00,34.2,2160.41,80.0809,0.0,87.71,36.6337,23.4397,31.2995,73.0714,126.101,0.0,89.4759,86.0432,88.4957,14.0303,17.2,239.652,0,1454.0,0.0,121.648,76.3857,60.8054,27.0985,138.143,8.33487,88.2972,34.4464,0.0,85.0084,43.7669,47.34,22.4266,,121.3,18.0961,32.202,114.982,2.871,0.18433,54.562,553.817,0.0,104.93,67.25,44.2008,5.646,0.0,81.1975,0.0,0.14381,0.0,0.0,20.6,10.4,65.4191,89.9016,0.0,0,92.2261,0.0,516.715,12.0961,7.22766,153.503,13.0124,0.19044,0.15686,0.0,72.0282,391.156,177.993,0.76414,0.08225,0.08823,49.489,0.0,4.34416,22.74,0.0,99.6028,0.0,0.0,0.0
2023-12-09 08:45:00,30.8941,2144.91,80.8801,0.0,89.16,40.9834,20.5905,32.5995,74.38,127.0,0.0,95.1003,87.8633,83.0971,13.9715,17.97,240.804,0,1439.94,0.0,120.226,76.1691,60.4684,27.0985,136.583,9.19486,87.0848,37.4243,0.0,85.0084,43.65,47.34,26.7346,,106.062,15.5543,36.368,114.281,2.47,0.0,54.318,549.227,172.25,104.99,69.0,44.3015,3.611,0.0,66.9851,0.0,0.14381,0.0,0.0,19.8,10.4,64.4083,89.6452,0.0,0,87.4726,0.0,475.869,11.0463,0.0,154.98,22.6454,0.2002,1.73648,0.0,76.9557,390.826,176.993,0.0,0.04337,0.0,49.689,0.0,4.34416,22.27,0.0,101.361,0.0,0.0,0.0
2023-12-09 08:50:00,25.4968,2120.98,81.4297,0.0,88.45,39.0827,26.0032,35.4995,70.5167,127.0,0.0,91.0445,87.884,88.8984,23.9667,19.29,240.777,0,1472.92,0.0,120.421,76.1389,59.2819,27.0985,146.763,2.53496,81.9685,37.3965,0.0,84.9838,43.8838,47.34,27.2271,,122.377,18.2164,35.594,111.618,2.42,0.0,54.12,530.965,203.210006714,105.06,71.0,44.1001,2.54,0.0,59.3015,0.0,0.14381,0.0,0.0,19.3,10.4,65.1554,106.555,0.0,0,88.0183,0.0,462.758,10.2187,0.0,156.023,25.6513,0.19044,2.93645,0.0,77.6356,391.037,176.993,0.0,0.0,0.0015,49.189,0.0,4.34416,22.38,0.0,101.669,0.0,0.0,0.0
2023-12-09 08:55:00,54.7948,2136.6,81.4589,0.0,93.67,39.9598,76.9696,36.8994,73.0089,126.897,0.0,91.1696,88.7337,83.6989,9.02298,19.6,239.476,0,1492.5,0.0,120.94,75.4541,59.1769,27.0985,139.283,4.37493,86.9515,37.3101,0.0,85.0371,43.2962,47.34,28.6792,,129.83,18.0023,30.067,113.697,2.871,0.0,54.152,543.88,151.839996338,104.98,73.25,43.801,3.512,0.0,89.1261,0.0,0.17395,0.0,0.0,19.7,10.4,63.5734,108.652,0.0,0,88.3259,0.0,462.294,13.81,0.0,155.883,28.3671,0.2002,3.61212,0.0,79.2904,390.945,176.993,0.0,0.0,0.07028,46.789,0.0,4.34416,22.45,0.0,104.098,0.0,0.0,0.0
2023-12-09 09:00:00,47.1974,2171.47,81.3792,0.0,92.05,42.3314,61.16,35.4995,79.2981,126.897,0.0,76.9558,88.6848,88.3983,9.82374,20.95,230.533,0,1446.26,0.0,117.272,76.1691,61.9089,27.0985,142.953,9.13486,82.4954,36.2555,0.0,85.0207,44.0,46.63,28.6771,,128.188,14.1011,26.968,115.008,3.273,0.22339,54.384,571.884,180.679992676,105.04,74.75,44.1001,4.768,0.0,70.1435,0.0,0.15386,0.0,0.0,20.7,10.4,64.9027,122.65,0.0,0,89.908,0.0,458.95,3.71466,0.0,156.689,23.911,0.2002,4.0119,0.0,78.6145,390.945,176.993,0.0,0.0,0.0,49.089,0.0,4.34416,22.32,0.0,102.485,0.0,0.0,0.0
2023-12-09 09:05:00,41.0948,2158.26,81.3288,0.0,96.76,48.002,68.8322,35.4995,85.1966,128.298,0.0,52.6848,88.4736,96.098,27.989,17.37,231.807,0,1418.01,0.0,116.258,75.4743,61.2009,27.0985,133.823,9.08486,83.5618,33.2586,0.0,85.033,43.5608,46.63,21.0882,,156.518,19.744,25.976,114.976,3.072,0.0,54.39,563.729,143.970001221,104.98,76.5,44.1001,4.962,0.0,39.339,0.0,0.12371,0.0,0.0,20.5,10.4,58.1241,161.067,1.6791,0,89.7652,0.0,459.828,29.2155,0.15917,157.104,24.7196,0.2002,3.17082,0.0,61.9131,390.68,177.993,0.0,0.0,0.01047,36.589,0.0,4.34416,22.29,0.0,104.135,0.0,0.0,0.0
2023-12-09 09:10:00,37.5946,2186.39,81.3288,0.0,93.42,48.6509,75.219,38.2994,89.7826,128.497,0.0,42.6185,88.3748,85.699,30.0237,20.32,246.495,0,1464.38,0.0,122.435,76.2447,37.7362,27.0985,137.413,9.38486,89.3573,32.9103,0.0,85.0002,43.7361,46.63,22.1993,,172.923,19.6413,21.568,114.997,3.122,0.56031,54.432,575.766,281.410003662,104.92,78.0,44.3992,4.69,0.0,39.1056,0.0,0.12371,0.0,0.0,20.7,10.4,57.5308,152.515,2.52506,0,89.9263,0.0,457.192,35.7952,0.25225,157.36,27.7079,0.2002,3.75128,0.0,67.3546,390.204,177.993,0.0,0.0,0.01346,39.089,0.0,4.34416,22.51,0.0,100.201,0.0,0.0,0.77707
2023-12-09 09:15:00,36.8959,2201.67,81.281,0.0,96.41,46.5912,74.9517,39.4994,88.6693,128.999,0.0,63.2746,88.0952,92.1995,29.7185,21.02,248.243,0,1512.47,0.0,118.102,75.5951,37.138,27.0985,140.163,9.52485,88.0624,30.2728,0.0,85.0371,43.65,46.45,22.9796,,133.415,18.2925,22.736,114.992,2.52,0.64332,54.768,584.677,317.010009766,105.04,79.75,43.5996,4.226,0.0,40.0518,0.0,0.1639,0.0,0.0,21.0,10.4,57.0913,103.47,3.18303,0,92.5301,0.0,460.17,33.6663,0.62829,153.564,32.3135,0.20997,7.47387,0.0385,69.3576,390.259,177.993,0.0,0.0,0.0,39.089,0.0,4.34416,22.54,0.0,97.8444,0.0,0.0,0.0
2023-12-09 09:20:00,40.5975,2227.82,81.2704,0.0,97.33,47.9706,76.7388,36.9994,94.0405,130.399,0.0,50.8843,86.7134,96.9963,29.6171,17.17,249.584,0,1593.33,0.0,123.864,74.583,38.6395,27.0985,144.013,9.78485,90.6078,30.5195,0.0,85.0043,43.7085,46.45,19.1867,,140.928,22.0769,25.069,114.997,2.52,0.52613,54.478,585.531,223.580001831,104.94,81.0,43.7003,4.156,0.0,37.2844,0.0,0.12371,0.0,0.0,21.0,10.4,58.2998,125.104,2.5507,0,86.9856,0.0,488.736,19.8575,0.44585,156.036,32.1201,0.2002,9.55886,0.2015,68.8456,390.25,177.993,0.0,0.0,0.0,39.989,0.0,4.34416,22.48,0.0,91.409,0.0,0.0,0.0
2023-12-09 09:25:00,55.8977,2231.7,81.1588,0.0,99.45,40.5815,72.3113,34.6995,101.185,130.2,0.0,51.2932,88.2441,95.6998,29.3376,18.24,250.032,0,1571.78,0.0,123.082,74.8297,39.9042,27.0985,137.163,9.85485,85.1551,26.8632,0.0,85.0534,43.4439,46.45,21.8194,,141.854,17.9368,19.761,114.16,2.67,0.0,54.288,556.185,184.949996948,105.03,82.75,43.7003,4.905,3.19066,46.6007,0.0,0.14381,0.0,0.0,19.8,10.4,58.7832,111.041,0.0,0,91.7171,0.0,539.665,22.2232,0.0,152.959,31.0654,0.19044,11.0298,0.0,64.6615,390.231,177.993,0.0,0.05234,0.0,37.989,0.0,4.34416,22.43,0.0,82.4902,0.0,0.0,0.20256
2023-12-09 09:30:00,64.1952,2208.26,81.1004,0.0,104.65,38.662,70.4619,41.0994,104.92,133.201,0.0,64.2725,87.5947,101.497,29.3489,14.05,249.07,0,1551.76,0.0,122.557,74.7794,39.599,27.0985,134.223,9.85485,92.6835,23.6259,0.0,84.9838,43.6193,46.45,18.9235,,173.538,22.8664,22.067,113.697,3.071,0.0,54.214,537.557,174.960006714,105.06,83.5,43.7003,4.926,2.9984,51.1538,0.0,0.14381,0.0,0.0,19.2,10.5,58.7063,129.306,0.0,0,87.7327,0.0,603.827,31.9963,0.0,160.827,34.9414,0.19044,9.96658,0.0,62.464,390.076,177.993,0.0,0.08524,0.03439,36.689,0.0,4.34416,22.58,0.0,79.8798,0.0,0.0,0.0
2023-12-09 09:35:00,76.7937,2235.48,81.05,0.0,104.93,52.8709,67.9203,40.6994,101.646,133.098,0.0,58.2864,86.3142,98.9965,29.4523,10.93,250.546,0,1586.94,0.0,123.656,74.014,42.1308,27.0985,141.633,3.89494,85.1932,21.8025,0.0,85.119,43.7085,46.45,20.6449,,177.959,24.9001,20.464,115.008,3.272,0.23316,54.616,573.861,23.7000007629,105.02,85.25,43.5996,6.66,2.34836,57.7151,0.0,0.14381,0.0,0.0,20.8,10.5,63.859,109.696,2.09781,0,78.6102,0.0,561.931,33.405,7.78801,162.438,32.7969,0.2002,11.9893,2.84346,62.1752,389.828,177.993,0.0,0.0,0.0,35.489,0.0,4.34416,22.55,0.0,78.4296,0.0,0.0,0.0
2023-12-09 09:40:00,97.9943,2233.8,80.9889,0.0,101.84,59.6215,67.9497,44.4993,107.607,131.498,0.0,51.191,86.114,99.4965,29.2475,10.85,250.275,0,1570.26,0.0,116.106,74.2154,43.4052,27.0985,131.283,9.88485,86.3104,19.7411,0.0,85.0289,43.5608,46.45,20.4452,,194.445,27.6826,16.456,114.387,4.028,0.0,54.53,555.843,99.4599990845,105.01,86.75,43.801,6.166,4.28016,61.3879,0.0,0.14381,0.0,0.0,19.7,10.5,65.5619,123.117,0.0,0,88.7251,0.0,609.467,20.5826,0.0,163.067,35.0557,0.19044,13.5775,2.43846,60.9075,389.865,177.993,0.0,0.0,0.0,35.489,0.0,4.34416,22.59,0.0,56.8576,0.0,0.0,0.0
2023-12-09 09:45:00,102.394,2225.89,80.9703,0.0,101.26,57.3923,69.3816,43.4993,106.888,134.1,0.0,37.6547,87.2236,105.9,27.4708,10.91,246.346,0,1562.57,0.0,115.447,73.6464,44.3964,27.0985,127.443,9.88485,84.8377,22.4214,0.0,84.9879,41.2475,46.45,20.3264,,147.011,25.4258,16.151,114.581,4.681,0.0,54.626,548.348,62.5900001526,105.02,88.5,43.9994,6.595,4.29847,62.6595,0.0,0.14381,0.0,0.0,19.6,10.5,64.4193,159.071,0.0,0,90.688,0.0,655.757,26.6691,0.0,162.951,34.2119,0.20997,11.628,0.0,62.4292,389.59,177.993,0.0,0.07028,0.10318,36.189,0.0,4.34416,22.5,0.0,44.9658,0.0,0.0,0.36278
2023-12-09 09:50:00,107.999,2193.08,80.9199,0.0,100.03,64.953,68.7993,44.1993,107.021,133.098,0.0,33.7697,85.0043,107.798,29.5158,11.08,246.902,0,1495.95,0.0,110.9,74.0694,45.3974,27.0985,141.683,9.89485,80.864,19.5054,0.0,85.0575,40.4846,45.87,19.0802,,188.866,27.4012,14.152,114.992,5.644,0.0,54.722,558.993,205.910003662,104.99,89.75,43.9017,6.493,4.98512,52.3912,0.0,0.12371,0.0,0.0,20.1,10.6,64.7269,155.436,0.0,0,94.3465,0.0,609.98,32.9265,0.0,162.902,36.0489,0.20997,7.65942,2.88846,62.0913,389.444,177.993,0.0,0.17496,0.0,35.889,0.0,4.34416,22.31,0.0,47.8662,0.0,0.0,0.36507
2023-12-09 09:55:00,107.796,2227.13,80.9013,0.0,103.03,66.4329,68.9897,46.3993,113.705,126.101,0.0,33.196,84.2426,109.798,29.5158,12.63,252.267,0,1550.0,0.0,108.556,74.7189,46.7158,27.0985,131.963,9.86485,68.0923,20.2711,0.0,84.9756,40.7184,45.87,20.2824,,136.265,20.2591,10.346,114.408,4.735,0.0,54.678,555.77,165.839996338,104.98,91.0,43.9994,7.867,4.71962,61.998,0.0,0.14381,0.0,0.0,19.7,10.3,65.6059,133.426,0.0,0,91.014,0.0,631.147,25.5021,0.04189,162.89,35.8907,0.20997,6.65599,2.61646,61.7267,389.206,177.993,0.0,0.03439,0.0,35.789,0.0,4.34416,22.47,0.0,42.4823,0.0,0.0,0.35821
2023-12-09 10:00:00,100.595,2237.46,80.8296,0.0,99.38,70.3619,68.3818,46.9993,115.931,130.502,0.0,32.6925,83.8532,99.0983,26.5441,11.53,252.606,0,1580.64,0.0,117.388,74.8599,47.3262,27.0985,131.023,9.89485,69.0191,20.0688,0.0,85.0289,40.2785,44.62,20.6787,,175.612,22.661,11.849,114.961,4.081,0.0,54.004,559.847,345.769989014,105.05,92.25,43.9994,6.78,5.86404,61.6462,0.0,0.12371,0.0,0.0,20.3,10.3,64.4523,137.473,0.0,0,90.7466,0.0,569.842,32.6775,18.8143,162.646,34.168,0.2002,8.69947,0.0,61.4953,388.885,177.993,0.0,0.0,0.0,35.589,0.0,4.34416,22.66,0.0,45.0746,0.0,0.0,0.0
2023-12-09 10:05:00,104.994,2253.26,80.8004,0.0,99.96,66.5313,67.8215,47.7993,115.146,129.5,0.0,33.5134,83.2441,97.2972,21.5286,10.18,253.013,0,1580.64,0.0,123.29,75.0009,48.6494,25.3986,127.843,9.87485,67.7559,22.1302,0.0,85.0248,37.7314,44.62,20.2987,,189.178,25.0577,10.951,114.982,4.131,0.0,54.488,563.949,261.399993896,105.0,93.5,43.9994,5.911,9.75509,60.878,0.0,0.14381,0.0,42.0008,20.2,10.3,64.4852,113.733,0.0,0,84.7626,0.0,627.07,19.147,0.00093,162.731,35.0205,0.2002,7.43908,2.83346,60.5757,388.803,177.993,0.0,0.16001,0.0643,35.289,0.0,4.34416,22.58,0.0,45.6909,0.0,0.0,0.0
2023-12-09 10:10:00,115.296,2274.55,80.7606,0.0,98.71,64.9907,49.4301,48.5993,115.08,134.698,0.0,47.3075,82.8241,102.899,20.8394,10.78,251.359,0,1582.25,0.0,123.192,74.8499,49.6065,27.0985,135.643,9.87485,78.5725,23.0562,0.0,85.0084,38.1097,43.43,21.0309,,148.038,16.8022,9.244,114.997,4.282,0.0,54.52,566.854,395.209991455,104.98,94.25,43.9994,7.956,12.639,63.0547,0.0,0.13376,0.0,30.7086,20.4,10.3,64.3095,93.3074,0.6537,0,87.7986,0.0,569.695,23.6197,15.2325,162.786,33.0166,0.19044,8.39796,3.81744,62.8388,388.446,177.993,0.0,0.02542,0.0,36.489,0.0,4.34416,22.63,0.0,59.1417,0.0,0.0,0.0
2023-12-09 10:15:00,120.895,2282.09,80.7208,0.0,96.55,67.0504,51.9606,49.0993,113.767,127.303,0.0,41.5183,80.9137,87.7965,29.4328,11.15,251.414,0,1569.02,0.0,122.258,74.5225,50.5586,27.0008,133.063,9.91485,86.5199,28.3804,0.0,85.0084,39.0,43.43,20.9838,,146.477,20.0413,7.639,114.961,3.679,0.0,54.744,552.572,313.790008545,105.02,94.5,43.9994,3.944,12.1996,62.9587,0.0,0.15386,0.0,38.7921,19.7,10.3,64.661,106.134,0.0,0,91.0945,0.0,636.25,32.2869,2.61462,162.744,33.7725,0.20997,7.93774,0.0,62.9002,388.171,177.993,0.0,0.0,0.0,36.589,0.0,4.34416,22.58,0.0,63.5467,0.0,0.0,0.0
2023-12-09 10:20:00,121.896,2275.47,80.6995,0.0,92.92,58.6733,67.5322,49.7992,113.767,125.401,0.0,44.2023,82.3737,87.6992,29.612,14.24,259.273,0,1573.29,0.0,123.088,74.1902,51.6255,27.1992,133.193,9.86485,89.1351,25.0779,0.0,85.033,37.9344,42.43,20.395,,165.159,22.1937,8.838,114.329,4.031,0.0,54.366,555.282,237.470001221,104.93,96.25,43.9994,3.508,10.6249,60.7265,0.0,0.17395,0.0,29.0819,20.0,10.3,65.1115,129.151,0.0,0,85.5976,0.0,682.614,32.6043,0.0,162.518,32.7529,0.19044,4.86702,1.70047,60.7211,388.061,177.993,0.0,0.0,0.0,35.189,0.0,4.34416,22.36,0.0,69.2932,0.0,0.0,0.0
2023-12-09 10:25:00,127.298,2291.61,80.6305,0.0,86.73,56.7915,68.0119,50.4992,115.013,133.002,0.0,49.3965,83.3552,104.997,29.3786,11.54,250.452,0,1588.23,0.0,122.918,74.2607,52.4825,27.0985,135.113,9.86485,89.2812,31.1749,0.0,85.0412,38.0236,42.43,20.3919,,209.874,27.0914,7.352,115.013,4.686,0.0,54.366,567.294,230.229995728,104.93,97.5,43.9994,4.62,7.1458,50.6398,0.0,0.14381,0.0,1.57788,20.6,10.3,65.0016,143.571,0.68788,0,84.3781,0.0,740.062,32.9436,0.12752,162.451,33.6758,0.19044,4.15656,2.30546,61.3827,387.732,177.993,0.0,0.20188,0.0015,35.389,0.0,4.34416,22.32,0.0,84.3755,0.0,0.0,0.0
2023-12-09 10:30:00,132.797,2297.67,80.5694,0.0,85.58,47.1417,67.8801,51.0992,114.685,128.202,0.0,58.1338,80.5646,110.798,25.2662,15.28,247.267,0,1570.85,0.0,113.701,74.8499,52.9732,27.0985,146.793,8.33487,90.5063,33.6307,0.0,85.0002,37.7314,42.43,20.2353,,207.567,28.5659,8.241,114.05,3.88,0.0,54.138,553.939,108.900001526,104.98,98.0,43.9994,5.516,6.7155,60.8891,0.0,0.17395,0.0,0.0,19.7,10.3,65.2323,170.652,0.0,0,84.9677,0.0,798.169,32.1721,0.0,162.292,31.1269,0.2002,5.09468,0.0,60.8584,387.878,177.993,0.0,0.0,0.0,35.389,0.0,4.34416,22.52,0.0,91.3909,0.0,0.0,0.0
2023-12-09 10:35:00,139.298,2255.67,80.58,0.0,83.54,41.8814,67.8215,51.5992,116.849,129.699,0.0,89.4713,80.9821,117.396,29.483,17.27,261.116,0,1539.79,0.0,122.899,74.7945,53.984,27.0985,148.033,9.87485,86.6278,29.8245,0.0,85.0002,38.1097,41.42,20.1779,,209.974,28.9111,8.346,113.192,3.429,0.0,54.554,549.349,119.529998779,105.04,98.5,44.1001,6.801,7.10918,61.1454,0.0,0.14381,0.0,0.0,20.0,10.3,61.8485,161.396,0.0,0,90.5855,0.0,749.144,31.906,0.0,162.176,33.7989,0.2002,4.52583,0.1005,64.9687,387.411,177.993,0.0,0.0,0.0,35.389,0.0,4.34416,22.52,0.0,102.648,0.0,0.0,0.0
2023-12-09 10:40:00,153.497,2298.11,80.5588,0.0,91.59,51.8012,68.3708,52.3992,119.404,131.8,0.0,106.957,81.0931,104.9,29.4298,16.93,249.557,0,1548.66,0.0,105.04,75.0764,55.1608,27.0985,142.493,9.89485,88.9511,27.8122,0.0,83.9885,38.3466,40.35,10.7602,,206.58,20.0201,3.65,115.018,3.932,0.21363,54.336,571.908,0.0,105.0,99.0,44.2008,3.799,5.32387,61.4683,0.0,0.14381,0.0,0.0,20.6,10.3,61.7935,166.386,2.15763,0,93.7716,0.0,797.534,33.3733,0.16289,162.054,33.6407,0.19044,7.0869,2.58346,62.1998,387.43,176.993,0.0,0.0,0.03738,35.589,0.0,4.34416,22.48,0.0,94.8533,0.0,0.0,0.0
2023-12-09 10:45:00,143.597,2215.32,80.4791,0.0,91.62,53.0299,71.0625,40.7994,109.314,129.102,0.0,105.252,80.2838,110.099,27.3869,17.46,239.422,0,1501.63,0.0,109.795,75.6052,54.6505,27.0985,145.963,9.87485,89.6176,26.7053,0.0,84.6111,37.8759,39.34,10.8621,,186.056,22.0326,8.227,112.755,4.991,0.0,53.802,536.654,162.0,105.01,99.25,43.9017,2.55,3.30968,62.7767,0.0,0.14381,0.0,0.0,19.7,10.5,61.8485,159.3,0.0,0,94.211,0.0,744.627,33.1218,0.0,161.865,32.4629,0.2002,4.88594,0.0,61.1328,387.21,177.993,0.0,0.0,0.04038,36.989,0.0,4.34416,22.47,0.0,106.636,0.0,0.0,0.0
2023-12-09 10:50:00,160.897,2258.19,80.58,0.0,91.53,46.2207,69.4621,45.2993,114.814,124.0,0.0,127.803,78.5736,110.599,21.3135,19.05,251.901,0,1535.67,0.0,106.34,75.6958,56.8331,26.6987,144.993,9.88485,89.4145,25.3287,0.0,84.7585,37.8483,39.34,17.7152,,144.12,23.3974,4.934,115.018,4.537,0.26734,53.856,562.753,55.5800018311,104.97,99.5,43.9017,2.151,4.84779,62.4724,0.0,0.14381,0.0,0.0,20.3,10.5,61.6507,105.603,0.0,0,90.0581,0.0,789.966,33.637,0.0,161.834,31.7158,0.2002,4.11322,2.31546,62.7794,386.981,177.993,0.0,0.07626,0.02542,36.389,0.0,4.34416,22.46,0.0,103.083,0.0,0.0,0.0
2023-12-09 10:55:00,156.193,2260.41,80.4207,0.0,85.94,37.4626,68.4697,52.4992,118.092,130.997,0.0,131.707,80.6732,99.2974,23.3718,21.13,265.831,0,1528.88,0.0,90.9041,76.2396,58.1784,25.8991,149.953,9.85485,93.7627,22.2675,0.0,85.0616,37.9067,39.34,20.4575,,182.571,29.0261,7.027,114.934,8.106,0.0,54.132,555.502,37.8699989319,104.96,99.75,43.9994,4.18,4.0238,26.1193,0.0,0.14381,0.0,0.0,19.6,10.4,61.4969,145.768,0.0,0,85.4072,0.0,856.764,32.7727,0.15917,161.761,31.5137,0.20997,3.57366,0.0,63.7071,386.844,177.993,0.0,0.14804,0.0,35.689,0.0,4.34416,22.4,0.0,102.975,0.0,0.0,0.0
2023-12-09 11:00:00,163.697,2265.34,80.6093,0.0,87.17,32.2818,77.2405,51.6992,119.209,133.702,0.0,135.584,75.6329,110.396,25.5631,21.67,254.069,0,1523.68,0.0,88.7678,75.9879,57.9928,25.9998,148.913,9.88485,89.2558,22.9546,0.0,85.0125,37.9652,39.34,19.1795,,174.676,18.6448,6.915,113.923,9.403,0.0,54.128,549.593,33.5699996948,105.02,100.0,44.1001,8.472,3.24559,34.5717,0.0,0.15386,0.0,0.0,19.6,10.4,61.6287,136.155,0.0,0,93.6947,0.0,902.176,36.9744,0.0,161.669,34.1768,0.2002,4.17182,0.0,69.3371,386.725,173.992,0.0,0.0,0.0,40.489,0.0,4.34416,22.49,0.0,105.023,0.0,0.0,0.0
2023-12-09 11:05:00,151.698,2241.03,80.58,0.0,81.89,33.544,70.4509,46.6993,123.271,130.798,0.0,130.753,77.1234,103.099,21.5583,21.52,251.549,0,1519.33,0.0,66.5263,76.713,57.861,26.5003,154.783,9.89485,86.139,21.4621,0.0,85.0207,38.1682,38.26,18.2784,,186.801,23.3213,10.323,114.023,6.345,0.0,54.308,550.35,0.0,105.04,100.5,44.3015,18.161,4.39002,30.2161,0.0,0.14381,0.0,0.0,19.6,10.4,62.5736,160.847,0.0,0,93.7459,0.0,947.441,33.4173,0.0,161.413,34.0186,0.20997,8.63905,0.1795,64.1311,385.873,173.992,0.0,0.0,0.07028,37.589,0.0,4.34416,22.32,0.0,103.101,0.0,0.0,0.0
2023-12-09 11:10:00,151.293,2248.79,80.58,0.0,72.09,42.702,69.6599,42.8993,121.174,136.202,0.0,147.382,79.4928,95.598,18.7187,21.1,248.975,0,1571.34,0.0,79.6796,76.6173,60.2707,27.0985,153.613,9.87485,92.3154,27.7479,0.0,85.0248,37.9344,38.26,17.7162,,173.588,20.7635,11.84,115.008,5.704,0.2356,54.096,564.852,0.0,105.04,100.75,44.1001,10.714,4.74708,29.534,0.0,0.17395,0.0,0.0,20.5,10.4,61.7826,133.637,0.0,0,93.2808,0.0,990.509,38.1024,0.0,161.425,34.7217,0.2002,10.6111,0.0,74.4284,385.892,175.992,0.0,0.0,0.01944,42.989,0.0,4.34416,22.66,0.0,107.869,0.0,0.0,0.0
2023-12-09 11:15:00,145.597,2236.85,80.5004,0.0,69.0,49.6829,68.4111,49.5992,119.537,113.199,0.0,130.163,74.9041,95.2971,18.2794,21.86,258.88,0,1545.43,0.0,80.4364,75.575,60.7346,27.0985,149.833,9.89485,90.7983,23.4402,0.0,85.0657,38.199,37.26,20.6223,,151.674,20.0396,15.546,114.966,5.868,0.0,53.898,560.092,0.0,104.95,100.75,44.1001,8.912,3.23644,56.2782,0.0,0.14381,0.0,0.0,20.4,10.4,62.2879,110.217,0.0,0,90.8016,0.0,1014.7,32.9461,0.0,161.364,33.0078,0.2002,9.42824,0.0,74.5759,385.718,175.992,0.0,0.17496,0.0015,37.689,0.0,4.34416,22.34,0.0,105.639,0.0,0.0,0.0
2023-12-09 11:20:00,113.397,2238.8,80.4499,0.0,60.35,46.2814,68.3598,43.2993,115.541,111.997,0.0,133.986,80.904,96.7972,29.4625,18.73,234.327,0,1534.47,0.0,123.204,77.4633,61.1203,27.1992,148.563,9.87485,92.8359,15.2349,0.0,85.0248,38.3158,37.26,20.6121,,137.212,18.135,14.835,114.997,12.062,0.0,54.3,561.288,153.070007324,102.82,100.75,44.2008,10.685,3.14488,61.6303,0.0,0.14381,0.0,0.0,20.4,10.4,62.0353,103.195,0.0,0,90.5342,0.0,972.173,32.8411,0.0,161.053,33.9131,0.2002,8.63905,0.0075,72.8146,386.047,174.992,0.0,0.0,0.0,35.789,0.0,4.34416,22.35,0.0,100.128,0.0,0.0,0.0
2023-12-09 11:25:00,93.5948,2208.38,80.3995,0.0,47.12,45.2034,68.9421,48.0993,110.427,114.503,0.0,141.735,78.9837,88.5975,21.7569,21.31,247.796,0,1497.58,0.0,114.482,77.4834,60.0266,27.0008,145.983,9.89485,88.0941,20.1211,0.0,85.0084,38.3158,36.06,17.2984,,126.255,17.9562,15.246,113.976,12.523,0.0,53.508,546.688,251.940002441,104.96,101.0,44.2008,10.304,4.06958,61.2571,0.0,0.14381,0.0,0.0,19.6,10.4,61.8265,97.8576,0.0,0,91.501,0.0,918.558,32.7434,0.0,161.077,32.375,0.2002,9.1664,0.0,61.6489,386.001,177.993,0.0,0.0015,0.04935,35.889,0.0,4.34416,22.42,0.0,99.6752,0.0,0.0,0.0
2023-12-09 11:30:00,103.397,2254.26,80.3995,0.0,36.52,48.6321,42.5818,46.3993,107.607,122.901,0.0,147.453,79.5636,83.9998,22.6048,20.1,252.701,0,1559.33,0.0,74.9493,77.6697,62.0432,27.0985,150.903,9.88485,86.6976,19.5792,0.0,85.033,38.1682,35.57,18.5405,,131.018,19.0554,15.649,115.008,7.924,0.63355,53.758,613.51,367.269989014,102.84,101.0,44.2008,16.21,1.36873,62.1444,0.0,0.14381,0.0,0.0,20.6,10.4,62.7054,95.8526,2.60197,0,88.2344,0.0,865.212,29.4133,0.0,160.943,30.5908,0.20997,5.51034,0.2145,63.6109,385.864,177.993,0.71928,0.07926,0.07926,35.889,0.0,4.34416,22.7,0.0,95.3609,0.0,0.0,0.0
2023-12-09 11:35:00,114.896,2232.85,80.4606,0.0,39.77,38.5134,46.9398,41.8994,105.709,112.203,0.0,140.827,77.0745,81.6987,18.3562,21.13,239.734,0,1556.66,0.0,73.3867,78.8279,60.9421,27.0985,141.753,9.86485,87.0785,19.8331,0.0,84.9797,38.199,33.98,11.7673,,130.948,18.3085,12.225,114.987,5.845,0.0,53.534,645.42,393.380004883,102.84,101.0,44.2008,9.46,1.97299,69.086,0.0,0.15386,0.0,0.0,20.3,10.4,61.9144,102.948,0.0,0,87.6814,0.0,828.297,34.9212,0.0,161.028,32.2871,0.2002,9.19631,0.0,68.0878,385.672,163.998,0.0,0.01346,0.06131,39.089,0.0,4.34416,22.32,0.0,94.9439,0.0,0.0,0.0
2023-12-09 11:40:00,111.7,2251.33,80.4499,0.0,47.73,43.4513,53.6123,42.4994,109.834,112.402,0.0,157.113,76.8634,85.9999,17.8278,19.88,205.181,0,1585.47,0.0,62.2965,78.1531,61.8503,26.9001,134.123,9.89485,88.2655,18.1438,0.0,85.0289,37.8483,31.93,13.781,,152.338,18.9386,15.863,115.013,4.497,0.35279,53.23,680.748,317.260009766,102.8,101.0,44.2008,10.853,1.11238,71.6022,0.0,0.14381,0.0,0.0,20.3,10.5,61.2442,132.996,1.20058,0,90.3548,0.0,882.351,29.511,0.0,160.912,32.9815,0.2002,10.9261,0.0,71.8643,385.296,171.0,0.39628,0.13907,0.05533,41.089,0.0,4.34416,22.55,0.0,103.808,0.0,0.0,0.0
2023-12-09 11:45:00,92.9962,2204.84,80.3411,0.0,34.73,44.5628,55.3811,52.3992,114.295,74.2996,0.0,148.457,79.5538,84.9998,19.8257,16.67,216.224,0,1534.89,0.0,105.003,78.989,60.6857,27.0985,141.103,9.86485,85.0091,19.7696,0.0,84.9961,37.8759,30.91,13.5071,,148.693,20.498,6.734,110.544,10.821,0.0,53.882,701.646,321.839996338,102.78,101.0,44.2008,8.225,3.45617,68.5087,0.0,0.12371,0.0,0.0,19.9,10.5,61.9803,151.737,0.0,0,90.3108,0.0,827.979,35.6463,0.0,160.882,33.0869,0.20997,6.58946,0.0,48.6461,385.498,175.992,0.0,0.12113,0.0,40.389,0.0,4.34416,22.48,0.0,100.962,0.0,0.0,0.0
2023-12-09 11:50:00,80.9954,2198.96,80.3013,0.0,30.66,33.3703,73.0803,51.5992,121.174,103.4,0.0,166.181,78.3441,93.1996,22.6847,21.69,268.663,0,1566.7,0.0,105.48,78.3646,59.9313,24.3,152.433,9.89485,84.2728,29.0699,0.0,85.0207,38.0236,30.91,16.6984,,122.508,21.6114,10.846,110.565,5.018,0.0,52.966,692.491,246.940002441,102.85,101.0,44.1001,9.425,2.77867,68.5967,0.0,0.14381,0.0,0.0,19.9,10.3,61.1014,108.048,0.0,0,90.2559,0.0,771.532,36.3812,0.0,160.845,34.7832,0.2002,6.5333,0.0,44.6771,385.159,173.992,0.0,0.12113,0.0,16.389,0.0,4.34416,22.61,0.0,98.4245,0.0,0.0,0.0
2023-12-09 11:55:00,78.0947,2224.47,80.28,0.0,24.72,45.082,80.9723,52.3992,110.885,86.3024,0.0,151.089,79.3536,86.2964,21.419,18.08,251.034,0,1584.69,0.0,118.273,79.84,60.7297,27.0985,133.003,9.85485,85.8661,31.8137,0.0,84.951,38.0236,29.88,18.1668,,127.141,21.8132,14.151,114.966,5.225,0.0,52.804,702.184,352.489990234,102.83,101.0,43.9017,6.024,1.93637,41.0253,0.0,0.14381,0.0,0.0,20.0,10.6,61.9364,129.261,0.0,0,93.8009,0.0,718.992,39.057,0.0,160.62,35.9874,0.2002,4.23835,0.0,47.8413,385.269,166.999,0.0,0.0,0.0,20.889,0.0,4.34416,22.69,0.0,100.491,0.0,0.0,0.0
2023-12-09 12:00:00,77.7994,2227.57,80.2296,0.0,29.63,43.6104,50.331,45.9993,107.15,107.3,0.0,141.538,79.4147,78.2958,22.2904,21.79,152.499,0,1581.32,0.0,121.971,79.8098,60.4269,26.5003,141.243,9.86485,80.0959,31.0424,0.0,85.0371,37.9652,27.83,18.9532,,129.729,20.5494,11.442,114.955,5.148,0.0,52.444,700.987,471.380004883,102.83,101.0,44.8997,5.015,3.95972,45.4935,0.0,0.14381,0.0,0.0,20.6,10.6,61.9583,148.579,0.0,0,89.7029,0.0,657.466,24.8331,0.0,160.345,34.0186,0.2002,3.06462,0.0,20.1554,385.653,162.998,0.0,0.0,0.0015,35.989,0.0,4.34416,22.53,0.0,99.6752,0.0,0.0,0.0
2023-12-09 12:05:00,78.7955,2230.43,80.2189,0.0,32.25,31.6308,84.1987,48.3993,101.775,115.499,0.0,152.186,77.9144,80.296,20.7217,22.86,140.507,0,1569.8,0.0,94.1634,79.84,60.6296,27.0985,140.123,9.87485,84.3172,38.3733,0.0,76.5419,37.7898,27.8,25.7341,,132.176,19.344,10.547,112.749,4.281,0.0,52.746,723.912,673.440002441,102.8,101.0,44.2008,7.439,2.46738,43.9189,0.0,0.14381,0.0,0.0,19.5,10.3,61.9364,107.416,0.0,0,94.8592,0.0,713.645,42.0185,0.0,160.156,32.832,0.2002,4.79133,0.0,84.9388,385.498,175.992,0.0,0.0,0.0,44.989,0.0,4.34416,22.58,0.0,98.1525,0.0,0.0,0.0
2023-12-09 12:10:00,113.997,2242.93,80.2296,0.0,30.34,34.2809,47.9799,52.4992,103.74,133.702,0.0,147.16,80.3644,86.3982,19.798,24.61,264.056,0,1610.38,0.0,79.1913,80.2277,61.5573,26.1982,145.113,9.86485,87.5482,36.6856,0.0,23.767,38.1682,19.3,14.6376,,132.549,17.3491,5.944,112.076,8.536,0.0,53.248,709.41,467.339996338,102.82,101.0,44.4999,6.405,1.89059,33.1617,0.0,0.14381,0.0,0.0,20.5,10.3,61.5409,87.2007,0.62806,0,85.7954,0.0,762.865,38.7372,0.0,160.15,30.1162,0.20997,4.79194,0.0,27.5528,385.745,175.992,0.0,0.23777,0.0,47.889,0.0,4.34416,22.41,0.0,100.582,0.0,0.0,0.0
2023-12-09 12:15:00,91.4962,2236.51,80.28,0.0,31.46,42.2917,61.3394,52.4992,117.635,131.601,0.0,138.434,78.6737,75.8974,16.8724,20.33,258.609,0,1674.34,0.0,81.3886,80.8421,60.1437,27.0985,133.233,9.89485,80.0325,39.4024,0.0,81.2646,38.0821,21.22,21.8368,,132.952,17.4836,21.74,111.802,8.515,0.0,52.978,695.689,266.190002441,102.77,101.0,44.2008,17.737,0.0,45.0114,0.0,0.14381,0.0,0.0,19.7,10.3,62.4967,95.6329,0.0,0,82.8217,0.0,820.142,38.5663,0.0,159.991,31.0478,0.2002,4.3299,0.0,22.399,385.031,172.992,0.0,0.08225,0.01346,47.389,0.0,4.34416,22.51,0.0,106.944,0.0,0.0,0.0
2023-12-09 12:20:00,65.4979,2260.92,80.211,0.0,29.0,46.811,61.0391,44.2993,109.705,132.899,0.0,129.302,77.2039,98.8991,21.4876,25.44,255.397,0,1612.77,0.0,94.609,81.26,60.5563,22.6001,132.093,9.89485,87.4149,38.3979,0.0,84.9715,37.9344,25.48,22.228,,142.992,17.7385,16.961,114.976,11.664,0.0,51.984,701.427,287.779998779,102.84,101.0,44.6006,16.637,1.06661,46.8272,0.0,0.14381,0.0,0.0,20.3,10.3,62.1012,103.717,0.0,0,87.4104,0.0,875.906,32.0964,0.06795,159.997,33.8252,0.2002,3.78851,0.0,22.8106,380.957,164.999,0.06131,0.04337,0.03738,40.889,0.0,4.34416,22.45,0.0,99.5484,0.0,0.0,0.0
2023-12-09 12:25:00,66.5981,2261.83,80.1313,0.0,32.24,45.172,69.1691,47.0993,107.017,132.102,0.0,163.337,79.0643,82.8979,29.2311,24.85,252.85,0,1565.04,0.0,66.6484,81.9851,60.383,26.2989,134.373,9.88485,87.7323,38.7407,0.0,85.0616,38.0236,22.45,21.1169,,146.004,19.036,26.063,114.745,11.37,0.0,52.284,726.207,537.960021973,102.83,101.0,45.4002,16.497,0.0,62.8979,0.0,0.14381,0.0,0.0,20.3,10.3,61.9583,123.053,0.0,0,90.3401,0.0,821.29,24.9357,0.0,160.204,37.2091,0.19044,3.99481,0.0,26.7018,379.748,132.0,0.0,0.0314,0.0,37.089,0.0,4.34416,22.38,0.0,105.041,0.0,0.0,0.0
2023-12-09 12:30:00,69.1974,2276.45,80.1207,0.0,29.11,44.3221,76.38,52.4992,113.111,123.602,0.0,117.269,78.2037,90.1994,29.2332,22.68,246.156,0,1579.25,0.0,88.1148,82.7253,61.1032,18.4985,136.353,9.88485,86.285,37.4299,0.0,85.0944,37.8759,22.45,11.3285,,116.214,18.4961,22.755,114.608,12.098,0.0,52.424,711.07,550.710021973,102.87,101.0,44.6006,16.249,1.35042,39.465,0.0,0.14381,0.0,0.0,20.2,10.3,61.9474,125.489,1.14076,0,92.9219,0.0,847.438,30.136,0.0,159.979,36.9805,0.2002,0.84596,0.0,62.9268,369.54,177.993,0.09421,0.0,0.0,39.889,0.0,4.34416,22.5,0.0,101.325,0.0,0.0,0.0
2023-12-09 12:35:00,90.8958,2286.14,80.1499,0.0,33.14,38.4799,77.9693,35.7994,112.853,122.098,0.0,132.543,77.0843,78.1984,13.7795,21.08,253.5,0,1659.77,0.0,87.0954,83.4303,62.2873,27.1992,129.143,9.88485,90.0429,34.5337,0.0,65.8268,37.8175,21.22,12.1912,,111.46,14.7401,18.957,115.229,11.336,0.46509,52.346,719.933,593.109985352,102.79,101.0,45.4002,15.654,1.12154,35.0301,0.0,0.14381,0.0,0.0,20.9,10.3,58.146,105.612,1.19203,0,92.889,0.0,892.63,38.2879,0.0,159.899,37.4815,0.19044,0.0,2.38246,18.8201,356.64,163.998,1.8139,0.2258,0.07327,46.689,0.0,4.34416,22.51,0.0,96.0678,0.0,0.0,0.0
2023-12-09 12:40:00,106.998,2292.83,80.0809,0.0,37.49,39.313,45.3504,46.4993,117.834,118.101,0.0,131.739,78.7445,89.6993,17.1663,16.67,239.192,0,1720.56,0.0,112.621,83.4756,62.3459,27.0985,132.493,9.87485,88.5448,32.6389,0.0,81.6251,38.1405,10.07,12.4989,,115.479,17.3916,19.152,114.492,10.598,0.39673,52.29,813.074,520.340026855,102.91,101.0,44.7013,15.452,1.88144,59.1821,0.0,0.14381,0.0,0.0,20.6,10.5,57.8384,99.7711,2.35416,0,91.2703,0.0,947.392,20.5386,0.45888,159.82,37.2794,0.20997,0.0,2.10247,0.61491,359.222,173.992,1.87372,0.0,0.0,40.189,0.0,4.34416,22.48,0.0,84.883,0.0,0.0,0.0
2023-12-09 12:45:00,101.695,2299.35,80.1101,0.0,42.39,35.1705,44.2005,52.3992,119.732,117.401,0.0,150.343,78.6358,81.4996,18.2446,22.22,247.43,0,1646.8,0.0,118.48,83.3649,61.6574,27.0985,123.143,9.87485,87.3133,37.6711,0.0,85.033,38.1097,11.07,12.3566,,115.841,17.3349,30.358,115.029,10.711,0.0,52.048,843.738,545.599975586,102.76,100.75,44.4999,14.576,1.69833,43.356,0.0,0.14381,0.0,0.0,20.6,10.5,57.9483,105.933,0.0,0,90.5415,0.0,900.784,20.3629,0.00093,159.814,36.6993,0.19044,0.0,2.00947,31.3119,361.968,175.992,0.0015,0.0,0.02243,46.289,0.0,4.34416,22.52,0.0,97.6087,0.0,0.0,0.0
2023-12-09 12:50:00,107.297,2307.77,80.0411,0.0,71.7,41.1425,93.8888,43.1993,128.842,116.501,0.0,150.268,78.7835,77.3975,16.5611,23.1,231.102,0,1575.59,0.0,99.4553,83.6267,61.1203,24.8005,115.493,9.88485,89.8969,36.0254,0.0,71.7087,38.0236,18.64,14.7825,,135.51,23.7195,29.057,103.153,10.651,0.0,51.36,808.045,517.880004883,104.89,100.5,44.6006,14.315,0.0,37.9147,0.0,0.12371,0.0,0.0,19.7,10.2,57.5088,156.727,0.0,0,82.536,0.0,959.331,44.809,0.0,159.722,36.1104,0.2002,0.0,1.63747,56.748,352.346,177.993,0.0,0.15702,0.07028,46.589,0.0,4.34416,22.55,0.0,80.9312,0.0,0.0,0.0
2023-12-09 12:55:00,125.497,2306.82,80.0304,0.0,75.47,41.4209,72.6702,46.1993,127.662,116.0,0.0,135.625,76.8438,90.1994,22.4727,23.9,258.338,0,1574.63,0.0,115.447,84.8956,62.114,22.2004,115.833,9.85485,90.0683,34.3377,0.0,63.0743,38.199,24.56,23.9575,,176.176,27.7499,15.05,112.981,11.359,0.0,51.802,838.27,286.880004883,105.02,100.25,45.0004,13.912,0.0,33.9763,0.0,0.14381,0.0,154.811,20.1,10.2,57.7505,141.849,0.0,0,93.0758,0.0,1011.24,38.4735,0.0,159.637,36.8927,0.20997,0.0,0.0,31.2433,367.883,177.993,0.0,0.0,0.0,17.189,0.0,4.34416,22.46,0.0,93.0768,0.0,0.0,0.0
2023-12-09 13:00:00,126.395,2312.0,79.98,0.0,84.04,39.7128,84.2206,43.2993,122.877,83.6999,0.0,129.847,75.9539,81.0969,26.9578,21.85,246.102,0,1648.78,0.0,69.0715,84.8503,62.2361,26.3996,133.293,9.86485,81.4353,31.2924,0.0,82.5262,37.9652,19.42,10.9681,,172.228,26.6719,18.356,115.034,10.783,0.34546,52.168,891.42,137.729995728,104.91,100.0,45.6992,14.133,3.94141,35.3249,0.0,0.14381,0.0,295.249,20.7,10.5,57.2891,151.142,1.39712,0,86.7951,0.0,1061.68,38.5443,0.19268,159.625,36.5235,0.2002,0.0,2.78546,29.4267,380.261,176.993,1.52978,0.07926,0.09421,18.489,0.0,4.34416,22.48,0.0,80.7862,0.0,0.0,0.0
2023-12-09 13:05:00,139.896,2320.69,73.6795,0.0,98.03,46.6519,73.9995,52.4992,120.389,89.3992,0.0,112.236,76.9647,78.0967,21.5204,17.82,165.317,0,1614.14,0.0,73.6675,84.2813,62.6584,20.9003,132.283,9.87485,88.183,35.5589,0.0,85.0862,37.9344,16.44,11.5548,,116.707,17.0075,23.56,108.901,11.435,0.76295,51.888,957.583,271.529998779,104.97,99.75,45.5009,15.688,3.1632,25.4943,0.0,0.14381,0.0,263.599,21.0,10.5,54.3227,103.04,3.53338,0,79.09,0.0,1115.71,36.8084,0.55196,159.606,35.7589,0.2002,0.0,0.2885,23.382,373.587,175.992,2.85469,0.14804,0.08225,45.589,0.0,4.34416,22.49,0.0,94.3095,0.0,0.0,0.0
2023-12-09 13:10:00,144.996,2300.47,79.9003,0.0,87.3,30.9903,79.8517,52.1992,124.842,73.2971,0.0,108.284,78.9032,79.9995,29.3233,20.91,157.77,0,1584.06,0.0,113.256,84.5784,49.6968,27.4983,130.223,9.88485,85.8216,37.871,0.0,85.0534,38.0821,15.34,10.3793,,121.068,16.7314,24.365,109.465,9.583,0.0,51.622,1003.12,576.539978027,105.02,99.5,45.2995,15.361,2.10117,25.226,0.0,0.14381,0.0,255.351,19.8,10.2,54.6413,95.935,0.0,0,84.8322,0.0,1096.59,44.7822,0.0,159.411,35.6358,0.2002,0.0,0.0,24.3558,371.682,177.993,0.0,0.0,0.0015,47.289,0.0,4.34416,22.47,0.0,105.385,0.0,0.0,0.0
2023-12-09 13:15:00,144.098,2282.55,79.8393,0.0,82.53,27.1733,84.0009,17.8997,120.584,68.9986,0.0,127.916,77.2235,75.7956,29.1912,21.81,143.799,0,1554.22,0.0,89.9458,85.0266,47.7168,27.0985,120.283,9.82485,85.6629,36.123,0.0,85.0493,38.1682,15.34,27.6818,,120.726,16.3136,27.678,113.113,7.282,0.0,52.12,977.359,665.890014648,105.01,99.25,47.7012,14.581,0.0,38.392,0.0,0.14381,0.0,252.301,19.3,10.5,55.1577,99.9176,0.0,0,81.3202,0.0,1103.52,30.6731,0.0,159.35,34.7305,0.20997,0.0,0.0,85.7457,299.199,177.993,0.0,0.01944,0.0015,38.789,0.0,4.34416,22.43,0.0,87.5659,0.0,0.0,0.0
2023-12-09 13:20:00,156.198,2313.93,79.8605,0.0,78.82,29.592,44.6326,18.1997,122.025,120.299,0.0,124.997,76.9342,78.7958,28.971,20.18,198.149,0,1575.51,0.0,93.1197,85.369,61.6525,27.0985,124.713,9.74485,78.198,32.5865,0.0,5.70547,38.1682,19.46,28.1764,,144.896,18.1492,20.468,112.37,8.524,0.0,51.936,996.963,554.359985352,104.96,99.0,44.802,14.215,2.48569,35.9804,0.0,0.15386,0.0,242.76,19.9,10.4,55.718,138.105,0.0,0,83.122,0.0,1105.99,31.154,0.0,159.362,34.502,0.20997,0.0,0.0,71.8397,332.387,177.993,0.0,0.02542,0.01047,47.089,0.0,4.34416,22.69,0.0,79.5535,0.0,0.0,0.0
2023-12-09 13:25:00,169.495,2302.62,79.8711,0.0,65.33,34.8712,55.2309,19.9997,118.553,76.5999,0.0,137.104,77.9742,73.5963,26.6701,20.98,206.36,0,1585.72,0.0,94.1268,85.0618,62.0017,24.9989,128.023,9.58485,88.5194,27.6186,0.0,66.6624,37.8483,16.38,17.6036,,165.038,24.7798,23.967,112.323,10.469,0.0,51.726,1004.9,189.059997559,102.78,98.5,46.5019,13.369,2.93431,29.7959,0.0,0.14381,0.0,382.145,19.9,10.4,54.8391,169.718,0.0,0,86.6597,0.0,1156.38,31.8962,0.0,159.326,36.0225,0.2002,0.0,0.0,47.6447,318.471,175.992,0.0,0.0,0.0,41.089,0.0,4.34416,22.46,0.0,84.1217,0.0,0.0,0.0
2023-12-09 13:30:00,172.597,2312.39,79.8711,0.0,64.93,36.4202,66.3017,23.1996,117.834,93.4024,0.0,130.33,76.7828,67.7994,24.5187,21.16,160.276,0,1655.05,0.0,82.0661,85.6056,62.6487,27.0985,123.573,9.71485,88.4623,34.9408,0.0,84.8404,38.0236,11.28,11.7458,,141.683,18.928,21.163,113.429,10.266,0.29664,51.468,1006.05,140.75,102.81,96.5,45.1011,14.637,3.14488,22.4864,0.0,0.14381,0.0,423.464,20.7,10.6,54.6633,103.232,0.0,0,88.8093,0.0,1113.17,33.4661,0.04747,159.35,34.8711,0.2002,0.0,0.0515,70.2833,333.486,175.992,0.68339,0.05533,0.0,16.689,0.0,4.34416,22.54,0.0,84.9737,0.0,0.0,0.0
2023-12-09 13:35:00,164.499,2310.68,79.6401,0.0,69.6,36.6232,79.6393,45.8993,114.752,118.898,0.0,133.619,74.0935,73.1981,21.5439,19.51,146.076,0,1718.51,0.0,82.9572,85.9329,61.5744,27.0985,123.413,9.71485,83.6761,29.615,0.0,48.3349,37.8483,12.1,24.7009,,150.002,20.7281,24.162,102.895,9.758,0.0,50.968,1027.12,367.730010986,102.81,97.0,45.1011,13.813,3.77661,23.9303,0.0,0.14381,0.0,322.684,19.9,10.2,54.3886,110.565,0.0,0,84.1291,0.0,1102.82,38.9374,0.11635,146.587,36.0225,0.19044,0.0,0.0,82.3255,354.919,148.995,0.0,0.22879,0.10019,24.089,0.0,4.34416,22.34,0.0,90.4301,0.0,0.0,0.0
2023-12-09 13:40:00,143.596,2316.78,26.8122,0.0,62.27,40.1126,83.36,35.3995,119.471,130.901,0.0,128.954,70.7536,81.8978,24.2022,18.88,231.983,0,1822.44,0.0,63.4501,86.1344,62.7659,27.0985,132.733,9.21486,86.3104,35.1851,0.0,37.8552,38.1682,25.68,22.8885,,139.941,20.1741,20.473,105.879,9.4,0.37476,51.722,1066.52,253.669998169,102.85,97.25,45.2995,13.943,2.98009,32.1155,0.0,0.14381,0.0,384.769,20.5,10.4,54.6743,133.243,0.9955,0,85.5171,0.0,1099.01,39.2254,0.01582,149.23,34.502,0.2002,0.0,0.1485,78.0739,378.796,126.999,1.46697,0.0,0.02243,22.789,0.0,4.34416,22.5,0.0,87.4934,0.0,0.0,0.0
2023-12-09 13:45:00,135.297,2315.9,43.2418,0.0,63.5,37.2323,79.2401,32.0995,120.717,101.903,0.0,127.692,69.2534,75.5965,18.6737,16.89,243.65,0,1903.91,0.0,56.8948,86.9703,61.9211,27.0985,127.343,8.37487,80.7879,31.4162,0.0,39.0943,38.2574,22.76,23.4885,,144.463,21.507,28.987,112.781,8.887,0.0,51.736,1135.88,405.910003662,102.83,96.75,45.2995,10.944,1.13985,23.6882,0.0,0.13376,0.0,295.65,20.2,10.4,54.6084,169.783,0.0,0,81.745,0.0,1050.03,38.0365,0.0,152.166,31.1094,0.20997,0.0,0.0235,45.6663,380.81,79.9966,0.0,0.0,0.0015,38.989,0.0,4.34416,22.43,0.0,85.2093,0.0,0.0,0.0
2023-12-09 13:50:00,137.796,2314.68,45.1614,0.0,61.82,40.2822,84.6601,34.2995,115.017,107.403,0.0,143.053,71.8437,66.3967,22.4881,19.58,233.975,0,2011.43,0.0,56.4797,86.6027,62.1433,24.6998,122.383,8.69487,85.1805,32.1239,0.0,80.3594,38.2882,20.56,13.7257,,122.589,19.4466,31.756,115.018,10.126,0.68238,51.76,1135.2,416.989990234,102.81,93.5,47.3014,13.54,6.28519,24.969,0.0,0.12371,0.0,213.841,20.8,10.4,55.4434,104.752,2.9865,0,87.6997,0.0,1089.49,39.2621,0.0,147.253,29.5449,0.2002,0.0,0.2455,44.4805,380.911,79.9966,2.71113,0.03439,0.0015,46.589,0.0,4.34416,22.52,0.0,89.0705,0.0,0.0,0.0
2023-12-09 13:55:00,149.197,2310.07,77.3302,0.0,51.25,34.9298,82.2101,29.0996,109.834,106.003,0.0,110.771,73.5637,75.3973,19.6178,19.1,212.796,0,2079.94,0.0,70.219,87.1012,60.6906,27.1992,119.253,8.93486,82.1145,36.4825,0.0,85.0412,37.9344,16.48,21.4917,,135.167,21.3777,28.652,100.994,10.381,0.0,51.822,1136.52,502.279998779,102.82,86.5,46.8009,13.382,5.96475,24.9799,0.0,0.13376,0.0,119.287,19.8,10.4,54.8611,125.727,0.0,0,92.0027,0.0,1036.85,38.9471,0.0,116.753,32.4805,0.20997,0.0,0.0005,64.0655,380.417,177.993,0.04038,0.02243,0.0,46.389,0.0,4.34416,22.64,0.0,96.7748,0.0,0.0,0.0
2023-12-09 14:00:00,124.295,2307.65,79.7702,0.0,57.17,31.3901,73.9995,32.1995,116.978,117.6,0.0,105.44,75.3142,63.2991,28.6761,18.63,211.753,0,2166.17,0.0,69.0105,87.5896,60.5295,23.6011,114.393,9.21486,72.0026,33.2864,0.0,82.9235,38.2882,15.44,17.2022,,144.221,19.4661,27.663,100.394,7.701,0.0,51.596,1132.81,340.329986572,102.78,94.75,47.7012,12.455,3.19982,35.4166,0.0,0.12371,0.0,258.219,19.9,10.4,55.3005,155.381,0.0,0,81.5985,0.0,986.065,34.406,0.0,145.898,30.7842,0.2002,0.0,0.0,64.5141,372.461,129.999,0.0,0.0,0.0015,34.589,0.0,4.34416,22.48,0.0,97.5181,0.0,0.0,0.0
2023-12-09 14:05:00,125.396,2269.69,79.6003,0.0,54.5,37.45,56.1025,35.4995,115.342,132.597,0.0,109.572,73.4734,60.7989,25.4136,22.33,226.997,0,2252.94,0.0,57.5479,88.6168,57.0944,18.0011,129.033,8.97486,73.9958,28.7644,0.0,5.64659,38.1405,16.46,23.5981,,156.457,20.9352,33.676,107.232,10.622,0.0,51.116,1107.12,0.0,102.94,94.0,47.4021,14.869,3.08995,33.7265,0.0,0.14381,1297.37,394.889,20.5,10.4,55.3225,181.382,0.0,6,79.9139,0.0,930.619,37.5677,0.0,133.391,31.8301,0.20997,0.0,0.0,72.1551,211.417,116.996,0.0,0.0,0.0,20.689,0.0,4.34416,22.54,0.0,100.763,0.0,0.0,0.0
2023-12-09 14:10:00,113.096,2224.69,73.73,0.0,37.18,29.8118,83.0011,46.7993,111.146,71.2989,0.0,148.017,73.2622,62.0999,27.2599,22.56,180.032,0,2331.21,0.0,56.9131,89.7196,55.8468,16.701,128.953,8.78487,76.4079,30.7425,0.0,0.06334,38.3466,19.5,23.8582,,169.61,29.2173,36.27,87.5069,8.006,0.0,50.482,1092.11,0.0,102.86,92.0,47.7012,5.478,4.55482,31.9149,0.0,0.14381,1233.76,519.862,19.5,10.4,56.7398,135.981,0.0,40,77.5921,0.0,877.151,44.2963,0.0,136.724,27.8486,0.2002,0.0,0.0,32.0174,362.765,156.997,0.0,0.0,0.0,40.789,0.0,4.34416,22.46,0.0,82.2908,0.0,0.0,0.0
2023-12-09 14:15:00,103.699,2226.5,72.9414,0.0,27.89,35.541,76.1895,49.4992,116.455,92.2007,0.0,118.877,68.0632,52.7983,22.3427,12.9,143.976,0,2387.17,0.0,64.8661,89.6441,54.3795,22.0996,129.213,8.66487,83.2381,31.7296,0.0,79.2576,37.8483,22.6,26.2779,,151.674,29.042,24.958,86.454,6.974,0.0,51.07,1090.37,0.0,102.83,92.0,47.7012,4.625,4.28016,42.2793,0.0,0.14381,1240.28,611.756,19.8,10.4,55.2676,155.894,0.0,44,83.1513,0.0,820.338,44.2768,0.0,143.645,24.5526,0.20997,0.0,0.0,45.2117,346.358,177.993,0.0,0.0,0.0,46.989,0.0,4.34416,22.64,0.0,85.8801,0.0,0.0,0.0
2023-12-09 14:20:00,94.7972,2248.45,79.5711,0.0,17.22,22.9816,68.8103,27.7996,111.736,91.5003,0.0,90.3792,64.0348,70.897,29.312,15.96,125.412,0,2415.49,0.0,75.1385,90.7418,55.5758,23.6988,118.183,8.46487,79.4231,24.3321,0.0,85.0698,37.9652,20.6,25.4269,,219.36,28.9748,28.659,72.6666,4.605,0.0,51.118,1098.04,0.0,102.79,90.0,47.7012,4.423,3.64843,50.486,0.0,0.14381,1166.68,638.017,20.1,10.4,54.4216,193.816,0.0,44,69.7404,0.0,799.072,29.4743,0.0,159.429,29.5713,0.20997,0.0,0.0055,39.6882,377.771,174.992,0.0,0.3903,0.17496,46.889,0.0,4.34416,22.62,0.0,85.2093,0.0,0.0,0.0
2023-12-09 14:25:00,86.6988,2223.62,79.5605,0.0,11.36,24.5808,50.4994,35.1995,106.232,101.1,0.0,117.681,69.2131,63.9982,17.2913,19.86,195.479,0,2404.36,0.0,84.7761,89.911,50.2437,18.4985,113.003,8.00488,79.4167,27.7487,0.0,84.8036,38.0821,16.54,18.8529,,111.309,17.096,41.774,64.8175,4.349,0.0,51.256,1088.4,0.0,102.67,84.0,47.7012,3.864,2.74205,59.9152,0.0,0.12371,1111.53,633.244,19.6,10.4,53.8064,129.288,0.0,136,65.4557,0.0,804.981,24.8673,0.0,159.228,30.8896,0.19044,0.0,0.0,25.9523,380.829,172.992,0.0,0.0,0.09122,24.989,0.0,4.34416,22.47,0.0,98.6238,0.0,0.0,0.0
2023-12-09 14:30:00,87.2962,2232.72,79.5711,0.0,9.81,23.7435,51.2612,39.6994,96.9273,109.099,0.0,114.51,68.1047,64.6974,15.3574,21.2,209.666,0,2396.03,0.0,68.8457,90.4498,60.0559,26.2989,102.603,8.09488,75.4684,25.1311,0.0,49.5739,38.0236,16.93,28.1487,,139.065,20.8219,35.56,66.0283,3.937,0.0,50.79,1097.01,0.0,102.81,77.0,47.7012,2.121,2.73289,69.1015,0.0,0.13376,1116.12,634.023,19.9,10.4,54.905,117.853,0.0,189,72.8386,-1.2726,799.17,24.6403,0.0,159.197,33.0957,0.20997,0.0,0.0,50.3849,378.888,150.995,0.0,0.0643,0.0,46.589,0.0,4.34416,22.5,0.0,93.7475,0.0,0.0,0.0
2023-12-09 14:35:00,79.3975,2257.85,79.5711,0.0,3.44,30.5737,52.3122,39.4994,100.986,127.701,0.0,99.1058,63.693,64.5956,25.7894,19.43,174.707,0,2434.41,0.0,72.0012,89.775,62.6389,27.0985,114.513,7.86488,82.7937,20.3187,0.0,25.0378,38.1097,16.93,28.1487,,126.295,16.8393,35.294,61.6641,3.637,0.2771,51.256,1103.02,0.0,102.82,83.5,46.1021,1.412,4.14282,59.4057,0.0,0.8145,1139.03,644.935,20.2,10.4,54.6743,103.012,0.77333,190,87.2712,44.6845,798.315,23.4537,0.0,142.791,31.3291,0.2002,0.0,0.0195,21.7262,379.364,167.999,0.0,0.0015,0.0,45.989,0.0,4.34416,22.58,0.0,89.9044,0.0,0.0,0.1957
2023-12-09 14:40:00,69.6963,2212.92,79.5393,0.0,7.07,32.78,44.9915,31.2995,104.263,95.7027,0.0,145.074,72.575,70.9988,16.0993,17.46,194.3,0,2445.03,0.0,79.7528,87.9119,62.0871,27.0985,97.9835,7.63488,77.5949,20.8702,0.0,81.9855,37.8759,16.93,17.3783,,127.765,15.772,38.282,62.3695,5.17,0.0,50.69,1089.84,0.0,102.44,74.5,45.6992,2.644,3.66674,46.9942,0.0,0.73411,1120.59,636.236,19.7,10.4,55.1797,92.4834,0.0,190,78.1195,129.085,802.173,21.7789,0.0,143.09,31.8125,0.20997,0.0,0.0,64.5345,380.966,174.992,0.0,0.05832,0.02542,46.589,0.0,4.34416,22.58,0.0,93.82,0.0,0.0,0.0
2023-12-09 14:45:00,95.7952,2220.37,79.4304,0.0,12.25,24.9618,47.0094,46.4993,86.8334,67.3026,0.0,175.653,71.0344,55.1967,16.065,12.75,180.249,0,2458.48,0.0,42.2278,84.1554,62.9953,21.3001,93.4136,7.39489,69.8507,20.4457,0.0,6.9463,38.3158,14.47,13.931,,105.488,15.372,17.67,57.3105,2.951,0.19898,51.21,1102.53,0.0,102.26,65.5,47.7012,1.901,8.19867,47.7731,0.0,0.75421,1500.0,637.852,20.3,10.4,53.6855,93.3166,0.0,190,72.1025,197.189,804.273,25.8097,28.1055,159.039,30.8105,7.05954,0.0,0.0215,73.6051,385.187,158.997,0.40525,0.0,0.0,46.589,0.0,4.34416,22.57,0.0,91.3546,0.0,0.0,0.0
2023-12-09 14:50:00,111.793,2167.07,79.4808,0.0,14.95,21.8115,93.0208,37.1994,85.849,64.501,0.0,130.346,68.3244,64.2992,12.7048,15.12,148.149,0,2449.72,0.0,45.4139,76.3756,61.2717,16.8994,110.373,7.22489,78.3376,25.7595,0.0,0.0441,38.5804,16.45,18.1504,,131.874,19.1528,19.083,56.8156,2.55,0.0,50.724,1074.65,0.0,102.7,65.5,46.0014,0.851,6.90776,63.4429,0.0,0.78435,1441.69,620.312,19.1,10.4,55.2346,120.49,0.0,189,88.0806,199.277,807.031,39.3744,0.22991,158.196,26.3983,8.85037,0.0,9.40236,85.0616,384.17,139.993,0.0,0.0,0.0,45.789,0.0,4.34416,22.58,0.0,88.6536,0.0,0.0,0.0
2023-12-09 14:55:00,85.7997,2141.32,79.441,0.0,16.77,20.1222,59.9918,14.9998,89.3217,52.4021,0.0,130.013,67.8434,57.4977,12.8374,16.04,121.13,0,2466.66,0.0,49.2958,82.5592,60.1706,13.3013,104.373,7.07489,83.9109,26.1801,0.0,0.0562,38.2266,9.22,11.049,,220.297,28.9305,11.789,54.4467,3.307,0.0,50.28,1053.68,0.0,102.83,65.5,47.6005,0.496,5.44289,60.3866,0.0,0.78435,1434.37,613.749,19.1,10.4,54.4106,191.92,0.0,191,85.9272,195.389,800.317,26.4762,0.0,159.283,27.1806,7.75048,0.0,9.56135,74.3997,377.78,113.996,0.0,0.0,0.09122,45.589,0.0,4.34416,22.41,0.0,87.004,0.0,0.0,0.0
2023-12-09 15:00:00,77.2956,2185.09,79.5207,0.0,16.61,23.9005,69.7697,13.6998,98.7632,52.9034,0.0,83.6393,59.7635,60.3962,13.8701,10.83,106.09,0,2523.01,0.0,56.1318,80.8622,63.5373,11.1986,102.603,6.8949,65.147,25.3929,0.0,21.8143,37.7898,13.39,20.8578,,220.287,29.0208,5.819,87.7859,4.416,0.0,50.348,1080.61,0.0,102.7,73.75,46.5019,1.038,4.47242,64.0134,0.0,0.7944,1355.55,632.828,19.7,10.4,54.3337,178.416,0.0,190,83.0304,199.796,803.223,31.0613,0.0,159.619,29.0351,5.11979,0.0,2.66446,53.9627,377.203,174.992,0.0,0.05234,0.06131,38.789,0.0,4.34416,22.47,0.0,81.9826,0.0,0.0,0.0
2023-12-09 15:05:00,78.594,2209.58,79.5393,0.0,14.99,23.2705,42.8308,12.0998,101.646,63.8968,0.0,60.8347,61.4737,65.9984,11.8303,7.31,111.469,0,2550.41,0.0,77.0245,76.0584,63.8547,12.1996,103.323,6.6449,61.7065,22.2278,0.0,1.56416,38.4635,10.36,17.1581,,213.63,29.0385,5.358,114.992,6.157,28.0388,49.774,1098.58,0.0,102.65,77.25,47.7012,2.733,9.70016,64.7911,0.0,0.7944,1264.79,641.779,20.0,10.4,55.5093,193.413,12.5569,190,78.0462,199.973,805.347,23.5245,0.0,160.876,28.9472,2.76009,0.0,0.0055,63.5638,376.187,166.999,0.10318,0.10617,0.01645,37.189,0.0,4.34416,22.27,0.0,89.7775,0.0,0.0,0.0
2023-12-09 15:10:00,115.298,2235.87,79.6189,0.0,14.16,22.5609,37.0996,14.6998,102.17,72.8988,0.0,33.3608,47.9249,53.3957,11.6874,4.55,110.602,0,2569.47,0.0,100.487,68.1627,66.948,14.699,85.9937,6.4649,68.4351,17.8193,0.0,16.1019,38.4051,17.46,23.5602,,213.459,28.8757,36.875,113.887,4.637,1.84939,49.842,1094.4,0.0,102.62,73.25,37.2,5.419,8.2536,72.9368,0.0,0.7944,1265.66,638.638,20.1,10.1,55.2785,181.373,0.94423,190,80.8515,199.771,792.7,17.0889,0.0,160.32,29.58,2.60994,0.0,0.0,72.5484,373.559,169.0,0.0,0.0,0.0,41.289,0.0,4.34416,22.37,0.0,92.5329,0.0,0.0,0.0
2023-12-09 15:15:00,125.998,2229.65,79.441,0.0,12.64,20.0825,48.6024,14.0998,102.955,59.5022,0.0,35.1125,49.9647,55.8959,12.7703,9.05,138.637,0,2582.17,0.0,43.8026,64.1041,66.6233,17.6989,85.2837,6.09491,69.6666,23.0744,0.0,1.05158,37.9652,13.37,24.0179,,199.44,23.3319,7.079,114.945,3.984,0.0,49.476,1095.52,0.0,101.72,71.75,47.7012,5.704,10.9453,74.0441,0.0,0.78435,1245.04,632.859,19.7,10.4,55.2016,156.397,0.0,190,76.054,199.869,803.711,16.2857,0.0,140.581,29.3779,2.61971,0.0,0.0,58.9517,385.122,128.999,0.0,0.08524,0.01346,42.589,0.0,4.34416,22.69,0.0,86.6233,0.0,0.0,0.0
2023-12-09 15:20:00,132.295,2236.83,77.6993,0.0,14.29,17.6397,68.7004,14.9998,101.447,62.9011,0.0,33.0526,54.0639,41.5983,10.0009,14.4,164.924,0,2595.52,0.0,40.4578,62.4827,67.0628,23.3997,96.5935,5.80491,56.6727,26.5173,0.0,0.04352,37.9344,20.47,20.7831,,110.352,21.1087,6.977,114.913,4.034,19.147,48.782,1099.87,0.0,100.62,40.0,47.7012,3.722,7.45708,62.7749,0.0,0.78435,1151.42,636.257,20.1,10.4,55.74,75.967,0.0,191,74.5782,200.754,803.613,31.9402,0.0,149.358,32.041,2.81991,0.0,0.0,62.4742,385.214,115.996,0.0,0.14206,0.05533,23.689,0.0,4.34416,22.55,0.0,65.8308,0.0,0.0,0.0
2023-12-09 15:25:00,122.894,2229.36,76.8311,0.0,17.66,23.4923,66.8803,10.6998,99.3531,98.9025,0.0,38.9792,52.7736,52.3956,9.46227,11.11,166.916,0,2608.15,0.0,123.778,64.0941,66.6844,24.3,111.513,5.83491,55.5746,25.7318,0.0,0.02568,38.4051,17.36,21.0299,,173.81,21.4291,6.753,114.429,6.561,21.8717,49.174,1095.94,0.0,100.78,63.5,47.7012,4.984,2.92515,60.0706,0.0,0.77431,1137.1,631.71,19.7,10.4,54.8281,133.353,0.0,189,80.5658,199.899,801.392,33.5979,0.0,154.382,30.9512,2.90048,3.94415,0.0,64.0533,385.388,92.9995,0.0,0.0,0.0015,34.189,0.0,4.34416,22.48,0.0,53.2502,0.0,0.0,0.0
2023-12-09 15:30:00,114.296,2227.82,75.0389,0.0,18.33,26.8018,70.4509,10.2998,96.3999,67.7008,0.0,40.9049,53.4939,59.4979,10.2354,10.85,206.346,0,2617.01,0.0,99.8947,67.488,64.3674,27.0008,94.3336,5.88491,67.7242,26.0721,0.0,0.03658,38.1682,13.41,17.8913,,183.8,26.4312,29.875,108.922,4.347,7.47692,48.366,1090.28,0.0,99.72,57.25,46.9017,5.97,1.3962,59.6974,0.0,0.78435,1130.13,628.781,19.7,10.4,54.4875,181.19,0.0,191,66.5141,229.899,798.682,33.5589,0.0,150.243,27.5849,2.29011,6.28794,0.0,63.4737,385.754,82.9973,0.0,0.0,0.0,36.889,0.0,4.34416,22.53,0.0,59.7218,0.0,0.0,0.0
2023-12-09 15:35:00,114.694,2231.82,76.539,0.0,22.79,24.8613,72.3003,9.09986,104.201,56.0002,0.0,91.6411,57.8335,53.5992,9.07315,20.32,238.65,0,2626.53,0.0,102.69,69.7993,63.6741,19.4995,72.7639,5.61491,65.6167,27.9146,0.0,0.04722,38.0513,13.39,17.7234,,188.282,26.3533,38.69,81.5055,7.715,0.35279,48.33,1102.95,0.0,99.75,63.0,47.3014,11.494,4.3534,60.9096,0.0,0.78435,1128.15,632.156,19.8,10.4,54.6743,188.185,0.0,191,73.6333,230.368,798.096,33.2586,0.0,115.166,24.5702,1.75054,12.8438,0.0,41.218,385.095,66.9936,0.0,0.13608,0.07926,19.489,0.0,4.34416,22.54,0.0,64.3081,0.0,0.0,0.0
2023-12-09 15:40:00,122.795,2241.1,75.7292,0.0,28.75,23.3207,57.5821,9.09986,105.513,121.699,0.0,175.625,51.6249,49.4971,8.87142,7.75,223.528,0,2655.39,0.0,68.0217,70.6351,60.2805,24.0986,96.4235,0.97499,59.0595,26.2118,0.0,0.04729,38.1097,15.55,19.3915,,187.174,26.5958,5.068,82.8426,7.402,1.35378,48.078,1118.5,0.0,99.08,43.75,23.1006,9.887,3.62097,76.0841,0.0,0.78435,1178.42,653.788,20.8,10.2,52.3781,164.115,2.57633,190,76.6253,230.368,800.61,30.4631,0.31554,95.6039,25.2997,1.2598,10.9303,0.2035,19.202,385.351,82.9973,2.43598,0.0,0.0643,15.189,0.0,4.34416,22.62,0.0,83.886,0.0,0.0,0.0
2023-12-09 15:45:00,130.198,2235.09,74.2689,0.0,37.78,29.1922,48.0421,14.0998,107.213,79.9989,0.0,130.542,57.1328,38.5981,8.66816,3.39,193.623,0,2665.71,0.0,78.41,70.1316,62.5852,21.9989,87.0137,1.38498,25.9306,12.2372,0.0,35.8707,38.0513,24.22,23.3636,,139.306,24.2222,23.967,88.7703,4.436,28.3244,47.472,1101.46,0.0,97.92,34.0,49.3004,8.192,0.0,59.2855,0.0,0.80445,1090.17,642.697,20.4,10.5,52.7736,118.439,68.3732,190,63.1485,229.136,803.296,18.4268,0.00093,97.6303,24.8427,0.97049,11.7732,0.0265,16.3707,385.69,116.996,0.0,0.01645,0.0,26.589,0.0,4.34416,22.42,0.0,67.4804,0.0,0.0,0.0
2023-12-09 15:50:00,139.895,2240.78,73.4113,0.0,45.99,16.6203,39.3115,14.3998,89.9779,65.7027,0.0,33.8796,63.7845,44.7977,9.61126,1.03,214.016,0,2655.02,0.0,85.0874,65.3882,45.5878,16.3989,68.284,1.44498,19.2718,6.02753,0.0,27.7862,37.9652,23.11,17.9528,,106.385,12.7399,19.842,80.7158,3.706,19.0811,47.166,1167.11,183.850006104,98.09,30.75,23.9002,7.543,0.0,47.3875,0.0,0.80445,1044.92,561.502,21.0,10.5,50.6313,94.6807,25.4514,190,71.176,231.498,803.565,29.0031,0.70089,95.0484,20.3074,0.87039,9.16823,0.3125,15.3441,385.791,103.993,0.05533,0.12412,0.0,40.889,0.0,4.34416,22.36,0.0,78.4658,0.0,0.0,0.0
2023-12-09 15:55:00,144.895,2219.59,73.1113,0.0,58.57,17.2001,55.2822,12.1998,49.6101,97.3987,0.0,12.1714,52.4245,60.3962,11.7345,2.36,168.162,0,2642.03,0.0,118.285,62.9762,44.8188,11.1009,62.834,1.45498,24.5023,3.00996,0.0,27.3654,38.0513,18.01,17.9927,,180.537,28.9801,20.255,64.4016,4.385,27.8972,47.382,1151.09,465.109985352,98.23,38.75,33.5012,6.214,0.0,65.8232,0.0,0.7944,936.82,448.145,19.4,10.2,55.1138,189.247,14.0865,190,66.536,229.557,849.66,24.838,0.0,114.574,17.3894,0.2002,9.51369,0.0,16.8274,385.718,122.998,0.09122,0.0,0.01645,13.489,0.0,4.34416,22.43,0.0,79.1366,0.0,0.0,0.0
2023-12-09 16:00:00,155.197,2238.0,72.4608,0.0,70.04,18.1714,62.7018,9.09986,32.7661,75.0,0.0,11.0254,45.6751,66.5958,7.62598,2.28,160.073,0,2655.12,0.0,97.5143,61.6468,39.2547,16.3989,51.9242,1.44498,50.1028,5.00871,0.0,23.9893,37.9344,14.86,21.8737,,133.757,22.6681,6.917,35.0528,2.768,11.039,46.956,1158.42,699.16998291,97.23,39.25,47.7012,8.732,0.0,67.6153,0.0,0.80445,447.76,607.393,20.6,10.5,55.2236,178.059,1.36294,190,52.7407,230.381,901.321,30.5144,18.6207,38.3459,18.3475,0.2002,7.25109,0.0905,23.6831,385.663,147.995,0.15103,0.163,0.0,12.289,0.0,4.34416,22.37,0.0,63.1116,0.0,0.0,0.0
2023-12-09 16:05:00,155.396,2240.76,71.3802,0.0,76.63,20.3609,65.6425,14.0998,34.9966,54.7024,0.0,9.23323,49.6132,56.6968,3.54317,1.81,101.32,0,2653.68,0.0,75.9991,59.6175,28.4587,22.6001,33.1245,0.83499,35.1919,21.5779,0.0,1.24634,38.2266,22.13,16.4992,,111.994,22.1583,8.715,34.7895,3.228,10.475,46.3,1174.48,1108.4699707,95.88,51.75,40.8011,8.586,0.0,36.0414,0.0,0.7944,20.65,659.814,21.3,10.5,65.0126,107.819,5.11421,190,44.6619,263.847,951.347,8.40955,16.4742,28.2689,17.8025,0.2002,3.59319,2.32546,25.2652,385.626,142.994,4.6013,0.0,0.0015,10.689,0.0,4.34416,22.44,0.0,59.8849,0.0,0.0,0.0
2023-12-09 16:10:00,159.294,2238.17,70.3899,0.0,83.01,15.1927,51.9606,20.1997,25.098,56.0002,0.0,7.56847,41.3245,40.5982,23.0994,1.87,49.0985,0,2656.12,0.0,60.8743,57.5782,44.1767,20.7996,39.9844,1.35498,8.7472,20.5551,0.0,62.1937,37.8175,24.36,11.0341,,126.114,20.5883,28.697,25.8612,3.272,28.3366,45.81,1144.35,1223.06005859,95.29,38.75,47.2007,7.39,16.5026,41.5261,0.0,0.7944,0.0,636.416,20.0,10.3,64.716,102.545,35.9704,189,37.7771,259.696,1014.0,28.759,3.53239,86.7353,20.1317,0.2002,0.13001,0.0,32.8141,385.516,169.0,0.0015,0.19889,0.0,12.189,0.0,4.34416,24.16,0.0,59.5042,0.0,0.0,0.0
2023-12-09 16:15:00,179.099,2236.22,60.0192,0.0,85.5,15.2304,39.0698,18.1997,9.63491,44.1005,0.0,6.5507,41.5345,55.1967,29.8148,4.96,50.2773,0,2656.75,0.0,47.2511,57.1149,62.9123,18.0987,67.044,1.62498,0.0,3.27181,0.0,46.25,37.9652,11.99,6.12403,,88.4582,13.4745,21.854,39.5169,3.222,28.3342,45.58,1142.64,987.41998291,92.13,47.5,47.8996,6.418,62.0691,35.9622,0.0,0.78435,0.0,656.621,20.8,10.3,64.5621,104.285,38.6621,190,36.173,259.794,1042.22,19.8477,0.53707,121.825,23.6913,0.2002,0.07446,0.1785,17.5811,385.223,147.995,2.53468,0.0,0.0,10.189,0.0,4.0012,24.33,0.0,54.646,0.0,0.0,0.0
2023-12-09 16:20:00,161.895,2234.95,67.7215,0.0,83.73,17.9306,27.8196,22.2997,12.9748,17.1012,0.0,17.219,53.2741,58.0996,10.9071,11.81,57.4724,0,2649.6,0.0,49.6803,57.7695,59.9631,14.5006,49.9742,4.24494,0.0,0.42325,0.0,26.4909,38.1682,7.99,5.62509,,58.336,9.32726,37.067,26.5719,3.624,28.3,45.272,1110.42,1119.31005859,90.57,31.0,46.1021,3.629,98.0957,38.9978,0.0,0.7944,0.0,641.198,20.1,10.3,64.683,64.065,93.0599,190,31.8151,259.025,1092.86,14.2177,0.0,129.906,15.5085,0.2002,4.63264,0.0205,17.2042,384.903,152.996,0.07926,0.0,0.03439,9.489,0.0,4.34416,24.19,0.0,44.7845,0.0,0.0,0.0
2023-12-09 16:25:00,122.898,2230.48,64.7903,0.0,81.69,17.7611,23.22,37.7994,13.1076,13.201,0.0,74.4183,40.9338,52.5991,19.8953,4.72,77.2283,0,2650.48,0.0,57.5296,56.2236,58.8009,9.80087,14.2448,4.60493,0.0,1.34527,0.0,29.4922,37.9067,0.81,6.68237,,62.0723,9.09184,33.483,23.2764,3.876,20.0748,44.482,1092.42,1391.06005859,83.11,30.5,43.9017,3.634,74.8501,30.3422,0.0,0.7944,0.0,633.119,19.7,10.3,64.9137,49.7917,73.6883,189,36.6528,260.362,1155.5,11.2978,7.70982,122.191,8.24866,0.2002,2.78447,0.0,26.3444,382.495,150.995,0.0,0.16898,0.02542,10.089,0.0,4.34416,24.33,0.0,44.4039,0.0,0.0,0.0
2023-12-09 16:30:00,96.2972,2241.17,66.1497,0.0,70.73,21.8115,22.6926,11.1998,13.8264,10.5985,0.0,95.79,27.2239,53.5992,24.7972,2.39,63.0956,0,2656.12,0.0,35.7153,52.8498,56.1007,8.10102,17.1847,4.46493,2.05667,2.92744,0.0,20.139,37.8759,15.29,7.38381,,59.2122,8.42631,37.488,20.6021,4.379,23.9567,43.86,1105.75,1509.9699707,85.31,22.0,43.9017,3.784,23.4241,25.4821,0.0,0.7944,0.0,647.137,20.5,10.3,64.8917,48.9586,5.37911,190,50.7155,260.862,1201.45,12.0571,0.22432,87.4739,4.18805,0.2002,3.6408,0.1765,21.9976,376.645,120.997,1.67034,0.04935,0.0,10.989,0.0,4.34416,23.36,0.0,54.1022,0.0,0.0,0.0
2023-12-09 16:35:00,88.2958,2215.59,64.5009,0.0,61.92,18.7302,23.6997,12.0998,8.32239,10.3994,0.0,36.0372,26.3743,45.9969,9.9415,2.07,117.865,0,2635.59,0.0,112.56,53.8519,50.3902,9.89853,20.6947,3.76494,7.83948,3.89468,0.0,18.7515,38.1682,10.2,10.241,,150.808,19.2731,21.934,14.9955,4.074,24.2838,43.326,1077.9,1665.77001953,83.19,35.0,41.1002,4.081,6.45914,24.725,0.0,0.78435,0.0,620.476,19.5,10.3,61.8814,74.9416,0.0,190,62.3429,283.067,1251.16,10.5312,0.0,116.582,4.3902,0.2002,4.80842,0.0,18.6481,364.349,133.992,0.0,0.0,0.05533,11.189,0.0,4.34416,22.3,0.0,34.8868,0.0,0.0,0.0
2023-12-09 16:40:00,69.1961,2222.37,61.9494,0.0,59.86,16.3523,24.4724,15.1998,0.0,15.8995,0.0,20.5203,19.0549,47.5988,16.7025,1.8,119.708,0,2646.04,0.0,74.8516,53.8267,50.2559,11.5984,20.5547,2.11497,11.4894,4.5612,0.0,27.1094,37.7898,9.25,8.46746,,157.686,24.8169,36.589,16.2485,4.875,25.7292,43.008,1085.27,1520.69995117,79.53,33.0,42.9007,4.654,0.0,26.4013,0.0,0.78435,0.0,626.15,19.6,10.3,61.409,155.445,0.0,191,46.3026,289.537,1261.64,10.5995,0.0,114.385,6.07773,1.18046,13.37,0.0,19.8881,358.929,128.999,0.0,0.12711,0.0972,9.389,0.0,4.34416,22.31,0.0,25.2972,0.0,0.0,0.0
2023-12-09 16:45:00,62.3991,2234.56,58.6306,0.0,62.45,14.2612,73.8604,14.8998,0.0,24.2973,0.0,12.224,10.3841,36.0979,19.6383,1.77,128.705,0,2652.8,0.0,115.55,50.4429,53.8741,7.3991,20.6197,2.63496,14.0666,4.89445,0.0,22.8424,38.1682,10.26,8.07603,,97.3005,15.4038,36.201,50.809,4.319,27.6017,42.492,1093.06,1508.98999023,76.08,22.0,41.6007,4.668,7.87823,47.5754,0.0,0.77431,0.0,626.789,19.6,10.3,62.0462,136.768,94.9569,191,28.6436,286.397,1258.41,35.3167,0.0,111.394,4.35505,0.51027,16.2332,0.0025,24.4152,351.595,117.997,0.0,0.11814,0.10916,9.389,0.0,4.34416,22.27,0.0,24.3908,0.0,0.0,0.0
2023-12-09 16:50:00,62.8978,2241.51,56.1693,0.0,68.89,10.1312,66.5324,10.9998,0.0,21.2966,0.0,7.79583,7.4934,46.2978,10.2144,2.18,80.2228,0,2656.58,0.0,36.0449,49.2696,52.441,7.70123,15.3198,2.07497,17.9737,4.87303,0.0,13.8813,37.9067,22.87,2.82701,,102.396,17.85,23.811,33.5682,4.52,27.2038,41.416,1141.59,1329.17004395,72.16,8.75,41.6007,5.028,44.2435,37.2878,0.0,0.8145,0.0,653.532,20.5,10.3,61.2882,75.4726,79.8749,189,24.8093,323.839,1291.49,27.1574,0.0,106.383,1.81497,0.27955,8.88502,0.1495,28.4119,347.292,65.9934,2.73207,0.05533,0.02542,8.789,0.0,4.34416,22.53,0.0,20.7472,0.0,0.0,0.0
2023-12-09 16:55:00,59.0945,2243.27,36.9997,0.0,69.34,11.024,59.219,9.39986,0.0,44.1005,0.0,6.53544,4.77546,34.1995,7.6073,2.69,57.6214,0,2656.58,0.0,41.0803,49.4257,48.2979,7.20073,15.7748,1.90497,19.2115,3.98276,0.0,12.4227,38.1405,20.3,5.91437,,63.6333,9.90961,34.675,29.7884,5.383,26.5495,40.568,1178.61,1327.43994141,67.13,6.0,25.4993,5.712,57.4823,35.0402,0.0,0.77431,0.0,647.913,20.7,10.3,62.0572,55.5596,75.5169,190,21.0336,410.474,1321.57,28.6247,0.01582,55.7961,0.0,0.15992,3.50286,9.96635,0.93363,336.287,44.9972,1.43706,0.0643,0.08225,12.689,0.0,4.34416,22.26,0.0,22.5237,0.0,0.0,0.0
2023-12-09 17:00:00,54.5975,2223.84,20.1108,0.0,77.43,8.98206,29.713,8.09988,0.0,41.6011,0.0,4.7219,2.57694,41.4965,7.5945,2.76,39.1121,0,2644.18,0.0,45.5055,46.0167,52.0211,6.99931,14.8098,1.67497,15.917,3.11153,0.0,11.8318,37.9928,14.67,20.2998,,64.8116,10.2317,17.159,56.0154,5.076,26.2492,39.86,1199.21,1439.75,61.82,5.5,28.6,4.773,17.4914,48.3338,0.0,37.7249,0.0,639.378,20.1,10.3,62.0902,64.0833,73.5344,190,22.883,503.615,1314.18,31.6863,21.6588,29.6788,0.0,0.15992,1.82803,1.90047,25.8099,316.155,42.9968,29.5024,0.0,0.08225,15.189,0.0,4.34416,22.26,0.0,20.4028,0.0,0.0,0.0
2023-12-09 17:05:00,50.4932,2221.69,26.0502,0.0,85.15,11.1716,40.9412,6.19991,0.0,54.2012,0.0,2.12406,1.72549,36.1997,6.14758,2.34,66.4425,0,2639.49,0.0,59.1287,41.2733,51.5108,8.19867,11.8998,1.38498,14.9077,2.34107,0.0,13.803,38.0513,11.56,22.5167,,72.7375,9.96448,32.749,41.5858,3.183,24.8698,38.92,1213.62,1441.48999023,60.76,5.0,31.0994,3.68,22.2797,29.9447,0.0,37.1547,99.89,521.323,19.5,10.3,64.4193,59.7803,73.5857,223,28.8048,586.166,1319.82,26.0807,0.43841,97.7279,0.0,0.1294,0.0,9.44536,23.6902,289.174,36.9954,28.674,0.0,0.0,25.989,0.0,4.0012,26.13,0.0,19.9314,0.0,0.0,0.0
2023-12-09 17:10:00,45.7994,2257.36,33.742,0.0,82.08,17.1017,39.7729,6.19991,0.0,34.8993,0.0,0.73701,0.91737,38.6999,5.51091,2.17,57.784,0,2658.32,0.0,53.4218,39.2087,53.4835,11.0002,10.0648,1.59498,10.5785,2.39423,0.0,50.0695,38.0236,20.96,20.265,,97.9652,8.98564,31.058,30.8255,2.68,4.14923,37.954,1256.93,1123.31994629,55.22,4.75,41.3016,2.798,21.1719,31.3624,0.0,36.8558,134.2,549.343,20.8,10.3,65.2103,77.3495,75.534,268,18.3456,600.632,1317.98,22.5382,0.1089,93.6141,0.0,0.10987,1.01015,9.99735,24.8914,249.082,29.9938,31.0636,0.13907,0.0,36.689,0.0,4.0012,26.91,0.0,20.439,0.0,0.0,0.0
2023-12-09 17:15:00,37.3981,2257.51,44.5507,0.0,89.75,14.6296,39.3298,6.19991,0.0,69.1977,0.0,0.0,0.56031,29.2965,6.04134,2.18,76.876,0,2654.09,0.0,28.0674,35.5127,48.8399,11.0002,9.10486,1.29498,8.65199,2.84651,0.0,24.2217,38.0821,13.75,18.772,,102.125,22.4911,29.107,24.3187,2.68,6.27817,36.704,1286.4,1180.48999023,52.09,4.75,36.6995,2.341,21.181,31.0021,0.0,36.7352,227.58,534.896,20.4,10.3,64.2765,93.3257,74.4488,296,13.8412,599.899,1269.42,21.5665,16.0256,84.2268,0.0,0.10987,1.72793,0.1215,18.2979,227.329,23.9925,58.6295,0.05234,0.05234,33.289,0.0,4.0012,27.07,0.0,23.6476,0.0,0.0,0.0
2023-12-09 17:20:00,38.3983,2273.5,40.8416,0.0,87.0,16.0111,40.1318,7.09989,0.0,50.8984,0.0,0.0,0.11902,24.7961,9.05779,2.19,75.1958,0,2657.88,0.0,21.2497,26.5395,45.2851,13.4997,9.15486,1.04498,8.8932,3.08931,0.0,38.1583,38.1682,19.06,13.9039,,115.156,21.2945,28.024,15.2956,2.63,22.5626,34.402,1301.36,1083.60998535,49.15,6.75,31.4992,2.377,32.369,30.8445,0.0,36.7453,250.39,632.279,20.1,10.3,65.2213,114.108,74.7051,301,14.2513,601.816,1262.83,20.8804,8.07655,38.4802,0.0,0.14039,2.16068,6.5894,18.5068,216.938,23.9925,59.0602,0.07626,0.01944,16.289,0.0,4.0012,27.07,0.0,23.8108,0.0,0.0,0.0
2023-12-09 17:25:00,43.8971,2244.49,37.4219,0.0,81.49,14.1021,38.4619,8.09988,0.0,80.198,0.0,0.36622,0.0,35.4961,18.945,1.92,93.1631,0,2650.48,0.0,19.9191,19.9984,34.7454,10.3014,9.28986,0.91499,6.22715,3.51778,0.0,46.721,38.2574,7.88,13.4042,,113.122,17.4571,26.516,13.8321,2.58,19.8135,31.482,1299.41,818.859985352,45.7,9.5,33.6019,2.318,24.8158,30.2976,0.0,36.6247,497.6,637.231,20.0,10.3,65.1884,119.4,73.7652,296,14.482,603.128,1307.58,19.5206,13.827,11.3985,10.2262,0.16968,2.54887,0.1095,0.0,209.183,27.9934,1.44604,0.01047,0.0,10.589,0.0,4.0012,27.12,0.0,21.4723,0.0,0.0,0.0
2023-12-09 17:30:00,35.798,2214.68,34.8305,0.0,88.44,6.26086,21.0629,8.09988,10.7482,30.2987,0.0,1.94629,0.10925,34.5978,8.19482,1.29,97.1333,0,2651.41,0.0,26.1448,15.9549,42.8559,4.20081,8.17988,0.70499,5.3702,3.65982,0.0,23.339,38.2266,5.74,12.2875,,61.0652,9.2777,22.373,14.0216,2.58,16.3687,29.316,1297.94,929.659973145,43.91,9.75,33.6996,2.543,9.06844,19.0939,0.0,36.6348,608.75,627.997,19.8,10.3,64.9247,71.7647,74.3035,296,12.2701,602.438,1314.84,10.5165,2.28325,50.0648,14.1814,0.15992,8.73671,9.80635,24.702,197.958,29.9938,0.0,0.0,0.0015,8.589,0.0,4.0012,27.15,0.0,22.4512,0.0,0.0,0.0
2023-12-09 17:35:00,24.1948,2191.56,32.0799,0.0,93.2,11.6614,17.1518,7.99988,30.9321,32.7981,0.0,0.0,0.2771,33.2968,8.79411,1.02,83.8678,0,2657.24,0.0,16.8246,12.9085,28.7932,3.49889,9.58986,0.65499,5.80185,3.13057,0.0,11.9424,37.6114,5.74,5.25824,,90.13,11.046,22.656,12.4265,2.781,16.9204,26.66,1330.12,1198.54003906,40.43,10.25,12.7001,2.433,6.44999,12.7681,0.0,73.2061,412.36,643.39,20.4,10.3,64.661,66.6011,75.1238,338,10.5379,601.95,1320.35,9.65957,14.8453,65.6535,19.2352,0.17945,8.10742,2.71046,28.3279,191.467,27.9934,0.86882,0.0,0.0,8.089,0.0,4.0012,27.05,0.0,20.294,0.0,0.0,0.0
2023-12-09 17:40:00,17.8962,2171.86,29.1221,0.0,95.64,10.5625,11.3033,10.4998,42.9264,26.7967,0.0,0.0,0.35828,24.1987,13.5875,0.44,37.3913,0,2647.72,0.0,13.4493,9.88212,20.1041,4.60059,8.51487,0.65499,0.44117,2.22681,0.0,9.54163,38.2882,6.82,4.83302,,88.5791,14.8144,16.907,11.9264,2.38,15.0259,24.336,1350.75,1271.30004883,36.39,9.75,8.40009,2.021,5.40627,12.5532,0.0,72.5455,375.33,633.386,19.6,10.3,65.5949,83.035,73.4832,372,7.35546,606.534,1317.42,5.67269,0.10146,35.2392,18.91,0.21973,3.08721,0.0,21.1057,180.398,29.9938,0.0,0.26468,0.0,3.989,0.0,4.0012,26.89,0.0,18.0461,0.0,0.0,0.0
2023-12-09 17:45:00,11.9975,2166.68,26.0316,0.0,99.9,5.80244,10.0728,8.39987,61.2119,27.298,0.0,0.0,0.16907,22.3977,12.2506,0.0,36.8899,0,2635.27,0.0,14.1268,7.43992,28.9982,7.8996,8.02488,0.76499,0.38087,2.03082,0.0,10.5134,38.0236,19.15,4.24064,,96.0215,13.701,2.802,6.30407,2.229,2.0032,20.85,1337.74,1306.40002441,32.79,8.0,19.8016,1.852,6.66056,9.56227,0.0,72.7464,490.84,622.425,19.6,10.3,64.65,98.6908,67.0744,379,7.37743,604.599,1323.6,4.7718,0.0,11.4107,16.8709,0.17945,2.84001,4.70843,16.3041,170.098,34.995,0.0,0.09122,0.0,8.889,0.0,4.0012,26.96,0.0,15.8527,0.0,0.0,0.0
2023-12-09 17:50:00,10.9953,2178.77,23.3022,0.0,100.77,6.99349,10.5013,6.19991,93.6499,25.1968,0.0,1.9707,0.0,24.3979,3.29037,0.0,34.1528,0,2641.69,0.0,13.315,5.71275,29.2741,6.70024,5.89491,0.96499,0.0,1.29845,0.0,12.6126,38.2574,15.97,3.62714,,91.6004,13.2833,2.552,5.35649,2.129,11.9863,18.656,1346.77,953.479980469,29.08,6.5,5.40017,1.579,2.94347,7.98006,0.0,73.1358,761.05,627.368,19.6,10.3,65.1884,109.824,60.1102,369,3.92035,604.025,1324.45,4.92073,21.4354,44.2359,19.2879,0.17945,3.63958,9.77235,1.12768,149.389,98.9922,0.0,0.11514,0.07626,12.589,0.0,4.0012,26.96,0.0,13.6048,0.0,0.0,0.0
2023-12-09 17:55:00,6.19554,2208.41,20.2808,0.0,101.56,7.6717,9.05104,4.09994,98.1031,24.9977,0.0,2.56046,0.0,27.4999,3.18528,-0.04,43.272,0,2655.0,0.0,14.8043,4.71069,18.4903,4.49989,4.67493,0.99498,0.0,1.07152,0.0,13.6146,38.1405,8.75,3.12666,,45.4754,6.94832,7.083,4.87743,2.029,10.7582,15.692,1364.86,830.369995117,25.18,4.5,9.19966,1.32,0.0,7.23787,0.0,72.7062,917.56,645.812,20.5,10.2,64.8478,50.9453,52.9067,376,3.7171,603.732,1319.82,4.82795,23.042,42.1363,19.8592,0.2002,4.01679,10.0003,4.59418,140.499,57.9915,0.79704,0.809,0.27366,7.089,0.0,4.0012,26.96,0.0,10.8494,0.0,0.0,0.0
2023-12-09 18:00:00,5.29541,2216.46,17.8115,0.0,98.12,6.80091,7.55322,5.99991,106.232,18.0007,0.0,3.16548,0.0,25.9998,3.49414,-0.11,31.7409,0,2652.7,0.0,12.5154,3.99565,23.3268,3.5996,4.75493,0.83499,0.0,0.99376,0.0,11.689,37.8759,20.02,2.16538,,52.7668,12.7576,2.415,6.01453,2.029,9.37148,13.36,1356.61,1353.26000977,21.97,4.25,15.5016,1.257,1.68002,6.81093,0.0,72.7163,568.83,634.763,20.0,10.2,64.5951,53.0053,45.1991,371,2.39139,606.522,1318.64,4.0882,48.0786,37.6013,16.9939,0.19044,11.4748,9.94435,4.4288,131.087,36.9954,12.3623,0.0,0.0,5.189,0.0,4.0012,26.85,0.0,8.65598,0.0,0.0,0.0
2023-12-09 18:05:00,5.09567,2230.89,15.5202,0.0,102.76,5.28123,6.98192,7.19989,102.17,11.9032,0.0,20.8446,0.0,21.8977,3.3897,0.0,17.5811,0,2642.84,0.0,10.9834,3.39643,21.254,2.80003,3.12995,0.63499,0.0,0.70652,0.0,7.00928,38.199,4.69,2.09491,,27.2167,4.26847,9.503,2.4295,2.029,7.89929,10.92,1352.29,1265.42004395,18.53,3.75,17.3999,1.202,8.9128,5.82748,0.0,72.8469,589.84,624.256,19.7,10.2,61.2113,26.6285,38.081,369,0.80201,606.308,1316.1,3.52178,23.7531,32.6574,18.5584,0.16968,13.1997,9.88435,2.43853,109.05,35.9952,57.1222,28.2134,0.0,3.789,0.0,4.0012,25.31,0.0,3.07265,0.0,0.0,0.0
2023-12-09 18:10:00,6.4966,2251.55,13.1519,0.0,97.76,4.51092,6.67063,6.99989,102.232,10.9007,0.0,25.8496,0.0,19.4993,3.38381,0.93,4.45118,0,2652.02,0.0,10.0679,2.79721,17.7017,2.19882,1.14498,0.41499,0.0,0.4296,0.0,4.6295,38.199,3.69,2.0192,,21.6072,3.16573,8.084,1.42927,1.978,5.19417,8.836,1357.74,1285.43994141,14.6,3.0,14.1009,1.019,14.5708,5.92988,0.0,72.7565,562.58,640.609,20.0,10.2,61.42,20.2289,32.3387,375,0.81483,608.017,1321.67,3.47539,23.0196,27.4937,19.2439,0.2002,16.9027,9.99735,0.82998,99.1165,19.0,59.0602,34.8769,11.5817,2.589,0.0,4.0012,24.47,0.0,0.0,0.0,0.0,0.0
2023-12-09 18:15:00,8.49523,2227.57,10.3508,0.0,101.18,4.92119,5.76242,6.6999,108.982,9.60288,0.0,24.0925,0.0,15.2998,2.34253,0.57,0.0,0,2635.29,0.0,9.28664,2.28862,4.78401,1.79904,0.44499,0.265,0.0,1.64599,0.0,4.00346,37.759,2.27,1.34765,,20.439,2.89137,8.174,0.29744,1.878,5.06966,6.358,1343.45,1293.86999512,10.56,2.5,5.00038,0.849,18.8281,5.91111,0.0,73.0755,702.89,626.078,19.4,10.2,61.398,12.7947,25.1096,368,0.56947,605.484,1315.86,2.53788,22.2675,22.7024,20.5184,0.2295,26.0594,9.71735,1.35898,80.3662,17.9998,56.4881,0.0,3.6622,3.089,0.0,4.0012,22.29,0.0,0.0,0.0,0.0,0.0
2023-12-09 18:20:00,11.6969,2266.03,8.2108,0.0,99.92,7.12955,5.22042,3.99994,112.592,15.7004,0.0,29.1783,0.0,15.5963,2.0375,3.02,38.8005,0,2650.46,0.0,8.41383,1.75486,8.31434,2.50095,0.305,0.265,0.0,0.95171,0.0,4.11546,38.1405,2.27,0.92438,,18.6363,3.27724,7.29,0.38167,1.878,4.07111,4.548,1353.61,1241.44995117,8.85,2.0,10.4997,0.781,31.6182,6.13762,0.0,73.176,687.03,631.008,19.7,10.2,62.1121,11.6136,21.0764,372,0.0,610.111,1319.55,2.76738,15.5416,18.1613,24.8339,0.20997,41.7774,5.08642,3.36269,67.3289,14.9991,58.7462,9.74841,4.2424,3.089,0.0,4.0012,22.16,0.0,0.0,0.0,0.0,0.0
2023-12-09 18:25:00,10.3942,2257.09,6.02037,0.0,103.6,5.27913,8.32227,2.99995,118.748,14.6017,0.0,40.3387,0.0,11.6978,2.0375,4.45,50.2231,0,2639.13,0.0,8.52979,1.24628,5.6556,1.79904,0.42499,0.275,0.0,0.14633,0.0,4.41728,38.2882,2.27,0.94512,,20.5296,3.38875,2.666,0.0,1.773,3.04082,2.834,1338.67,1181.95996094,6.63,1.75,3.5996,0.728,49.4896,6.13762,0.0,72.8369,742.75,625.308,19.4,10.2,61.6287,16.6033,15.8724,367,0.0,610.3,1318.16,3.52422,21.8114,13.9681,29.8613,0.2002,54.3105,9.66235,0.94646,58.8235,11.52,57.0145,0.0,0.0,2.489,0.0,4.0012,22.16,0.0,0.0,0.0,0.0,0.0
2023-12-09 18:30:00,13.6986,2270.76,4.38219,0.0,104.67,5.78465,5.70016,2.09997,129.822,13.098,0.0,69.2241,0.0,13.9989,2.0375,10.1,19.8304,0,2640.3,0.0,7.95605,0.77295,4.87434,1.70138,4.08494,0.0,0.0,0.0,0.0,4.47616,37.9344,1.65,1.0473,,19.1399,3.35158,2.874,0.0,1.723,1.82498,1.722,1341.13,1157.29003906,4.73,1.5,4.49989,0.538,66.1708,5.5816,0.0,72.5254,680.9,624.088,19.4,10.4,62.2879,16.3195,11.8734,369,0.0,608.78,1318.69,3.11894,15.1934,10.5501,31.4258,0.17945,59.7525,5.05342,1.16198,54.7219,12.9986,58.154,0.0,0.0,1.489,0.0,4.0012,23.29,0.0,0.0,0.0,0.0,0.0
2023-12-09 18:35:00,25.4955,2294.42,3.12103,0.0,100.15,5.42147,4.45136,1.09998,128.189,9.30076,0.0,76.8566,0.0,13.9989,1.72749,13.11,17.2288,0,2646.5,0.0,6.83909,0.37011,2.30106,1.39925,2.49996,0.0,0.0,0.0,0.0,4.31206,38.1405,1.65,1.05178,,15.5143,2.23468,0.787,0.26585,1.623,1.50027,0.512,1348.95,1284.5300293,3.26,1.25,1.89975,0.386,72.7443,4.24444,0.0,73.1659,477.26,629.417,19.7,10.4,61.9474,12.282,5.5671,370,0.0,611.588,1318.03,1.85916,22.383,7.44335,32.8496,0.11963,61.359,4.91142,0.0,44.9714,9.99794,57.7891,0.0,0.0,0.0,0.0,4.0012,22.17,0.0,0.0,0.0,0.0,0.0
2023-12-09 18:40:00,50.3979,2298.84,2.23159,0.0,101.94,4.87095,3.29046,2.29996,130.283,5.29755,0.0,61.4176,0.0,13.2997,1.52173,11.61,15.4402,0,2645.74,0.0,5.99069,0.0,1.7322,1.20089,20.9147,0.0,0.0,0.0,0.0,3.69741,37.7314,1.65,0.9193,,11.214,1.46648,0.287,0.0,1.572,0.4358,0.308,1350.88,1167.07995605,1.71,1.0,1.49996,0.252,79.6384,3.13373,0.0,72.9072,452.39,627.75,19.7,10.4,61.8045,9.16915,1.2604,368,0.0,610.056,1317.15,1.8616,22.947,3.90936,34.2383,0.0,65.8793,4.84443,1.68096,30.7073,6.99725,58.3245,32.6278,0.0,0.0,0.0,4.0012,21.98,0.0,0.0,0.0,0.0,0.0
2023-12-09 18:45:00,75.7982,2296.67,1.54127,0.0,103.52,5.0719,2.75212,2.19997,129.955,3.10025,0.0,65.803,0.0,13.5962,1.21094,15.9,11.2804,0,2643.47,0.0,5.03243,0.0,0.24537,0.999466,32.8245,0.0,0.0,5.55859,0.0,2.93427,37.759,0.65,0.49682,,11.2241,1.53198,0.0,0.0,1.522,0.0,0.0,1349.51,1176.34997559,1.49,0.5,0.8011,0.14,89.6818,2.2771,0.0,73.5955,464.98,626.227,19.3,10.4,61.7935,8.55573,0.0,370,7.45434,610.013,1321.52,1.3489,22.5244,1.95621,34.2295,0.0,65.413,4.89243,1.42272,15.6741,7.99748,58.1031,9.69158,0.0,0.0,0.0,4.0012,22.37,0.0,0.0,0.0,0.0,0.0
2023-12-09 18:50:00,75.797,2279.14,0.9014,0.0,103.6,5.12005,2.11124,1.89997,131.463,2.50286,0.0,82.8183,0.0,11.2995,1.00806,12.42,6.86308,0,2636.54,0.0,3.92767,0.0,0.17456,0.801099,44.7593,0.0,0.0,29.1722,0.0,1.95168,37.8759,0.65,0.20125,,9.45159,1.29302,0.0,0.0,1.472,0.0,0.0,1338.72,1116.44995117,0.94,0.0,0.3006,0.034,96.8963,1.59907,0.0,73.5176,447.32,621.484,19.4,10.1,61.7386,7.33806,0.0,368,20.0229,611.563,1278.82,1.0071,21.9641,0.80873,34.3438,0.0,66.663,0.0135,1.0135,5.28268,7.80613,56.9906,7.40664,0.0,0.0,0.0,4.0012,22.23,0.0,0.0,0.0,0.0,0.0
2023-12-09 18:55:00,73.0975,2310.97,0.0,0.0,100.92,6.11224,1.46303,1.69997,132.186,1.69947,0.0,100.592,0.0,14.198,0.8017,12.76,4.47828,0,2650.19,0.0,3.20745,0.0,0.0,0.59968,51.4992,0.0,0.0,32.8698,0.0,1.1399,38.1405,0.65,0.14804,,8.03159,1.04698,0.0,0.0,1.422,0.0,0.0,1350.31,1074.32995605,0.44,0.0,0.09918,0.0,113.87,1.25462,0.0,73.0077,357.57,630.845,19.5,10.2,62.4198,6.12955,0.0,336,31.1119,608.939,1257.88,0.45289,22.8688,0.0,34.0889,0.0,61.6397,0.2135,0.7311,0.0,2.99634,58.471,9.4613,0.0,0.0,0.0,4.0012,22.23,0.0,0.0,0.0,0.0,0.0
2023-12-09 19:00:00,70.2969,2328.92,0.0,0.0,99.4,5.80244,0.85145,1.39998,136.053,1.19821,0.0,131.328,2.64775,15.1981,0.49341,12.28,3.04198,0,2649.23,0.0,2.65812,0.0,0.0,0.401312,59.2241,0.0,0.0,25.9579,0.0,0.59664,38.1682,0.0,0.28858,,7.35683,0.92308,0.0,0.0,1.372,0.0,0.0,1353.17,1012.34997559,0.13,0.0,0.00153,0.0,135.413,0.67414,0.0,73.2463,361.12,636.834,19.6,10.2,61.5958,5.31472,0.0,295,39.1504,611.478,1257.48,0.22095,22.7553,0.0,34.2647,0.0,54.7207,0.80049,0.36288,0.0,2.99634,57.3704,7.95694,0.0,0.0,0.0,4.0012,22.06,0.0,0.0,0.0,0.0,0.0
2023-12-09 19:05:00,71.7961,2336.58,0.0,0.0,100.97,7.69054,0.49256,1.09998,133.756,0.79995,0.0,128.055,37.5268,12.5961,0.28741,12.17,1.19918,0,2646.33,0.0,1.96841,0.0,0.0,0.199893,67.459,0.0,8.13782,27.2052,0.0,0.30634,38.0236,0.0,0.08734,,5.93683,0.73014,0.0,0.0,1.372,0.0,0.0,1351.02,907.260009766,0.0,0.0,0.00153,0.0,155.143,0.0,0.0,73.7562,397.24,588.047,19.8,10.5,56.6738,3.70336,0.0,331,42.19,551.833,1260.81,0.0,12.1833,0.0,34.7657,0.0,54.7195,0.2615,0.05814,0.0,0.0,0.17496,8.88707,0.0,0.0,0.0,4.0012,22.25,0.0,0.0,0.0,0.0,0.0
2023-12-09 19:10:00,60.695,2316.64,0.0,0.0,104.86,8.4127,0.0,0.0,133.623,0.0,0.0,149.778,56.1343,9.79942,0.0823,12.32,0.0,0,2639.47,0.0,0.79652,0.0,0.0,0.099184,72.4339,0.0,76.7761,31.9438,0.0,0.0556,37.8175,0.0,0.0,,4.3859,0.54783,0.0,0.0,1.372,0.0,0.0,1340.3,836.140014648,0.0,0.0,0.00153,0.0,162.577,0.0,0.0,0.84464,368.89,586.833,19.5,10.5,58.9041,2.79698,0.0,365,52.3561,491.823,1257.09,0.0,21.6979,0.0,34.5459,0.0,59.6353,0.0,0.0,0.0,0.0,0.0,8.69566,0.0,0.0,0.0,4.0012,22.17,0.0,0.0,0.0,0.0,0.0
2023-12-09 19:15:00,53.5945,2320.03,0.0,0.0,102.68,9.10137,0.0,0.0,132.252,0.0,0.0,146.436,53.7734,8.8967,0.0,13.51,0.0,0,2644.35,0.0,0.0,0.0,0.0,0.001526,83.9937,0.0,85.6185,32.5254,0.0,0.0,38.0236,0.0,0.0,,2.68391,0.30887,0.0,0.0,1.372,0.0,0.0,1345.09,738.289978027,0.0,0.0,0.00153,0.0,163.914,0.0,0.0,0.88483,374.89,589.091,19.9,10.5,57.7725,1.2314,0.0,366,54.07,435.987,1259.66,0.0,22.4574,0.0,34.5547,0.0,70.9502,0.0,0.0,0.0,0.0,0.0,8.67472,0.0,0.0,0.0,4.0012,22.23,0.0,9.88867,0.0,0.0,0.0
2023-12-09 19:20:00,43.6952,2334.26,0.0,0.0,100.99,10.2024,0.0,0.0,135.393,0.0,0.0,153.355,43.9112,8.49844,0.0,15.64,0.0,0,2646.11,0.0,0.0,0.0,0.0,0.001526,87.1337,0.0,87.1102,34.7384,0.0,0.0,37.9067,0.0,0.0,,1.19341,0.0,0.0,0.0,1.372,0.0,0.0,1349.19,839.809997559,0.0,0.0,0.00153,0.0,173.893,0.0,0.0,0.87478,300.43,591.283,19.6,10.5,58.0801,0.0,0.0,335,56.2454,404.193,1241.0,0.0,0.78094,0.0,35.0469,0.0,79.3219,0.0,0.0,0.0,0.0,0.0,9.47625,0.0,0.0,0.0,4.0012,22.2,0.0,23.3576,0.0,0.0,0.0
2023-12-09 19:25:00,41.0952,2337.1,0.0,0.0,102.38,6.0013,0.0,0.0,133.951,0.0,0.0,156.056,38.1225,8.09575,0.0,14.68,0.0,0,2649.33,0.0,0.0,0.0,0.0,0.001526,97.0435,0.0,88.5512,33.1626,0.0,0.0,37.8759,0.0,0.0,,0.0,0.0,0.0,0.0,1.372,0.0,0.0,1349.87,727.619995117,0.0,0.0,0.00153,0.0,181.996,0.0,0.0,0.84464,367.62,593.823,19.6,10.5,57.4429,0.0,0.0,294,57.8567,380.047,1213.17,0.0,0.0,0.0,34.3789,0.0,75.5242,0.0,0.0,0.0,0.0,0.0,8.7465,0.0,0.0,0.0,4.40132,22.28,0.0,23.7745,0.0,0.0,0.0
2023-12-09 19:30:00,40.7961,2334.53,0.0,0.0,92.12,8.6618,0.0,0.0,135.264,0.0,0.0,165.956,51.725,7.09567,0.0,19.39,0.0,0,2644.65,0.0,0.0,0.0,0.0,0.001526,98.2635,0.0,89.224,36.884,0.0,0.0,37.8483,0.0,0.0,,0.0,0.0,0.0,0.0,1.372,0.0,0.0,1347.14,781.469970703,0.0,0.0,0.00153,0.0,175.944,0.0,0.0,0.84464,269.07,590.114,19.6,10.5,58.179,0.0,0.0,294,65.2836,379.974,1187.0,0.0,0.0,0.0,35.2315,0.0,84.914,0.0,0.0,0.0,0.0,0.0,8.66276,0.0,0.0,0.0,4.05836,22.15,0.0,30.1373,0.0,0.0,0.0
2023-12-09 19:35:00,47.6963,2335.61,0.0,0.0,80.6,9.45304,0.0,0.0,136.506,0.0,0.0,167.253,46.1134,7.89662,0.0,18.79,0.0,0,2648.28,0.0,0.0,0.0,0.0,0.001526,97.9035,0.0,88.1005,32.4405,0.0,0.0,38.0513,0.0,0.0,,0.0,0.0,0.0,0.0,1.372,0.0,0.0,1313.01,705.729980469,0.0,0.0,0.00153,0.0,186.885,0.0,0.0,0.87478,347.48,601.722,20.2,10.5,57.6297,0.0,0.0,261,67.1623,349.346,1152.06,0.0,8.43212,0.0,35.1963,0.0,84.6345,0.0,0.0,0.0,0.0,23.4641,9.47326,9.32073,0.0,0.0,4.05836,22.09,0.0,34.7962,0.0,0.0,0.0
2023-12-09 19:40:00,50.9962,2332.43,0.0,0.0,76.18,11.4709,0.0,0.0,135.135,0.0,0.0,165.885,54.0224,6.99832,0.0,20.19,0.0,0,2639.37,0.0,0.0,0.0,0.0,0.001526,101.293,0.0,87.7132,33.7188,0.0,0.0,37.9067,0.0,0.0,,0.0,0.0,0.0,0.0,1.372,0.0,0.0,1270.41,779.409973145,0.0,0.0,0.00153,0.0,189.824,0.0,0.0,0.29452,345.35,587.634,19.5,10.5,58.3768,0.0,0.0,220,67.6054,269.035,1142.95,0.0,0.0,0.0,34.6866,0.0,80.7355,0.0,0.0,0.0,0.0,23.7273,8.59098,8.89006,0.0,0.0,4.05836,22.15,0.0,37.0984,0.0,0.0,0.0
2023-12-09 19:45:00,67.4975,2355.68,0.0,0.0,75.47,11.1423,0.0,0.0,134.545,0.0,0.0,155.952,66.9438,7.49836,0.0,20.96,0.0,0,2647.75,0.0,0.0,0.0,0.0,0.001526,102.513,0.0,88.348,37.1879,0.0,0.0,37.7898,0.0,0.0,,0.0,0.0,0.0,0.0,1.372,0.0,0.0,1230.15,826.909973145,0.0,0.0,0.00153,0.0,192.305,0.0,0.0,0.26438,354.73,590.432,19.8,10.5,58.19,0.0,0.0,188,64.152,169.448,1117.88,0.0,0.0,0.0,35.0293,0.0,84.4209,0.0,0.0,0.0,0.0,23.9396,8.45341,9.28484,0.0,0.0,4.05836,22.16,0.0,48.1382,0.0,0.0,0.0
2023-12-09 19:50:00,86.0947,2312.24,0.0,0.0,74.62,9.76284,0.0,0.0,135.92,0.0,0.0,158.788,62.6432,6.99832,0.0,21.79,0.0,0,2626.36,0.0,0.0,0.0,0.0,0.001526,101.593,0.0,90.1127,37.7322,0.0,0.0,37.7006,0.0,0.0,,0.0,0.0,0.0,0.0,1.372,0.0,0.0,1169.48,832.549987793,0.0,0.0,0.00153,0.0,196.132,0.0,0.0,0.26438,337.34,577.587,19.2,10.5,57.5198,0.0,0.0,190,60.7535,159.567,1091.29,0.0,0.0,0.0,35.0821,0.0,89.2293,0.0,0.0,0.0,0.0,0.0,6.32697,8.16629,0.0,0.0,4.05836,22.12,0.0,64.3262,0.0,0.0,0.0
2023-12-09 19:55:00,121.294,2359.46,0.0,0.0,66.4,14.2109,0.0,0.0,133.955,0.0,0.0,167.251,57.2659,7.9984,0.0,22.77,0.0,0,2648.77,0.0,0.0,0.0,0.0,0.001526,100.953,0.0,88.7225,36.9641,0.0,0.0,37.6422,0.0,0.0,,0.0,0.0,0.0,0.0,1.372,0.0,0.0,1131.56,768.630004883,0.0,0.0,0.00153,0.0,197.432,0.0,0.0,0.25433,123.21,497.044,19.6,10.5,58.1021,0.0,0.0,190,64.3278,159.054,1065.49,0.0,0.0,0.0,33.166,0.0,94.1598,0.0,0.0,0.0,0.0,0.0,22.1392,9.1024,0.0,0.0,4.05836,22.28,0.0,75.4204,0.0,0.0,0.0
2023-12-09 20:00:00,145.897,2380.55,0.0,0.0,57.76,15.2136,0.0,0.0,132.842,0.0,0.0,168.623,41.3037,9.99855,0.0,25.03,0.0,0,2656.22,0.0,0.0,0.0,0.0,0.001526,104.583,0.0,89.8207,38.2844,0.0,0.0,37.9928,0.0,0.0,,0.0,0.0,0.0,0.0,1.372,0.0,0.0,1104.78,753.900024414,0.0,0.0,0.00153,0.0,206.395,0.0,0.0,0.25433,141.36,423.503,20.6,10.5,57.5198,0.0,0.0,190,61.8448,161.617,1036.41,0.0,0.0,0.0,34.9239,0.0,100.715,0.1365,0.0,0.0,0.0,1.35332,26.5147,10.3107,0.0,0.0,4.05836,22.29,0.0,87.6203,0.0,0.0,0.0
2023-12-09 20:05:00,180.694,2386.63,0.0,0.0,55.91,15.3601,0.0,0.0,134.217,0.0,0.0,174.064,37.0141,10.6977,0.0,25.22,0.0,0,2638.37,0.0,0.0,0.0,0.0,0.001526,112.123,0.0,88.6781,37.4203,0.0,0.0,37.7314,0.0,0.0,,0.0,0.0,0.0,0.0,1.372,0.0,0.0,1071.99,668.599975586,0.0,0.0,0.00153,0.0,210.652,0.0,0.0,0.25433,131.56,531.047,20.3,10.5,58.9371,0.0,0.0,190,73.3147,128.865,1013.8,0.0,0.04002,0.0,34.9239,0.0,103.553,0.0165,0.0,0.0,0.0,0.0015,25.0701,10.0325,0.0,0.0,4.05836,22.14,0.0,100.835,0.0,0.0,0.0
2023-12-09 20:10:00,197.196,2409.49,0.0,0.0,51.49,16.4528,0.0,0.0,136.182,0.0,0.0,174.852,30.244,12.9988,0.0,24.48,0.0,0,2626.41,0.0,0.0,0.0,0.0,0.001526,112.513,0.0,88.7479,37.2934,0.0,0.0,37.9652,0.0,0.0,,0.0,0.0,0.0,0.0,1.372,0.0,0.0,1041.67,660.070007324,0.0,0.0,0.00153,0.0,212.758,0.0,0.0,0.28448,130.31,518.374,20.0,10.5,57.6516,0.0,0.0,190,80.6793,80.2716,986.114,0.0,0.03816,0.0,34.8272,0.0,102.159,0.0,0.0,0.0,0.0,0.0,24.8159,10.0744,0.0,0.0,4.05836,22.39,0.0,108.848,0.0,0.0,0.0
2023-12-09 20:15:00,213.898,2414.81,0.0,0.0,37.95,20.0218,0.0,0.0,135.92,0.0,0.0,172.746,30.565,13.1979,0.0,24.08,0.0,0,2621.38,0.0,0.0,0.0,0.0,0.001526,117.253,0.0,91.0331,39.8571,0.0,0.0,38.1097,0.0,0.0,,0.0,0.0,0.0,0.0,1.372,0.0,0.0,1011.29,603.119995117,0.0,0.0,0.00153,0.0,211.33,0.0,0.0,0.23424,120.43,418.466,20.2,10.3,57.3111,0.0,0.0,190,82.1369,79.765,955.669,0.0,0.73812,0.0,36.9454,0.0,105.971,0.0,0.0,0.0,0.0,57.9267,24.9565,0.163,0.0,0.0,4.05836,22.3,0.0,114.196,0.0,0.0,0.0
2023-12-09 20:20:00,216.694,2412.02,0.0,0.0,31.46,20.2813,0.0,0.0,136.377,0.0,0.0,162.684,33.1432,13.1979,0.0,22.75,0.0,0,2622.23,0.0,0.0,0.0,0.0,0.001526,121.823,0.0,88.8749,40.5784,0.0,0.0,37.9344,0.0,0.0,,0.0,0.0,0.0,0.0,1.372,0.0,0.0,978.75,706.549987793,0.0,0.0,0.00153,0.0,220.659,0.0,0.0,0.25433,-0.22,379.255,20.2,10.5,57.0913,0.0,0.0,191,83.2612,79.9542,918.534,0.0,4.01082,0.0,36.4532,0.0,99.4272,0.0,0.0,0.0,0.0,58.5578,24.5228,6.97597,0.0,0.0,4.05836,22.29,0.0,116.897,0.0,0.0,0.0
2023-12-09 20:25:00,217.698,2403.02,0.0,0.0,21.2,21.2631,0.0,0.0,135.264,0.0,0.0,160.832,32.9149,12.0961,0.0,22.98,0.0,0,2617.03,0.0,0.0,0.0,0.0,0.001526,126.123,0.0,88.9511,41.8685,0.0,0.0,38.1682,0.0,0.0,,0.0,0.0,0.0,0.0,1.372,0.0,0.0,939.931,740.820007324,0.0,0.0,0.00153,0.0,222.069,0.0,0.0,0.26438,-0.31,350.253,20.2,10.5,56.9815,0.0,0.0,190,90.6954,79.9969,881.936,0.0,7.25931,0.0,38.7296,0.0,102.414,0.0,0.0,0.0,0.0,58.1899,24.2536,7.04475,0.0,0.0,4.05836,22.07,0.0,116.987,0.0,0.0,0.0
2023-12-09 20:30:00,226.595,2408.8,0.0,0.0,17.66,22.8414,0.0,0.0,136.115,0.0,0.0,175.604,33.9733,11.6978,0.0,25.24,0.0,0,2622.13,0.0,0.0,0.0,0.0,0.001526,131.103,0.0,88.6083,41.7947,0.0,0.0,37.6698,0.0,0.0,,0.0,0.0,0.0,0.0,1.372,0.0,0.0,904.286,803.469970703,0.0,0.0,0.00153,0.0,213.399,0.0,0.0,0.26438,0.0,271.555,20.1,10.5,57.2122,0.0,0.0,190,89.9959,79.4781,857.057,0.0,7.98161,0.0,37.7804,0.0,104.585,0.0,0.0,0.0,0.0,58.8508,24.7292,7.04775,0.0,0.0,4.05836,22.1,0.0,117.875,0.0,0.0,0.0
2023-12-09 20:35:00,229.998,2412.12,0.0,0.0,15.71,23.553,0.0,0.0,136.182,0.0,0.0,181.022,37.7734,10.7995,0.0,25.01,0.0,0,2624.55,0.0,0.0,0.0,0.0,0.001526,133.293,0.0,88.9257,40.6886,0.0,0.0,37.8175,0.0,0.0,,0.0,0.0,0.0,0.0,1.372,0.0,0.0,873.06,872.510009766,0.0,0.0,0.00153,0.0,206.569,0.0,0.0,0.23424,0.0,251.316,20.1,10.5,58.1021,0.0,0.0,153,94.3136,52.0607,862.819,0.0,1.79738,0.0,37.1563,0.0,104.352,0.0,0.0,0.0,0.0,59.0602,24.8398,7.10457,0.0,0.0,4.05836,22.26,0.0,118.111,0.0,0.0,0.0
2023-12-09 20:40:00,228.998,2404.99,0.0,0.0,21.99,23.1595,0.0,0.0,134.873,0.0,0.0,187.211,38.9929,11.2995,0.0,25.75,0.0,0,2622.77,0.0,0.0,0.0,0.0,0.001526,130.943,0.0,90.3603,39.8507,0.0,0.0,37.9928,0.0,0.0,,0.0,0.0,0.0,0.0,1.372,0.0,0.0,836.487,886.690002441,0.0,0.0,0.00153,0.0,213.518,0.0,0.0,0.25433,0.0,315.712,20.5,10.5,57.7725,0.0,0.0,43,85.8979,5.14229,855.763,0.0,7.51249,0.0,37.2003,0.0,98.9181,0.0,0.0,0.0,0.0,25.1718,24.6454,6.82344,0.0,0.0,4.05836,22.25,0.0,118.401,0.0,0.0,0.0
2023-12-09 20:45:00,233.198,2412.78,0.0,0.0,23.69,23.3919,0.0,0.0,135.068,0.0,0.0,195.732,36.0839,13.1979,0.0,26.0,0.0,0,2628.85,0.0,0.0,0.0,0.0,0.001526,133.563,0.0,88.4559,37.8433,0.0,0.0,37.9067,0.0,0.0,,0.0,0.0,0.0,0.0,1.372,0.0,0.0,813.66,869.640014648,0.0,0.0,0.00153,0.0,212.877,0.0,0.0,0.25433,0.0,391.033,20.5,10.5,57.7945,0.0,0.0,0,93.9071,0.0,857.204,0.0,12.2484,0.0,39.046,0.0,93.3846,0.0085,0.0,0.0,0.0,0.74919,25.6952,7.3857,0.0,0.0,4.05836,22.27,0.0,117.948,0.0,0.0,0.0
2023-12-09 20:50:00,228.795,2389.78,0.0,0.0,17.14,21.5436,0.0,0.0,134.94,0.0,0.0,190.51,41.3953,14.5962,0.0,26.22,0.0,0,2612.32,0.0,0.0,0.0,0.0,0.001526,140.723,0.0,88.7797,36.5967,0.0,0.0,37.8483,0.0,0.0,,0.0,0.0,0.0,0.0,1.372,0.0,0.0,766.931,963.460021973,0.0,0.0,0.00153,0.0,209.837,0.0,0.0,0.23424,0.0,476.675,19.6,10.3,58.4866,0.0,0.0,0,95.7491,0.0,858.327,0.0,0.80887,0.0,38.9757,0.0,82.3542,0.0,0.0,0.0,0.0,0.0,23.6136,6.5782,0.0,0.0,4.05836,22.25,0.0,118.836,0.0,0.0,0.0
2023-12-09 20:55:00,224.198,2405.48,0.0,0.0,15.93,21.5121,0.0,0.0,136.115,0.0,0.0,196.133,50.9438,19.4993,0.0,26.04,0.0,0,2623.04,0.0,0.0,0.0,0.0,0.001526,138.793,0.0,88.2909,37.118,0.0,0.0,38.0821,0.0,0.0,,0.0,0.0,0.0,0.0,1.372,0.0,0.0,734.215,1026.4699707,0.0,0.0,0.00153,0.0,206.23,0.0,0.0,0.26438,0.0,378.239,20.2,10.3,57.9263,0.0,0.0,0,95.3939,0.0,839.406,0.0,3.05023,0.0,38.2374,0.0,87.259,0.0,0.0,0.0,0.0,0.0,24.6993,6.98195,0.0,0.0,4.05836,22.24,0.0,116.171,0.0,0.0,0.0
2023-12-09 21:00:00,223.798,2412.41,0.0,0.0,14.6,20.6121,0.0,0.0,136.182,0.0,0.0,203.63,57.8445,22.0968,0.0,26.39,0.0,0,2625.24,0.0,0.0,0.0,0.0,0.001526,139.663,0.0,88.8368,35.8643,0.0,0.0,37.9067,0.0,0.0,,0.0,0.0,0.0,0.0,1.372,0.0,0.0,701.866,1112.95996094,0.0,0.0,0.00153,0.0,208.721,0.0,0.0,0.23424,0.0,364.992,19.9,10.3,57.0803,0.0,0.0,0,95.8004,0.0,866.066,0.0,4.19326,0.0,38.9142,0.0,83.9411,0.0,0.0,0.0,0.0,0.0,24.2327,7.02083,0.0,0.0,4.05836,22.09,0.0,118.111,0.0,0.0,0.0
2023-12-09 21:05:00,224.794,2411.41,0.0,0.0,11.4,20.9595,0.0,0.0,136.639,0.0,0.0,204.462,56.4041,25.3979,0.0,26.3,0.0,0,2633.58,0.0,0.0,0.0,0.0,0.001526,135.963,0.0,88.8178,34.4639,0.0,0.0,37.7898,0.0,0.0,,0.0,0.0,0.0,0.0,1.372,0.0,0.0,711.632,995.229980469,0.0,0.0,0.00153,0.0,203.905,0.0,0.0,0.25433,0.0,434.868,20.7,10.5,57.4978,0.0,0.0,0,88.78,0.0,854.64,0.0,12.9353,0.0,38.8966,0.0,80.5902,0.0915,0.0,0.0,0.0,1.40716,26.4907,7.81039,0.0,0.0,4.05836,22.27,0.0,119.289,0.0,0.0,0.0
2023-12-09 21:10:00,226.7,2413.88,0.0,0.0,15.3,19.9213,0.0,0.0,136.115,0.0,0.0,204.448,56.7349,25.9998,0.0,26.33,0.0,0,2626.75,0.0,0.0,0.0,0.0,0.001526,137.063,0.0,88.5829,34.348,0.0,0.0,37.9652,0.0,0.0,,0.0,0.0,0.0,0.0,1.372,0.0,0.0,699.205,827.960021973,0.0,0.0,0.00153,0.0,208.098,0.0,0.0,0.25433,30.49,573.569,20.1,10.5,58.4207,0.0,0.0,0,88.3845,0.0,861.086,0.0,4.92486,0.0,39.1866,0.0,81.6925,0.0355,0.0,0.0,0.0,0.0,24.9116,7.13448,0.0,0.0,4.05836,22.23,0.0,121.99,0.0,0.0,0.0
2023-12-09 21:15:00,224.096,2408.73,0.0,0.0,16.65,19.6303,0.0,0.0,136.381,0.0,0.0,209.615,62.576,25.2962,0.0,26.25,0.0,0,2625.21,0.0,0.0,0.0,0.0,0.001526,136.493,0.0,88.2719,35.7493,0.0,0.0,37.8759,0.0,0.0,,0.0,0.0,0.0,0.0,1.372,0.0,0.0,695.933,854.010009766,0.0,0.0,0.00153,0.0,213.124,0.0,0.0,0.23424,125.56,472.787,19.8,10.3,58.981,0.0,0.0,0,82.0819,0.0,808.472,0.0,3.64594,0.0,38.3077,0.0,81.9709,0.0,0.0,0.0,0.0,0.0,24.5467,7.11354,0.0,0.0,4.05836,22.23,0.0,123.278,0.0,0.0,0.0
2023-12-09 21:20:00,215.396,2411.15,0.0,0.0,13.51,19.8815,0.0,0.0,133.955,0.0,0.0,204.631,53.3449,26.2962,0.0,26.3,0.0,0,2625.82,0.0,0.0,0.0,0.0,0.001526,130.593,0.0,88.6464,34.4575,0.0,0.0,37.6698,0.0,0.0,,0.0,0.0,0.0,0.0,1.372,0.0,0.0,698.473,952.859985352,0.0,0.0,0.00153,0.0,216.786,0.0,0.0,0.26438,120.05,374.642,20.2,10.3,57.4868,0.0,0.0,0,75.4388,0.0,790.503,0.0,0.0,0.0,38.9318,0.0,86.9807,0.0065,0.0,0.0,0.0,0.36936,25.414,7.32589,0.0,0.0,5.716,22.38,0.0,122.099,0.0,0.0,0.0
2023-12-09 21:25:00,217.796,2370.93,0.0,0.0,11.65,19.511,0.0,0.0,134.346,0.0,0.0,205.287,65.2543,27.2963,0.0,26.27,0.0,0,2626.04,0.0,0.0,0.0,0.0,0.001526,132.443,0.0,88.9701,32.4627,0.0,0.0,38.0236,0.0,0.0,,0.0,0.0,0.0,0.0,1.372,0.0,0.0,694.688,929.710021973,0.0,0.0,0.00153,0.0,214.25,0.0,0.0,0.23424,128.82,283.32,19.8,10.3,57.0803,0.0,0.0,0,88.0659,0.0,840.577,0.0,5.27671,0.0,38.8351,0.0,92.795,0.0,0.0,0.0,0.0,0.0,24.466,6.94307,0.0,0.0,14.0614,22.26,0.0,126.015,0.0,0.0,0.0
2023-12-09 21:30:00,223.098,2366.81,0.0,0.0,11.09,19.9108,0.0,0.0,131.068,0.0,0.0,203.23,71.5349,26.0971,0.0,26.32,0.0,0,2620.65,0.0,0.0,0.0,0.0,0.001526,129.373,0.0,88.4559,31.0837,0.0,0.0,37.9652,0.0,0.0,,0.0,0.0,0.0,0.0,1.372,0.0,0.0,696.031,963.880004883,0.0,0.0,0.00153,0.0,207.503,0.0,0.0,0.26438,126.89,208.446,20.1,10.6,56.7288,0.0,0.0,0,84.1804,0.0,791.992,0.0,4.22118,0.0,37.13,0.0,87.9744,0.0,0.0,0.0,0.0,0.0,24.7561,6.97298,0.0,0.0,14.0614,22.28,0.0,126.613,0.0,0.0,0.0
2023-12-09 21:35:00,229.798,2367.27,0.0,0.0,11.73,18.5921,0.0,0.0,132.119,0.0,0.0,209.439,72.2429,26.8981,0.0,26.12,0.0,0,2627.63,0.0,0.0,0.0,0.0,0.001526,130.913,0.0,88.621,31.3059,0.0,0.0,37.7898,0.0,0.0,,0.0,0.0,0.0,0.0,1.372,0.0,0.0,664.073,993.210021973,0.0,0.0,0.00153,0.0,204.399,0.0,0.0,0.22419,120.37,200.949,19.8,10.3,55.0039,0.0,0.0,0,87.1541,0.0,750.047,0.0,3.13214,0.0,38.9054,0.0,88.9387,0.0,0.0,0.0,0.0,0.10617,25.1748,7.23018,0.0,0.0,14.0614,22.23,0.0,127.193,0.0,0.0,0.0
2023-12-09 21:40:00,221.097,2368.4,0.0,0.0,9.5,18.7198,0.0,0.0,132.315,0.0,0.0,210.266,75.7647,25.4997,0.0,26.24,0.0,0,2624.97,0.0,0.0,0.0,0.0,0.001526,133.253,0.0,88.2465,31.1845,0.0,0.0,38.1682,0.0,0.0,,0.0,0.0,0.0,0.0,1.372,0.0,0.0,630.649,1006.40002441,0.0,0.0,0.00153,0.0,205.196,0.0,0.0,0.22419,0.76,201.882,19.9,10.5,55.5642,0.0,0.0,0,85.8576,0.0,792.7,0.0,4.13368,0.0,39.1866,0.0,90.4573,0.0145,0.0,0.0,0.0,0.0,24.9804,7.13448,0.0,0.0,14.0614,22.31,0.0,127.465,0.0,0.0,0.0
2023-12-09 21:45:00,226.895,2350.87,0.0,0.0,7.91,19.9004,0.0,0.0,131.596,0.0,0.0,207.428,80.9735,25.097,0.0,26.41,0.0,0,2621.6,0.0,0.0,0.0,0.0,0.001526,135.923,0.0,90.0556,30.6148,0.0,0.0,38.0236,0.0,0.0,,0.0,0.0,0.0,0.0,1.372,0.0,0.0,598.544,962.700012207,0.0,0.0,0.00153,0.0,202.531,0.0,0.0,0.23424,0.0,205.749,19.9,10.5,55.5203,0.0,0.0,0,72.3442,0.0,822.462,0.0,2.32979,0.0,36.9014,0.0,90.7014,0.0,0.0,0.0,0.0,0.0,24.8069,7.23018,0.0,0.0,14.0614,22.29,0.0,127.809,0.0,0.0,0.0
2023-12-09 21:50:00,231.693,2344.4,0.0,0.0,6.34,19.9632,0.0,0.0,131.662,0.0,0.0,211.041,77.3748,20.5967,0.0,26.3,0.0,0,2626.09,0.0,0.0,0.0,0.0,0.001526,133.083,0.0,89.8969,32.7524,0.0,0.0,37.9928,0.0,0.0,,0.0,0.0,0.0,0.0,1.372,0.0,0.0,564.193,1013.88000488,0.0,0.0,0.00153,0.0,199.071,0.0,0.0,0.23424,0.0,197.258,19.9,10.5,54.4326,0.0,0.0,0,73.4942,0.0,770.556,0.0,0.22805,0.0,38.712,0.0,90.0545,0.0,0.0,0.0,0.0,0.0,24.3763,6.93709,0.0,0.0,14.0614,22.16,0.0,127.719,0.0,0.0,0.0
2023-12-09 21:55:00,223.896,2333.46,0.0,0.0,4.61,19.3331,0.0,0.0,131.264,0.0,0.0,208.247,73.554,16.5964,0.0,26.24,0.0,0,2615.69,0.0,0.0,0.0,0.0,0.001526,136.173,0.0,88.7987,33.7981,0.0,0.0,38.1405,0.0,0.0,,0.0,0.0,0.0,0.0,1.372,0.0,0.0,549.325,1056.76000977,0.0,0.0,0.00153,0.0,194.795,0.0,0.0,0.25433,0.0,195.755,19.6,10.5,54.4546,0.0,0.0,0,66.5544,0.0,755.37,0.0,0.0,0.0,38.5187,0.0,93.2576,0.0,0.0,0.0,0.0,0.0015,24.9744,6.97896,0.0,0.0,14.0614,22.34,0.0,127.574,0.0,0.0,0.0
2023-12-09 22:00:00,218.595,2340.61,0.0,0.0,5.25,17.6899,0.0,0.0,132.119,0.0,0.0,211.533,71.2554,15.2998,0.0,26.27,0.0,0,2625.28,0.0,0.0,0.0,0.0,0.001526,139.643,0.0,88.6083,32.8563,0.0,0.0,38.0821,0.0,0.0,,0.0,0.0,0.0,0.0,1.372,0.0,0.0,558.651,997.289978027,0.0,0.0,0.00153,0.0,189.97,0.0,0.0,0.23424,0.0,195.021,20.0,10.5,55.0039,0.0,0.0,0,71.0771,0.0,707.443,0.0,0.0,0.0,38.6593,0.0,90.1558,0.0,0.0,0.0,0.0,0.0,24.8488,6.89821,0.0,0.0,14.3472,22.03,0.0,127.846,0.0,0.0,0.0
2023-12-09 22:05:00,214.996,2352.18,0.0,0.0,5.55,19.5822,0.0,0.0,133.498,0.0,0.0,208.226,75.9124,17.1982,0.0,26.29,0.0,0,2625.38,0.0,0.0,0.0,0.0,0.001526,134.673,0.0,88.7162,32.9674,0.0,0.0,37.9928,0.0,0.0,,0.0,0.0,0.0,0.0,1.372,0.0,0.0,554.574,1064.16003418,0.0,0.0,0.00153,0.0,179.387,0.0,0.0,0.25433,0.0,192.471,20.0,10.5,51.9496,0.0,0.0,0,85.4511,0.0,695.969,0.0,0.14427,0.0,37.6573,0.0,91.761,0.0,0.0,0.0,0.0,0.05533,1.12004,0.20487,0.0,0.0,14.3472,22.28,0.0,127.791,0.0,0.0,0.0
2023-12-09 22:10:00,218.899,2348.72,0.0,0.0,5.62,17.7715,0.0,0.0,134.346,0.0,0.0,203.044,81.3043,17.8974,0.0,26.26,0.0,0,2614.96,0.0,0.0,0.0,0.0,0.001526,135.883,0.0,88.5702,32.9111,0.0,0.0,38.3158,0.0,0.0,,0.0,0.0,0.0,0.0,1.372,0.0,0.0,546.273,938.400024414,0.0,0.0,0.00153,0.0,177.098,0.0,0.0,0.24429,0.0,190.929,19.4,10.5,51.1476,0.0,0.0,0,87.1247,0.0,711.277,0.0,0.03072,0.0,39.1339,0.0,92.3812,0.0,0.0,0.0,0.0,0.0,0.0,0.0,0.0,0.0,14.3472,22.1,0.0,127.483,0.0,0.0,0.0
2023-12-09 22:15:00,225.697,2368.86,0.0,0.0,4.27,18.1106,0.0,0.0,132.381,0.0,0.0,214.336,73.4929,17.8974,0.0,26.36,0.0,0,2629.02,0.0,0.0,0.0,0.0,0.001526,129.033,0.0,88.5321,31.044,0.0,0.0,38.0821,0.0,0.0,,0.0,0.0,0.0,0.0,1.372,0.0,0.0,562.802,885.25,0.0,0.0,0.00153,0.0,170.597,0.0,0.0,0.25433,0.0,195.199,20.3,10.5,49.9611,0.0,0.0,0,82.4225,0.0,710.3,0.0,0.0,0.0,38.5099,0.0,84.4245,0.0175,0.0,0.0,0.0,0.0,0.0,0.09421,0.0,0.0,14.3472,22.26,0.0,127.266,0.0,0.0,0.0
2023-12-09 22:20:00,218.798,2346.5,0.0,0.0,2.72,15.1822,0.0,0.0,131.529,0.0,0.0,206.674,75.4339,14.8972,0.0,26.35,0.0,0,2612.15,0.0,0.0,0.0,0.0,0.001526,137.823,0.0,88.7225,33.0142,0.0,0.0,38.0236,0.0,0.0,,0.0,0.0,0.0,0.0,1.372,0.0,0.0,546.712,937.809997559,0.0,0.0,0.00153,0.0,158.741,0.0,0.0,0.25433,0.0,184.591,19.4,10.5,50.4665,0.0,0.0,0,83.1147,0.0,663.033,0.0,0.0,0.0,35.7413,0.0,88.4614,0.0,0.0,0.0,0.0,0.0,0.0,0.0,0.0,0.0,14.3472,22.36,0.0,127.646,0.0,0.0,0.0
2023-12-09 22:25:00,222.398,2374.79,0.0,0.0,1.05,15.5402,0.0,0.0,131.002,0.0,0.0,210.581,76.5325,18.9992,0.0,26.22,0.0,0,2630.9,0.0,0.0,0.0,0.0,0.001526,134.853,0.0,88.621,31.5264,0.0,0.0,37.8483,0.0,0.0,,0.0,0.0,0.0,0.0,1.372,0.0,0.0,570.98,903.039978027,0.0,0.0,0.00153,0.0,146.18,0.0,0.0,0.25433,0.0,195.968,20.6,10.5,51.5431,0.0,0.0,0,90.1167,0.0,622.138,0.0,0.0121,0.0,38.4659,0.0,90.2644,0.1345,0.0,0.0,0.0,0.86583,0.89274,0.64451,0.0,0.0,14.3472,22.41,0.0,127.683,0.0,0.0,0.0
2023-12-09 22:30:00,224.998,2364.61,0.0,0.0,0.73,13.7191,0.0,0.0,131.529,0.0,0.0,208.985,80.9845,19.7958,0.0,26.04,0.0,0,2624.41,0.0,0.0,0.0,0.0,0.001526,138.073,0.0,88.4305,31.1964,0.0,0.0,37.9067,0.0,0.0,,0.0,0.0,0.0,0.0,1.372,0.0,0.0,555.77,866.179992676,0.0,0.0,0.00153,0.0,141.117,0.0,0.0,0.25433,0.0,183.411,19.7,10.5,50.4994,0.0,0.0,0,83.3234,0.0,664.669,0.0,0.0,0.0,38.255,0.0,86.4131,0.0,0.0,0.0,0.0,0.0015,0.04636,0.0,0.0,0.0,14.3472,22.26,0.0,127.628,0.0,0.0,0.0
2023-12-09 22:35:00,222.499,2342.08,0.0,0.0,0.0,13.2543,0.0,0.0,131.463,0.0,0.0,205.377,75.6133,24.9997,0.0,26.42,0.0,0,2571.26,0.0,0.0,0.0,0.0,0.001526,134.733,0.0,88.8305,32.6627,0.0,0.0,37.7006,0.0,0.0,,0.0,0.0,0.0,0.0,1.372,0.0,0.0,556.234,918.16998291,0.0,0.0,0.00153,0.0,143.589,0.0,0.0,0.25433,0.0,155.421,20.0,10.5,50.1369,0.0,0.0,0,86.5351,0.0,665.23,0.0,0.0,0.0,38.2286,0.0,85.9211,0.0,0.0,0.0,0.0,0.0,0.0,0.0,0.0,0.0,14.3472,22.5,0.0,127.646,0.0,0.0,0.0
2023-12-09 22:40:00,224.096,2348.25,0.0,0.0,0.0,13.5328,0.0,0.0,129.432,0.0,0.0,204.073,77.9449,25.6989,0.0,26.14,0.0,0,2513.83,0.0,0.0,0.0,0.0,0.001526,131.743,0.0,88.7606,32.8349,0.0,0.0,37.5837,0.0,0.0,,0.0,0.0,0.0,0.0,1.372,0.0,0.0,557.552,899.780029297,0.0,0.0,0.00153,0.0,139.689,0.0,0.0,0.2041,0.0,158.386,20.0,10.5,50.9938,0.0,0.0,0,82.2467,0.0,612.763,0.0,1.58143,0.0,38.6681,0.0,86.4253,0.0,0.0,0.0,0.0,0.0,0.0,0.0,0.0,0.0,14.3472,22.33,0.0,127.338,0.0,0.0,0.0
2023-12-09 22:45:00,226.595,2353.7,0.0,0.0,0.0,12.1407,0.0,0.0,130.74,0.0,0.0,204.753,72.7337,27.7964,0.0,26.37,0.0,0,2507.68,0.0,0.0,0.0,0.0,0.001526,135.093,0.0,88.6654,31.3455,0.0,0.0,37.9067,0.0,0.0,,0.0,0.0,0.0,0.0,1.372,0.0,0.0,558.7,949.039978027,0.0,0.0,0.00153,0.0,134.278,0.0,0.0,0.21414,0.0,158.753,19.9,10.5,51.2026,0.0,0.0,0,83.6384,0.0,578.68,0.0,1.4958,0.0,36.4708,0.0,82.3566,0.0,0.0,0.0,0.0,0.0,0.1301,0.42918,0.0,0.0,14.5758,22.26,0.0,127.592,0.0,0.0,0.0
2023-12-09 22:50:00,222.698,2343.0,0.0,0.0,0.0,10.8722,0.0,0.0,126.221,0.0,0.0,203.911,73.7237,30.0974,0.0,26.3,0.0,0,2496.62,0.0,0.0,0.0,0.0,0.001526,133.583,0.0,88.6273,31.1416,0.0,0.0,38.1682,0.0,0.0,,0.0,0.0,0.0,0.0,1.372,0.0,0.0,554.794,888.020019531,0.0,0.0,0.00153,0.0,130.771,0.0,0.0,0.28448,0.0,156.804,19.7,10.5,50.5983,0.0,0.0,0,77.9144,0.0,560.491,0.0,0.0,0.0,37.3233,0.0,82.1247,0.0,0.0,0.0,0.0,0.0,0.0,0.0,0.0,0.0,14.5758,22.03,0.0,127.646,0.0,0.0,0.0
2023-12-09 22:55:00,222.997,2353.11,0.0,0.0,0.0,10.9309,0.0,0.0,127.596,0.0,0.0,202.531,77.3333,31.9958,0.0,26.33,0.0,0,2499.31,0.0,0.0,0.0,0.0,0.001526,128.683,0.0,88.5258,31.221,0.0,0.0,37.8483,0.0,0.0,,0.0,0.0,0.0,0.0,1.372,0.0,0.0,558.7,863.390014648,0.0,0.0,0.00153,0.0,126.111,0.0,0.0,0.23424,0.0,162.289,19.7,10.5,51.5541,0.0,0.0,0,83.382,0.0,540.251,0.0,0.10146,0.0,38.589,0.0,81.7084,0.0,0.0,0.0,0.0,0.18393,0.16001,0.0,0.0,0.0,14.5758,22.48,0.0,127.229,0.0,0.0,0.0
2023-12-09 23:00:00,220.997,2327.89,0.0,0.0,0.0,9.56398,0.0,0.0,129.037,0.0,0.0,204.457,74.7832,24.097,0.0,26.41,0.0,0,2488.91,0.0,0.0,0.0,0.0,0.001526,129.473,0.0,88.6019,32.9658,0.0,0.0,38.1682,0.0,0.0,,0.0,0.0,0.0,0.0,1.372,0.0,0.0,545.589,832.820007324,0.0,0.0,0.00153,0.0,125.434,0.0,0.0,0.25433,0.0,159.81,19.7,10.5,50.4335,0.0,0.0,0,81.463,0.0,519.547,0.0,0.0,0.0,38.1056,0.0,79.9823,0.0,0.0,0.0,0.0,0.0,0.0,0.0,0.0,0.0,14.5758,22.35,0.0,127.501,0.0,0.0,0.0
2023-12-09 23:05:00,225.395,2298.23,0.0,0.0,0.0,9.79214,0.0,0.0,129.627,0.0,0.0,204.855,79.7552,18.2956,0.0,26.41,0.0,0,2503.72,0.0,0.0,0.0,0.0,0.001526,134.463,0.0,88.5385,32.942,0.0,0.0,38.3158,0.0,0.0,,0.0,0.0,0.0,0.0,1.372,0.0,0.0,559.481,740.400024414,0.0,0.0,0.00153,0.0,125.772,0.0,0.0,0.25433,0.0,159.284,20.1,10.5,50.9719,0.0,0.0,0,81.2653,0.0,508.39,0.0,0.00093,0.0,37.9649,0.0,84.3146,0.0135,0.0,0.0,0.0,0.0,0.0,0.0,0.0,0.0,14.5758,22.08,0.0,127.773,0.0,0.0,0.0
2023-12-09 23:10:00,224.697,2243.56,0.0,0.0,0.0,8.93182,0.0,0.0,126.154,0.0,0.0,205.232,78.2037,15.1981,0.0,26.39,0.0,0,2507.88,0.0,0.0,0.0,0.0,0.001526,132.463,0.0,88.6083,31.0583,0.0,0.0,37.7314,0.0,0.0,,0.0,0.0,0.0,0.0,1.372,0.0,0.0,565.487,808.940002441,0.0,0.0,0.00153,0.0,113.449,0.0,0.0,0.25433,0.0,158.064,20.4,10.5,50.6313,0.0,0.0,0,79.1485,0.0,503.482,0.0,5.37165,0.0,37.1124,0.0,82.6374,0.0085,0.0,0.0,0.0,0.0,0.0,0.0,0.0,0.0,14.5758,22.41,0.0,127.737,0.0,0.0,0.0
2023-12-09 23:15:00,222.395,2192.17,0.0,0.0,0.0,8.6304,0.0,0.0,126.217,0.0,0.0,201.665,82.8339,31.9958,0.0,26.26,0.0,0,2495.72,0.0,0.0,0.0,0.0,0.001526,136.103,0.0,88.64,33.0967,0.0,0.0,37.9067,0.0,0.0,,0.0,0.0,0.0,0.0,1.372,0.0,0.0,554.745,777.289978027,0.0,0.0,0.00153,0.0,103.891,0.0,0.0,0.22419,0.0,157.087,19.8,10.5,51.2905,0.0,0.0,0,81.2433,0.0,509.757,0.0,0.09587,0.0,38.3517,0.0,83.9362,0.0,0.0,0.0,0.0,0.0,0.0,0.0,0.0,0.0,14.5758,22.21,0.0,127.719,0.0,0.0,0.0
2023-12-09 23:20:00,230.696,2197.93,0.0,0.0,0.0,7.61099,0.0,0.0,123.994,0.0,0.0,204.576,76.6033,31.9958,0.0,26.29,0.0,0,2508.29,0.0,0.0,0.0,0.0,0.001526,135.683,0.0,88.7606,32.7056,0.0,0.0,38.0821,0.0,0.0,,0.0,0.0,0.0,0.0,1.372,0.0,0.0,564.657,740.609985352,0.0,0.0,0.00153,0.0,91.632,0.0,0.0,0.24429,0.0,160.335,20.4,10.3,51.4003,0.0,0.0,0,76.2005,0.0,504.727,0.0,0.11077,0.0,39.1075,0.0,77.6471,0.0285,0.0,0.0,0.0,0.0,0.17795,0.02243,0.0,0.0,14.5758,22.37,0.0,127.284,0.0,0.0,0.0
2023-12-09 23:25:00,228.397,2198.62,0.0,0.0,0.0,6.34249,0.0,0.0,121.24,0.0,0.0,201.068,73.6638,30.7966,0.0,26.37,0.0,0,2504.12,0.0,0.0,0.0,0.0,0.001526,140.213,0.0,88.8305,31.4384,0.0,0.0,38.0236,0.0,0.0,,0.0,0.0,0.0,0.0,1.372,0.0,0.0,562.972,644.799987793,0.0,0.0,0.00153,0.0,87.4571,0.0,0.0,0.27443,0.0,163.142,20.2,10.3,51.1147,0.0,0.0,0,72.4944,0.0,542.375,0.0,0.00093,0.0,39.1515,0.0,76.1553,0.0,0.0,0.0,0.0,0.0,0.0,0.0,0.0,0.0,14.5758,22.33,0.0,127.719,0.0,0.0,0.0
2023-12-09 23:30:00,225.697,2178.84,0.0,0.0,0.0,6.32366,0.0,0.0,114.228,0.0,0.0,204.718,69.135,31.3984,0.0,26.24,0.0,0,2486.88,0.0,0.0,0.0,0.0,0.001526,134.903,0.0,88.5131,31.3717,0.0,0.0,37.8759,0.0,0.0,,0.0,0.0,0.0,0.0,1.372,0.0,0.0,547.762,605.799987793,0.0,0.0,0.00153,0.0,85.3239,0.0,0.0,0.22419,0.0,151.319,19.6,10.7,50.6093,0.0,0.0,0,80.8002,0.0,607.489,0.0,0.0,0.0,36.8839,0.0,72.2466,0.0,0.0,0.0,0.0,0.0,0.0,0.0,0.0,0.0,13.8899,22.05,0.0,127.773,0.0,0.0,0.0
2023-12-09 23:35:00,227.298,2251.28,0.0,0.0,0.0,8.88996,0.0,0.0,112.853,0.0,0.0,204.88,63.8737,38.2972,0.0,26.26,0.0,0,2505.26,0.0,0.0,0.0,0.0,0.001526,138.543,0.0,88.6527,31.2591,0.0,0.0,37.9928,0.0,0.0,,0.0,0.0,0.0,0.0,1.372,0.0,0.0,563.729,498.760009766,0.0,0.0,0.00153,0.0,92.4285,0.0,0.0,0.25433,0.0,142.378,20.4,10.4,48.3021,0.0,0.0,0,79.5038,0.0,599.677,0.0,2.87152,0.0,38.8526,0.0,68.2975,0.0275,0.0,0.0,0.0,0.0,0.0,0.0,0.0,0.0,13.8899,22.41,0.0,127.556,0.0,0.0,0.0
2023-12-09 23:40:00,223.893,2306.09,0.0,0.0,0.0,8.80204,0.0,0.0,107.216,0.0,0.0,204.785,66.2345,47.2979,0.0,26.38,0.0,0,2506.97,0.0,0.0,0.0,0.0,0.001526,135.553,0.0,88.6908,32.9833,0.0,0.0,38.0236,0.0,0.0,,0.0,0.0,0.0,0.0,1.372,0.0,0.0,564.242,484.170013428,0.0,0.0,0.00153,0.0,86.8803,0.0,0.0,0.25433,0.0,142.462,20.2,10.6,47.632,0.0,0.0,0,73.8531,0.0,612.348,0.0,0.0,0.0,37.1212,0.0,62.089,0.0585,0.0,0.0,0.0,0.95256,1.0363,0.39927,0.0,0.0,13.8899,22.26,0.0,127.338,0.0,0.0,0.0
2023-12-09 23:45:00,218.598,2353.92,0.0,0.0,0.0,8.96113,0.0,0.0,106.56,0.0,0.0,204.613,61.8534,59.4979,0.0,26.23,0.0,0,2507.14,0.0,0.0,0.0,0.0,0.001526,132.073,0.0,88.8812,33.0523,0.0,0.0,37.8759,0.0,0.0,,0.0,0.0,0.0,0.0,1.372,0.0,0.0,562.362,511.200012207,0.0,0.0,0.00153,0.0,80.8835,0.0,0.0,0.25433,0.0,140.022,20.1,10.4,47.3463,0.0,0.0,0,68.1767,0.0,577.239,0.0,0.148,0.0,38.879,0.0,56.6226,0.0095,0.0,0.0,0.0,0.30356,0.31852,0.40525,0.0,0.0,13.8899,22.49,0.0,127.519,0.0,0.0,0.0
2023-12-09 23:50:00,219.794,2375.28,0.0,0.0,0.0,8.6911,0.0,0.0,108.591,0.0,0.0,207.576,64.9638,64.9983,0.0,26.32,0.0,0,2499.79,0.0,0.0,0.0,0.0,0.001526,137.113,0.0,88.6464,31.2948,0.0,0.0,37.9344,0.0,0.0,,0.0,0.0,0.0,0.0,1.372,0.0,0.0,553.353,493.209991455,0.0,0.0,0.00153,0.0,71.2703,0.0,0.0,0.23424,0.0,137.83,19.8,10.3,48.0824,0.0,0.0,0,60.4166,0.0,564.275,0.0,0.04002,0.0,38.8878,0.0,52.5893,0.0,0.0,0.0,0.0,0.0,0.0,0.0,0.0,0.0,13.8899,22.29,0.0,127.519,0.0,0.0,0.0
2023-12-09 23:55:00,221.595,2367.42,0.0,0.0,0.0,7.65076,0.0,0.0,108.591,0.0,0.0,205.33,73.1939,70.897,0.0,26.28,0.0,0,2490.03,0.0,0.0,0.0,0.0,0.001526,136.063,0.0,88.3671,31.5669,0.0,0.0,37.7898,0.0,0.0,,0.0,0.0,0.0,0.0,1.372,0.0,0.0,548.544,414.890014648,0.0,0.0,0.00153,0.0,64.7334,0.0,0.0,0.23424,0.0,139.58,19.7,10.3,47.5001,0.0,0.0,0,60.4092,0.0,562.322,0.0,0.0,0.0,38.5538,0.0,46.1146,0.0,0.0,0.0,0.0,0.0,0.0,0.0,0.0,0.0,13.8899,22.21,0.0,127.374,0.0,0.0,0.0
2023-12-10 00:00:00,219.196,2394.89,0.0,0.0,0.0,7.49377,0.0,0.0,113.771,0.0,0.0,204.874,67.7348,64.4983,0.0,26.3,0.0,0,2505.87,0.0,0.0,0.0,0.0,0.001526,135.433,0.0,88.8368,31.3067,0.0,0.0,38.0236,0.0,0.0,,0.0,0.0,0.0,0.0,1.372,0.0,0.0,558.163,385.540008545,0.0,0.0,0.00153,0.0,66.5553,0.0,0.0,0.26438,0.0,141.896,19.7,10.3,47.5001,0.0,0.0,0,68.9567,0.0,542.961,0.0,0.0,0.0,38.8966,0.0,40.7996,0.0,0.0,0.0,0.0,0.11814,0.33048,0.12113,0.0,0.0,13.8899,22.51,0.0,127.32,0.0,0.0,0.0
2023-12-10 00:05:00,217.298,2354.72,0.0,0.0,0.0,6.82185,0.0,0.0,113.111,0.0,0.0,206.079,61.4249,67.2994,0.0,26.29,0.0,0,2431.82,0.0,0.0,0.0,0.0,0.001526,136.963,0.0,88.621,31.6328,0.0,0.0,37.9344,0.0,0.0,,0.0,0.0,0.0,0.0,1.372,0.0,0.0,553.915,484.339996338,0.0,0.0,0.00153,0.0,66.3539,0.0,0.0,0.22419,0.0,99.4844,19.7,10.2,47.7638,0.0,0.0,0,69.8833,0.0,531.388,0.0,0.0,0.0,37.9562,0.0,38.479,0.0,0.0,0.0,0.0,0.0,0.01944,0.0015,0.0,0.0,13.3754,22.14,0.0,127.556,0.0,0.0,0.0
2023-12-10 00:10:00,216.799,2312.44,0.0,0.0,0.0,7.0228,0.0,0.0,120.846,0.0,0.0,199.149,65.0553,73.7999,0.0,26.29,0.0,0,2330.02,0.0,0.0,0.0,0.0,0.001526,137.503,0.0,87.8593,32.6492,0.0,0.0,38.0821,0.0,0.0,,0.0,0.0,0.0,0.0,1.372,0.0,0.0,540.292,521.309997559,0.0,0.0,0.00153,0.0,65.6489,0.0,0.0,0.23424,0.0,91.9265,19.4,10.5,48.39,0.0,0.0,0,72.8606,0.0,582.464,0.0,0.0,0.0,38.2286,0.0,36.9287,0.0,0.0,0.0,0.0,0.0,0.0,0.0,0.0,0.0,14.2328,22.48,0.0,127.211,0.0,0.0,0.0
2023-12-10 00:15:00,212.893,2350.96,0.0,0.0,0.0,8.22222,0.0,0.0,117.639,0.0,0.0,206.619,63.2047,70.897,0.0,26.34,0.0,0,2252.45,0.0,0.0,0.0,0.0,0.001526,135.143,0.0,88.0624,31.8121,0.0,0.0,37.9928,0.0,0.0,,0.0,0.0,0.0,0.0,1.372,0.0,0.0,558.48,554.630004883,0.0,0.0,0.00153,0.0,66.6011,0.0,0.0,0.26438,0.0,87.4632,20.1,10.5,47.4342,0.0,0.0,0,74.8638,0.0,540.08,0.0,0.0,0.0,38.0616,0.0,40.3333,0.0,0.0,0.0,0.0,0.0,0.0,0.0015,0.0,0.0,13.8899,22.26,0.0,127.538,0.0,0.0,0.0
2023-12-10 00:20:00,215.097,2367.83,0.0,0.0,0.0,8.12174,0.0,0.0,115.474,0.0,0.0,207.474,67.924,68.7995,0.0,26.26,0.0,0,2184.26,0.0,0.0,0.0,0.0,0.001526,136.513,0.0,88.0687,33.1269,0.0,0.0,38.1682,0.0,0.0,,0.0,0.0,0.0,0.0,1.372,0.0,0.0,568.319,591.590026855,0.0,0.0,0.00153,0.0,71.078,0.0,0.0,0.21414,0.0,92.7844,20.2,10.5,47.8517,0.0,0.0,0,70.3484,0.0,496.182,0.0,0.20943,0.0,38.7911,0.0,44.8255,0.0815,0.0,0.0,0.0,1.26659,0.04636,0.0,0.0,0.0,14.2328,22.53,0.0,127.483,0.0,0.0,0.0
2023-12-10 00:25:00,212.697,2373.45,0.0,0.0,0.0,7.58169,0.0,0.0,119.865,0.0,0.0,204.892,64.1239,73.499,0.0,26.23,0.0,0,2142.59,0.0,0.0,0.0,0.0,0.001526,137.023,0.0,88.0497,31.5114,0.0,0.0,37.7898,0.0,0.0,,0.0,0.0,0.0,0.0,1.372,0.0,0.0,570.736,563.409973145,0.0,0.0,0.00153,0.0,76.8826,0.0,0.0,0.22419,0.0,96.7618,20.6,10.3,47.3903,0.0,0.0,0,66.8107,0.0,472.085,0.0,0.17406,0.0,38.9054,0.0,48.3265,0.1505,0.0,0.0,0.0,1.82287,0.23777,0.0972,0.0,0.0,14.2328,22.23,0.0,127.664,0.0,0.0,0.0
2023-12-10 00:30:00,216.994,2364.66,0.0,0.0,0.0,7.34306,0.0,0.0,119.08,0.0,0.0,208.209,56.354,76.3974,0.0,26.18,0.0,0,2082.55,0.0,0.0,0.0,0.0,0.001526,135.613,0.0,87.8593,33.0809,0.0,0.0,38.0513,0.0,0.0,,0.0,0.0,0.0,0.0,1.372,0.0,0.0,569.296,583.020019531,0.0,0.0,0.00153,0.0,81.323,0.0,0.0,0.25433,0.0,93.2704,20.6,10.3,47.7418,0.0,0.0,0,63.1815,0.0,461.171,0.0,0.0,0.0,38.923,0.0,46.1573,0.0045,0.0,0.0,0.0,0.94957,0.0,0.0015,0.0,0.0,14.2328,22.18,0.0,127.429,0.0,0.0,0.0
2023-12-10 00:35:00,217.898,2350.28,0.0,0.0,0.0,7.48121,0.0,0.0,117.635,0.0,0.0,204.639,58.7137,91.0977,0.0,26.28,0.0,0,2052.11,0.0,0.0,0.0,0.0,0.001526,135.163,0.0,88.0179,32.9745,0.0,0.0,37.8759,0.0,0.0,,0.0,0.0,0.0,0.0,1.372,0.0,0.0,576.303,489.519989014,0.0,0.0,0.00153,0.0,79.5834,0.0,0.0,0.25433,0.0,80.4309,20.5,10.3,48.0275,0.0,0.0,0,66.3346,0.0,458.364,0.0,4.10948,0.0,38.0177,0.0,47.588,0.0,0.0,0.0,0.0,0.60862,0.02243,0.06131,0.0,0.0,14.2328,22.42,0.0,127.519,0.0,0.0,0.0
2023-12-10 00:40:00,213.497,2311.41,0.0,0.0,0.0,8.37293,0.0,0.0,120.256,0.0,0.0,202.779,59.1336,93.6996,0.0,26.23,0.0,0,2041.93,0.0,0.0,0.0,0.0,0.001526,136.703,0.0,87.9037,34.4694,0.0,0.0,38.2882,0.0,0.0,,0.0,0.0,0.0,0.0,1.372,0.0,0.0,562.728,578.150024414,0.0,0.0,0.00153,0.0,78.1643,0.0,0.0,0.2041,0.0,83.6792,20.2,10.3,48.6976,0.0,0.0,0,62.3941,0.0,462.319,0.0,0.0,0.0,38.211,0.0,47.2694,0.0,0.0,0.0,0.0,0.04337,0.0,0.0,0.0,0.0,14.2328,22.39,0.0,127.519,0.0,0.0,0.0
2023-12-10 00:45:00,218.497,2319.44,0.0,0.0,0.0,8.50062,0.0,0.0,120.322,0.0,0.0,201.187,64.1324,95.6998,0.0,26.38,0.0,0,2048.52,0.0,0.0,0.0,0.0,0.001526,131.523,0.0,87.9799,35.9707,0.0,0.0,38.0821,0.0,0.0,,0.0,0.0,0.0,0.0,1.372,0.0,0.0,565.536,468.799987793,0.0,0.0,0.00153,0.0,76.3241,0.0,0.0,0.23424,0.0,78.2389,20.5,10.4,47.8297,0.0,0.0,0,60.889,0.0,457.631,0.0,0.0,0.0,36.0928,0.0,49.7963,0.0,0.0,0.0,0.0,1.10808,0.0,0.09421,0.0,0.0,14.2328,22.49,0.0,127.266,0.0,0.0,0.0
2023-12-10 00:50:00,216.099,2299.25,0.0,0.0,0.0,7.51261,0.0,0.0,123.139,0.0,0.0,203.563,66.7741,100.598,0.0,26.4,0.0,0,2038.46,0.0,0.0,0.0,0.0,0.001526,131.473,0.0,88.0624,32.9404,0.0,0.0,38.2266,0.0,0.0,,0.0,0.0,0.0,0.0,1.372,0.0,0.0,556.576,458.850006104,0.0,0.0,0.00153,0.0,72.5154,0.0,0.0,0.26438,0.0,83.9619,19.8,10.4,47.9506,0.0,0.0,0,57.4356,0.0,459.511,0.0,0.0,0.0,38.3429,0.0,51.6042,0.0,0.0,0.0,0.0,0.0,0.0,0.0015,0.0,0.0,13.4898,22.41,0.0,127.538,0.0,0.0,0.0
2023-12-10 00:55:00,217.397,2308.21,0.0,0.0,0.0,8.89205,0.0,0.0,121.045,0.0,0.0,205.431,68.6137,101.196,0.0,26.38,0.0,0,1973.69,0.0,0.0,0.0,0.0,0.001526,130.033,0.0,87.9735,34.4615,0.0,0.0,37.9344,0.0,0.0,,0.0,0.0,0.0,0.0,1.372,0.0,0.0,564.706,472.25,0.0,0.0,0.00153,0.0,75.8206,0.0,0.0,0.22419,0.0,82.4196,20.4,10.4,48.3131,0.0,0.0,0,50.9462,0.0,462.075,0.0,0.0,0.0,38.0704,0.0,52.101,0.0,0.0,0.0,0.0,0.40226,0.0,0.0,0.0,0.0,13.4898,22.49,0.0,127.483,0.0,0.0,0.0
2023-12-10 01:00:00,223.296,2292.96,0.0,0.0,0.0,8.45247,0.0,0.0,116.849,0.0,0.0,204.674,67.0036,98.8991,0.0,26.32,0.0,0,1901.52,0.0,0.0,0.0,0.0,0.001526,129.533,0.0,87.9735,34.5845,0.0,0.0,38.0236,0.0,0.0,,0.0,0.0,0.0,0.0,1.372,0.0,0.0,564.584,525.409973145,0.0,0.0,0.00153,0.0,69.3935,0.0,0.0,0.22419,0.0,86.8482,20.4,10.4,47.7528,0.0,0.0,0,54.6926,0.0,458.608,0.0,0.0,0.0,38.2901,0.0,48.119,0.0,0.0,0.0,0.0,0.163,0.1929,0.0,0.0,0.0,13.7756,22.28,0.0,127.429,0.0,0.0,0.0
2023-12-10 01:05:00,221.895,2280.55,0.0,0.0,0.0,7.97103,0.0,0.0,114.685,0.0,0.0,204.567,61.2418,97.2972,0.0,26.34,0.0,0,1862.87,0.0,0.0,0.0,0.0,0.001526,132.773,0.0,87.9862,30.03,0.0,0.0,38.3158,0.0,0.0,,0.0,0.0,0.0,0.0,1.372,0.0,0.0,577.841,596.469970703,0.0,0.0,0.00153,0.0,65.008,0.0,0.0,0.25433,0.0,81.1202,20.7,10.4,50.7521,0.0,0.0,0,51.4186,0.0,458.705,0.0,0.0,0.0,38.5538,0.0,45.8314,0.0,0.0,0.0,0.0,0.7133,0.0314,0.0,0.0,0.0,13.7756,22.33,0.0,127.646,0.0,0.0,0.0
2023-12-10 01:10:00,222.695,2255.28,0.0,0.0,0.0,7.83078,0.0,0.0,107.545,0.0,0.0,208.377,64.2142,102.196,0.0,26.31,0.0,0,1933.99,0.0,0.0,0.0,0.0,0.001526,131.533,0.0,87.9037,32.9714,0.0,0.0,37.9344,0.0,0.0,,0.0,0.0,0.0,0.0,1.372,0.0,0.0,567.074,518.33001709,0.0,0.0,0.00153,0.0,62.829,0.0,0.0,0.23424,0.0,66.5351,20.4,10.3,50.5763,0.0,0.0,0,48.3021,0.0,457.9,0.0,0.0,0.0,38.2374,0.0,45.6642,0.0,0.0,0.0,0.0,0.65647,0.0,0.0,0.0,0.0,13.7756,22.35,0.0,127.465,0.0,0.0,0.0
2023-12-10 01:15:00,223.997,2187.05,0.0,0.0,0.0,7.34097,0.0,0.0,109.9,0.0,0.0,212.86,64.3839,97.6999,0.0,26.38,0.0,0,1892.92,0.0,0.0,0.0,0.0,0.001526,132.193,0.0,88.0624,32.777,0.0,0.0,38.1405,0.0,0.0,,0.0,0.0,0.0,0.0,1.372,0.0,0.0,549.105,580.039978027,0.0,0.0,0.00153,0.0,61.236,0.0,0.0,0.22419,0.0,58.5796,19.5,10.3,50.4665,0.0,0.0,0,47.9762,0.0,462.026,0.0,0.0,0.0,38.7208,0.0,51.6506,0.0,0.0,0.0,0.0,0.0,0.163,0.0015,0.0,0.0,13.7756,22.17,0.0,127.465,0.0,0.0,0.0
2023-12-10 01:20:00,223.5,2150.98,0.0,0.0,0.0,8.06941,0.0,0.0,111.935,0.0,0.0,211.247,70.5132,99.1956,0.0,26.21,0.0,0,1827.42,0.0,0.0,0.0,0.0,0.001526,131.483,0.0,87.8783,33.0515,0.0,0.0,38.4635,0.0,0.0,,0.0,0.0,0.0,0.0,1.372,0.0,0.0,559.725,631.190002441,0.0,0.0,0.00153,0.0,58.352,0.0,0.0,0.22419,0.0,65.5672,20.1,10.5,50.7521,0.0,0.0,0,48.5475,0.0,457.46,0.0,0.0,0.0,37.2794,0.0,54.6181,0.0,0.0,0.0,0.0,0.3903,0.0,0.13907,0.0,0.0,14.2328,22.29,0.0,127.574,0.0,0.0,0.0
2023-12-10 01:25:00,222.798,2136.39,0.0,0.0,0.0,15.6909,0.0,0.0,111.736,0.0,0.0,208.49,73.0547,100.798,0.0,26.32,0.0,0,1752.59,0.0,0.0,0.0,0.0,0.001526,128.493,0.0,88.2528,34.544,0.0,0.0,37.9652,0.0,0.0,,0.0,0.0,0.0,0.0,1.372,0.0,0.0,570.736,649.429992676,0.0,0.0,0.00153,0.0,52.0439,0.0,0.0,0.27443,0.0,59.7946,20.7,10.3,50.038,0.0,0.0,0,50.9096,0.0,460.781,0.0,0.0,0.0,37.1739,0.0,59.4632,0.0,0.0,0.0,0.0,0.90471,0.0,0.0,0.0,0.0,14.2328,22.37,0.0,127.737,0.0,0.0,0.0
2023-12-10 01:30:00,219.999,2138.14,0.0,0.0,0.0,36.2422,0.0,0.0,110.623,0.0,0.0,211.112,69.5354,103.997,0.0,26.29,0.0,0,1733.18,0.0,0.0,0.0,0.0,0.001526,132.073,0.0,87.9354,35.8223,0.0,0.0,37.8483,0.0,0.0,,0.0,0.0,0.0,0.0,1.372,0.0,0.0,568.783,664.41998291,0.0,0.0,0.00153,0.0,50.2037,0.0,0.0,0.23424,0.0,66.5392,20.4,10.5,51.1037,0.0,0.0,0,42.168,0.0,462.856,0.0,0.0,0.0,37.5343,0.0,61.5653,0.0,0.0,0.0,0.0,1.20079,0.26468,0.11814,0.0,0.0,14.2328,22.33,0.0,127.719,0.0,0.0,0.0
2023-12-10 01:35:00,223.495,2108.94,0.0,0.0,0.0,51.1314,0.0,0.0,106.951,0.0,0.0,207.576,68.9043,99.2974,0.0,26.43,0.0,0,1707.89,0.0,0.0,0.0,0.0,0.001526,126.663,0.0,88.0306,36.169,0.0,0.0,38.1405,0.0,0.0,,0.0,0.0,0.0,0.0,1.372,0.0,0.0,570.248,731.75,0.0,0.0,0.00153,0.0,52.8679,0.0,0.0,0.22419,0.0,56.5463,20.8,10.5,51.4882,0.0,0.0,0,39.8096,0.0,460.707,0.0,0.0,0.0,37.9825,0.0,62.3929,0.0,0.0,0.0,0.0,0.54582,0.09421,0.01944,0.0,0.0,14.2328,22.43,0.0,127.574,0.0,0.0,0.0
2023-12-10 01:40:00,220.098,2074.76,0.0,0.0,0.0,41.0923,0.0,0.0,105.97,0.0,0.0,208.521,57.5943,91.4959,0.0,26.17,0.0,0,1779.15,0.0,0.0,0.0,0.0,0.001526,126.033,0.0,88.1132,37.5195,0.0,0.0,38.2266,0.0,0.0,,0.0,0.0,0.0,0.0,1.372,0.0,0.0,561.312,669.840026855,0.0,0.0,0.00153,0.0,50.4051,0.0,0.0,0.28448,0.0,53.784,20.2,10.5,47.3133,0.0,0.0,0,39.9085,0.0,459.438,0.0,0.0,0.0,37.877,0.0,62.0304,0.0,0.0,0.0,0.0,0.27066,0.27964,0.1929,0.0,0.0,14.2328,22.43,0.0,127.538,0.0,0.0,0.0
2023-12-10 01:45:00,221.898,2029.08,0.0,0.0,0.0,48.3118,0.0,0.0,110.424,0.0,0.0,209.207,58.9749,93.6996,0.0,26.18,0.0,0,1736.21,0.0,0.0,0.0,0.0,0.001526,123.103,0.0,88.1258,38.8668,0.0,0.0,37.9652,0.0,0.0,,0.0,0.0,0.0,0.0,1.372,0.0,0.0,561.117,753.349975586,0.0,0.0,0.00153,0.0,48.8487,0.0,0.0,0.25433,0.0,54.1113,19.8,10.5,48.3131,0.0,0.0,0,42.1167,0.0,463.369,0.0,0.0,0.0,36.8487,0.0,59.4278,0.0,0.0,0.0,0.0,0.07327,0.10916,0.08524,0.0,0.0,14.2328,22.36,0.0,127.519,0.0,0.0,0.0
2023-12-10 01:50:00,223.397,1992.14,0.0,0.0,0.09,51.5124,0.0,0.0,108.986,0.0,0.0,213.794,56.1636,95.1997,0.0,26.13,0.0,0,1666.43,0.0,0.0,0.0,0.0,0.001526,123.903,0.0,88.1258,39.1303,0.0,0.0,37.8175,0.0,0.0,,0.0,0.0,0.0,0.0,1.372,0.0,0.0,561.068,764.380004883,0.0,0.0,0.00153,0.0,47.3472,0.0,0.0,0.22419,0.0,49.4794,19.9,10.5,48.0824,0.0,0.0,0,39.1467,0.0,462.197,0.0,0.0,0.0,36.796,0.0,54.7878,0.0,0.0,0.0,0.0,0.0015,0.01645,0.04337,0.0,0.0,14.2328,22.27,0.0,127.683,0.0,0.0,0.0
2023-12-10 01:55:00,222.797,2015.88,0.0,0.0,0.02,59.5608,0.0,0.0,108.982,0.0,0.0,208.568,59.6439,95.1997,0.0,26.33,0.0,0,1644.46,0.0,0.0,0.0,0.0,0.001526,123.613,0.0,87.9926,42.0137,0.0,0.0,38.2266,0.0,0.0,,0.0,0.0,0.0,0.0,1.372,0.0,0.0,565.389,737.859985352,0.0,0.0,0.00153,0.0,41.4603,0.0,0.0,0.2041,0.0,55.976,20.3,10.4,48.2362,0.0,0.0,0,40.1685,0.0,456.874,0.0,0.0,0.0,35.0645,0.0,54.0578,0.0,0.0,0.0,0.0,0.80601,0.21683,0.0,0.0,0.0,14.2328,22.38,0.0,127.538,0.0,0.0,0.0
2023-12-10 02:00:00,222.395,2017.15,0.0,0.0,0.14,56.2514,0.0,0.0,104.005,0.0,0.0,205.188,60.2835,93.3987,0.0,26.26,0.0,0,1592.94,0.0,0.0,0.0,0.0,0.001526,122.523,0.0,88.2147,41.8899,0.0,0.0,38.3158,0.0,0.0,,0.0,0.0,0.0,0.0,1.372,0.0,0.0,568.392,811.030029297,0.0,0.0,0.00153,0.0,37.734,0.0,0.0,0.28448,0.0,56.3033,20.6,10.4,47.7858,0.0,0.0,0,45.4676,0.0,461.245,0.0,0.0,0.0,36.5938,0.0,50.8583,0.0,0.0,0.0,0.0,1.61352,0.0,0.0,0.0,0.0,14.2328,22.45,0.0,127.664,0.0,0.0,0.0
2023-12-10 02:05:00,221.894,1970.83,0.0,0.0,0.06,55.6423,0.0,0.0,101.185,0.0,0.0,200.89,63.1547,93.0978,0.0,26.29,0.0,0,1650.29,0.0,0.0,0.0,0.0,0.001526,119.433,0.0,88.0624,41.982,0.0,0.0,37.9067,0.0,0.0,,0.0,0.0,0.0,0.0,1.372,0.0,0.0,559.872,796.659973145,0.0,0.0,0.00153,0.0,39.556,0.0,0.0,0.22419,0.0,40.8651,19.9,10.4,43.8636,0.0,0.0,0,42.9737,0.0,462.709,0.0,0.0,0.0,35.3282,0.0,53.4597,0.0,0.0,0.0,0.0,0.0,0.0,0.0,0.0,0.0,14.2328,22.55,0.0,127.664,0.0,0.0,0.0
2023-12-10 02:10:00,217.997,1940.04,0.0,0.0,0.59,55.0122,0.0,0.0,102.892,0.0,0.0,197.264,65.4643,95.9963,0.0,26.0,0.0,0,1608.86,0.0,0.0,0.0,0.0,0.001526,122.973,0.0,88.1195,41.9582,0.0,0.0,38.1405,0.0,0.0,,0.0,0.0,0.0,0.0,1.372,0.0,0.0,556.356,891.719970703,0.0,0.0,0.00153,0.0,40.5264,0.0,0.0,0.22419,0.0,39.0352,19.8,10.4,44.358,0.0,0.0,0,42.1753,0.0,462.392,0.0,0.0,0.0,35.1172,0.0,52.8969,0.0,0.0,0.0,0.0,0.0,0.08524,0.0,0.0,0.0,14.2328,22.28,0.0,127.719,0.0,0.0,0.0
2023-12-10 02:15:00,222.298,1906.74,0.0,0.0,0.67,55.0625,0.0,0.0,100.728,0.0,0.0,199.2,62.5736,97.5982,0.0,26.34,0.0,0,1536.55,0.0,0.0,0.0,0.0,0.001526,121.803,0.0,88.0306,41.8725,0.0,0.0,38.1405,0.0,0.0,,0.0,0.0,0.0,0.0,1.372,0.0,0.0,560.385,917.409973145,0.0,0.0,0.00153,0.0,44.8936,0.0,0.0,0.26438,0.0,28.6753,19.8,10.4,44.2261,0.0,0.0,0,49.1444,0.0,461.733,0.0,0.0,0.0,34.7569,0.0,48.2509,0.0,0.0,0.0,0.0,0.0,0.0,0.0,0.0,0.0,14.2328,22.33,0.0,127.809,0.0,0.0,0.0
2023-12-10 02:20:00,222.095,1958.55,0.0,0.0,0.16,56.5005,0.0,0.0,98.3687,0.0,0.0,197.974,54.2934,92.8987,0.0,26.19,0.0,0,1470.38,0.0,0.0,0.0,0.0,0.001526,123.453,0.0,88.1068,41.8447,0.0,0.0,37.9928,0.0,0.0,,0.0,0.0,0.0,0.0,1.372,0.0,0.0,573.397,951.979980469,0.0,0.0,0.00153,0.0,48.8579,0.0,0.0,0.24429,0.0,1.82089,20.7,10.4,43.512,0.0,0.0,0,49.5619,0.0,465.517,0.0,0.0,0.0,33.5,0.0,50.4091,0.0,0.0,0.0,0.0,1.32641,0.0,0.0,0.0,0.0,14.2328,22.21,0.0,127.664,0.0,0.0,0.0
2023-12-10 02:25:00,221.697,1940.51,0.0,0.0,0.0,55.8621,0.0,0.0,99.6148,0.0,0.0,194.153,53.0434,89.5975,0.0,26.01,0.0,0,1448.8,0.0,0.0,0.0,0.0,0.001526,120.893,0.0,88.2274,41.9852,0.0,0.0,37.7314,0.0,0.0,,0.0,0.0,0.0,0.0,1.372,0.0,0.0,565.438,930.25,0.0,0.0,0.00153,0.0,53.463,0.0,0.0,0.22419,0.0,12.8354,20.4,10.4,43.9185,0.0,0.0,0,51.7079,0.0,460.707,0.0,0.06423,0.0,32.6826,0.0,54.8,0.0685,0.0,0.0,0.0,0.92863,0.0,0.0,0.0,0.0,14.2328,22.22,0.0,127.628,0.0,0.0,0.0
2023-12-10 02:30:00,220.497,1940.07,0.0,0.0,0.0,55.9814,0.0,0.0,98.8921,0.0,0.0,196.036,46.9435,87.4956,0.0,26.2,0.0,0,1447.95,0.0,0.0,0.0,0.0,0.001526,125.823,0.0,87.8973,42.1042,0.0,0.0,38.1405,0.0,0.0,,0.0,0.0,0.0,0.0,1.372,0.0,0.0,563.046,888.5,0.0,0.0,0.00153,0.0,61.7761,0.0,0.0,0.21414,0.0,48.8694,20.1,10.4,44.1382,0.0,0.0,0,49.2177,0.0,461.928,0.0,0.0,0.0,34.5635,0.0,59.4729,0.0,0.0,0.0,0.0,0.44712,0.04038,0.01047,0.0,0.0,13.8327,22.41,0.0,127.556,0.0,0.0,0.0
2023-12-10 02:35:00,222.998,1916.09,0.0,0.0,0.0,55.2132,0.0,0.0,96.1421,0.0,0.0,197.725,49.3129,85.2963,0.0,26.24,0.0,0,1431.15,0.0,0.0,0.0,0.0,0.001526,126.223,0.0,88.183,42.055,0.0,0.0,38.1682,0.0,0.0,,0.0,0.0,0.0,0.0,1.372,0.0,0.0,559.286,878.890014648,0.0,0.0,0.00153,0.0,64.184,0.0,0.0,0.26438,0.0,80.1077,19.7,10.4,47.4232,0.0,0.0,0,47.5441,0.0,457.875,0.0,0.0,0.0,30.9336,0.0,59.8599,0.0,0.0,0.0,0.0,0.0,0.05533,0.0015,0.0,0.0,13.8327,22.35,0.0,127.556,0.0,0.0,0.0
2023-12-10 02:40:00,224.0,1871.93,0.0,0.0,0.0,55.6004,0.0,0.0,88.2748,0.0,0.0,192.563,53.2558,89.9958,0.0,26.2,0.0,0,1414.6,0.0,0.0,0.0,0.0,0.001526,121.613,0.0,90.6586,41.8876,0.0,0.0,37.8759,0.0,0.0,,0.0,0.0,0.0,0.0,1.372,0.0,0.0,556.405,913.340026855,0.0,0.0,0.00153,0.0,59.8169,0.0,0.0,0.24429,0.0,77.9554,19.6,10.4,47.3463,0.0,0.0,0,47.3207,0.0,458.998,0.0,0.0,0.0,30.582,0.0,59.5438,0.0,0.0,0.0,0.0,0.05832,0.0,0.0,0.0,0.0,13.8327,22.48,0.0,127.701,0.0,0.0,0.0
2023-12-10 02:45:00,215.995,1857.52,0.0,0.0,0.95,55.8621,0.0,0.0,89.3881,0.0,0.0,193.509,53.1936,93.6996,0.0,25.66,0.0,0,1427.24,0.0,0.0,0.0,0.0,0.001526,126.393,0.0,88.2147,41.9685,0.0,0.0,38.0513,0.0,0.0,,0.0,0.0,0.0,0.0,1.372,0.0,0.0,566.683,944.239990234,0.0,0.0,0.00153,0.0,52.1447,0.0,0.0,0.22419,0.0,81.774,20.4,10.4,48.0165,0.0,0.0,0,45.1417,0.0,460.854,0.0,0.03816,0.0,31.6719,0.0,55.7607,0.0655,0.0,0.0,0.0,0.82396,0.07327,0.0314,0.0,0.0,13.8327,22.29,0.0,127.628,0.0,0.0,0.0
2023-12-10 02:50:00,217.898,1857.87,0.0,0.0,1.61,56.4901,0.0,0.0,83.2942,0.0,0.0,187.044,53.2436,94.9962,0.0,26.05,0.0,0,1480.59,0.0,0.0,0.0,0.0,0.001526,126.213,0.0,88.0814,41.6995,0.0,0.0,38.0236,0.0,0.0,,0.0,0.0,0.0,0.0,1.372,0.0,0.0,576.938,905.359985352,0.0,0.0,0.00153,0.0,45.3147,0.0,0.0,0.26438,0.0,81.9774,20.7,10.4,47.9725,0.0,0.0,0,45.9181,0.0,460.39,0.0,0.3565,0.0,30.5996,0.0,51.1501,0.2475,0.0,0.0,0.0,1.97241,0.0,0.02841,0.0,0.0,13.8327,22.43,0.0,127.61,0.0,0.0,0.0
2023-12-10 02:55:00,214.397,1843.51,0.0,0.0,2.23,55.4707,0.0,0.0,78.9035,0.0,0.0,188.205,50.6239,97.1999,0.0,26.13,0.0,0,1554.42,0.0,0.0,0.0,0.0,0.001526,125.283,0.0,88.2401,41.7479,0.0,0.0,38.1682,0.0,0.0,,0.0,0.0,0.0,0.0,1.372,0.0,0.0,567.123,873.989990234,0.0,0.0,0.00153,0.0,40.1602,0.0,0.0,0.24429,0.0,40.2551,20.7,10.4,47.2035,0.0,0.0,0,47.0131,0.0,464.882,0.0,1.36362,0.0,30.0195,0.0,41.427,0.0235,0.0,0.0,0.0,0.78807,0.0,0.0,0.0,0.0,13.8327,22.34,0.0,127.809,0.0,0.0,0.0
2023-12-10 03:00:00,216.796,1836.28,0.0,0.0,1.9,55.8119,0.0,0.0,71.5011,0.0,0.0,178.254,47.6625,96.2972,0.0,26.18,0.0,0,1578.98,0.0,0.0,0.0,0.0,0.001526,123.203,0.0,87.9862,41.8939,0.0,0.0,38.1405,0.0,0.0,,0.0,0.0,0.0,0.0,1.372,0.0,0.0,567.099,919.090026855,0.0,0.0,0.00153,0.0,35.5825,0.0,0.0,0.2041,0.0,41.223,20.4,10.4,47.0826,0.0,0.0,0,42.9041,0.0,462.123,0.0,0.20943,0.0,28.4726,0.0,33.7694,0.0,0.0,0.0,0.0,0.6146,0.0,0.01645,0.0,0.0,13.8327,22.38,0.0,127.701,0.0,0.0,0.0
2023-12-10 03:05:00,218.699,1824.66,0.0,0.0,1.12,55.9354,0.0,0.0,64.8135,0.0,0.0,170.861,48.9454,88.9957,0.0,26.08,0.0,0,1570.14,0.0,0.0,0.0,0.0,0.001526,119.843,0.0,88.0751,42.1248,0.0,0.0,37.9067,0.0,0.0,,0.0,0.0,0.0,0.0,1.372,0.0,0.0,565.927,896.039978027,0.0,0.0,0.00153,0.0,31.957,0.0,0.0,0.23424,0.0,41.5107,20.4,10.4,47.3683,0.0,0.0,0,41.0803,0.0,461.22,0.0,4.09273,0.0,29.0703,0.0,29.3675,0.1025,0.0,0.0,0.0,0.78209,0.01346,0.0,0.0,0.0,13.8327,22.46,0.0,127.628,0.0,0.0,0.0
2023-12-10 03:10:00,216.094,1788.24,0.0,0.0,0.54,54.5015,0.0,0.0,66.6495,0.0,0.0,175.729,48.954,91.7968,0.0,25.58,0.0,0,1554.71,0.0,0.0,0.0,0.0,0.001526,114.653,0.0,88.0751,41.7321,0.0,0.0,37.7898,0.0,0.0,,0.0,0.0,0.0,0.0,1.372,0.0,0.0,543.587,900.320007324,0.0,0.0,0.00153,0.0,30.9956,0.0,0.0,0.26438,0.0,38.5095,19.4,10.4,48.3241,0.0,0.0,0,42.3841,0.0,459.78,0.0,0.0,0.0,28.9033,0.0,23.5434,0.0,0.0,0.0,0.0,0.0,0.0,0.04935,0.0,0.0,14.1757,22.43,0.0,127.592,0.0,0.0,0.0
2023-12-10 03:15:00,217.096,1790.55,0.0,0.0,0.45,54.4806,0.0,0.0,76.1535,0.0,0.0,188.473,53.3046,89.5975,0.0,25.64,0.0,0,1556.98,0.0,0.0,0.0,0.0,0.001526,116.093,0.0,87.7323,41.7352,0.0,0.0,38.2574,0.0,0.0,,0.0,0.0,0.0,0.0,1.372,0.0,0.0,549.862,874.450012207,0.0,0.0,0.00153,0.0,28.6152,0.0,0.0,0.25433,0.0,38.9558,19.7,10.4,47.7198,0.0,0.0,0,47.8517,0.0,463.369,0.0,0.0,0.0,32.3311,0.0,19.9557,0.0,0.0,0.0,0.0,0.0,0.0,0.0,0.0,0.0,13.8327,22.3,0.0,127.556,0.0,0.0,0.0
2023-12-10 03:20:00,215.399,1833.62,0.0,0.0,0.79,56.6115,0.0,0.0,82.8333,0.0,0.0,187.355,54.5046,90.3985,0.0,25.56,0.0,0,1567.77,0.0,0.0,0.0,0.0,0.001526,118.573,0.0,88.3226,41.8312,0.0,0.0,38.199,0.0,0.0,,0.0,0.0,0.0,0.0,1.372,0.0,0.0,572.128,913.039978027,0.0,0.0,0.00153,0.0,26.3539,0.0,0.0,0.21414,0.0,41.1081,20.6,10.4,48.7636,0.0,0.0,0,43.9954,0.0,460.585,0.0,3.71482,0.0,33.6934,0.0,13.243,1.21048,0.0,0.0,0.0,1.76007,0.10617,0.0,0.0,0.0,13.8327,22.34,0.0,127.737,0.0,0.0,0.0
2023-12-10 03:25:00,216.897,1818.51,0.0,0.0,0.75,56.22,0.0,0.0,80.2825,0.0,0.0,182.629,53.7734,91.996,0.0,25.77,0.0,0,1570.78,0.0,0.0,0.0,0.0,0.001526,117.953,0.0,88.1957,41.7551,0.0,0.0,37.9344,0.0,0.0,,0.0,0.0,0.0,0.0,1.372,0.0,0.0,562.924,902.729980469,0.0,0.0,0.00153,0.0,24.3763,0.0,0.0,0.25433,0.0,40.3791,20.5,10.4,47.7528,0.0,0.0,0,48.639,0.0,460.683,0.0,1.27985,0.0,34.1329,0.0,8.17029,0.2055,0.0,0.0,0.0,0.68638,0.30057,0.04935,0.0,0.0,13.8327,22.36,0.0,127.646,0.0,0.0,0.0
2023-12-10 03:30:00,222.894,1813.58,0.0,0.0,0.86,55.3911,0.0,0.0,67.8956,0.0,0.0,174.527,60.784,93.4961,0.0,26.31,0.0,0,1568.92,0.0,0.0,0.0,0.0,0.001526,118.043,0.0,87.8085,41.7265,0.0,0.0,37.9652,0.0,0.0,,0.0,0.0,0.0,0.0,1.372,0.0,0.0,559.261,931.549987793,0.0,0.0,0.00153,0.0,24.7974,0.0,0.0,0.23424,0.0,40.1758,20.1,10.4,48.6647,0.0,0.0,0,41.5271,0.0,464.785,0.0,0.0,0.0,33.1748,0.0,3.59625,0.0205,0.0,0.0,0.0,0.17197,0.18094,0.02243,0.0,0.0,13.8327,22.5,0.0,127.556,0.0,0.0,0.0
2023-12-10 03:35:00,219.794,1777.52,0.0,0.0,0.91,54.6334,0.0,0.0,61.8642,0.0,0.0,174.682,63.5636,95.4962,0.0,25.97,0.0,0,1559.96,0.0,0.0,0.0,0.0,0.001526,120.433,0.0,88.0687,41.6757,0.0,0.0,37.8175,0.0,0.0,,0.0,0.0,0.0,0.0,1.372,0.0,0.0,552.474,979.400024414,0.0,0.0,0.00153,0.0,26.894,0.0,0.0,0.23424,0.0,39.1988,19.7,10.4,48.3021,0.0,0.0,0,39.2785,0.0,460.683,0.0,0.0,0.0,32.208,0.0,0.85878,0.0,0.0,0.0,0.0,0.0015,0.0643,0.0015,0.0,0.0,13.8327,22.28,0.0,127.519,0.0,0.0,0.0
2023-12-10 03:40:00,220.796,1776.25,0.0,0.0,1.25,55.6821,0.0,0.0,57.8681,0.0,0.0,169.662,59.4546,95.098,0.0,25.87,0.0,0,1562.96,0.0,0.0,0.0,0.0,0.001526,123.493,0.0,87.9481,41.7812,0.0,0.0,37.9344,0.0,0.0,,0.0,0.0,0.0,0.0,1.372,0.0,0.0,555.453,997.260009766,0.0,0.0,0.00153,0.0,29.659,0.0,0.0,0.22419,0.0,39.1591,20.0,10.4,47.1266,0.0,0.0,0,42.5562,0.0,462.441,0.0,0.0,0.0,29.7734,0.0,0.21546,0.0095,0.0,0.0,0.0,0.0,0.0015,0.07028,0.0,0.0,13.8327,22.15,0.0,127.737,0.0,0.0,0.0
2023-12-10 03:45:00,219.097,1773.83,0.0,0.0,2.18,55.1923,0.0,0.0,54.6571,0.0,0.0,172.731,55.6338,94.6997,0.0,25.7,0.0,0,1561.28,0.0,0.0,0.0,0.0,0.001526,122.593,0.0,87.0848,42.1002,0.0,0.0,37.8759,0.0,0.0,,0.0,0.0,0.0,0.0,1.372,0.0,0.0,554.965,957.619995117,0.0,0.0,0.00153,0.0,32.4056,0.0,0.0,0.26438,0.0,39.7691,20.0,10.4,48.0384,0.0,0.0,0,37.0117,0.0,462.05,0.0,0.0,0.0,29.4482,0.0,0.0,0.0,0.0,0.0,0.0,0.0643,0.04636,0.0015,0.0,0.0,13.8327,22.3,0.0,127.574,0.0,0.0,0.0
2023-12-10 03:50:00,219.695,1777.64,0.0,0.0,3.64,55.232,0.0,0.0,54.7196,0.0,0.0,169.621,56.1123,94.0979,0.0,25.61,0.0,0,1569.21,0.0,0.0,0.0,0.0,0.001526,124.793,0.0,87.9164,41.6971,0.0,0.0,37.9344,0.0,0.0,,0.0,0.0,0.0,0.0,1.372,0.0,0.0,559.506,943.190002441,0.0,0.0,0.00153,0.0,35.436,0.0,0.0,0.23424,0.0,39.4021,19.9,10.4,48.1593,0.0,0.0,0,34.7485,0.0,461.708,0.0,0.0,0.0,26.6532,0.0,0.44251,0.0,0.0,0.0,0.0,0.22879,0.0,0.0,0.0,0.0,13.8327,22.31,0.0,127.356,0.0,0.0,0.0
2023-12-10 03:55:00,221.995,1782.6,0.0,0.0,5.73,55.4811,0.0,0.0,53.0164,0.0,0.0,164.007,64.3131,96.3989,0.0,25.46,0.0,0,1567.55,0.0,0.0,0.0,0.0,0.001526,128.603,0.0,88.1322,41.6638,0.0,0.0,37.8759,0.0,0.0,,0.0,0.0,0.0,0.0,1.372,0.0,0.0,560.165,992.109985352,0.0,0.0,0.00153,0.0,35.8846,0.0,0.0,0.22419,0.0,40.4585,20.0,10.4,48.6427,0.0,0.0,0,30.1195,0.0,461.782,0.0,0.0363,0.0,26.1874,0.0,1.34768,0.0055,0.0,0.0,0.0,0.05832,0.06131,0.0,0.0,0.0,13.8327,22.17,0.0,127.429,0.0,0.0,0.0
2023-12-10 04:00:00,221.596,1788.65,0.0,0.0,9.79,55.8914,0.0,0.0,52.4969,0.0,0.0,166.958,56.0146,94.7971,0.0,26.01,0.0,0,1602.25,0.0,0.0,0.0,0.0,0.001526,128.653,0.0,87.9164,41.7995,0.0,0.0,37.8483,0.0,0.0,,0.0,0.0,0.0,0.0,1.372,0.0,0.0,564.828,941.33001709,0.0,0.0,0.00153,0.0,34.7036,0.0,0.0,0.24429,0.0,40.0121,20.6,10.6,47.7308,0.0,0.0,0,29.3101,0.0,459.218,0.0,2.5476,0.0,26.1698,0.0,1.85428,0.55849,0.0,0.0,0.0,0.62956,0.0,0.0,0.0,0.0,14.5186,22.26,0.0,127.574,0.0,0.0,0.0
2023-12-10 04:05:00,219.394,1826.0,0.0,0.0,10.93,63.0607,0.0,0.0,54.0672,0.0,0.0,163.693,52.3537,94.8988,0.0,26.14,0.0,0,1679.27,0.0,0.0,0.0,0.0,0.001526,122.473,0.0,88.0687,41.3313,0.0,0.0,38.0821,0.0,0.0,,0.0,0.0,0.0,0.0,1.372,0.0,0.0,562.997,791.590026855,0.0,0.0,0.00153,0.0,34.3923,0.0,0.0,0.22419,0.0,30.4259,1.0,10.6,47.9066,0.0,0.0,0,28.4166,0.0,461.147,0.0,8.82678,0.0,24.5438,0.0,2.2327,1.11348,0.0,0.0,0.0,0.07626,0.0,0.0,0.0,0.0,14.5186,22.31,0.0,127.519,0.0,0.0,0.0
2023-12-10 04:10:00,221.399,1864.02,0.0,0.0,10.71,63.3433,0.0,0.0,52.2938,0.0,0.0,164.433,51.4235,95.098,0.0,26.13,0.0,0,1691.8,0.0,0.0,0.0,0.0,0.001526,121.453,0.0,88.056,41.2599,0.0,0.0,38.0821,0.0,0.0,,0.0,0.0,0.0,0.0,1.372,0.0,0.0,562.264,786.030029297,0.0,0.0,0.00153,0.0,33.962,0.0,0.0,0.25433,0.0,0.23888,0.0,10.3,47.8077,0.0,0.0,0,30.7274,0.0,463.735,0.0,6.36574,0.0,27.6904,0.0,4.99031,1.08948,0.0,0.0,0.0,0.0015,0.0,0.0,0.0,0.0,14.5186,22.27,0.0,127.61,0.0,0.0,0.0
2023-12-10 04:15:00,216.996,1934.53,0.0,0.0,8.62,63.4815,0.0,0.0,45.614,0.0,0.0,158.506,47.8724,93.5978,0.0,25.85,0.0,0,1714.58,0.0,0.0,0.0,0.0,0.001526,122.673,0.0,88.0179,39.8833,0.0,0.0,38.1682,0.0,0.0,,0.0,0.0,0.0,0.0,1.372,0.0,0.0,572.982,753.090026855,0.0,0.0,0.00153,0.0,31.0048,0.0,0.0,0.25433,0.0,0.0,0.0,10.6,47.61,0.0,0.0,0,30.1341,0.0,462.197,0.0,20.5604,0.0,26.5214,0.0,7.06859,3.09645,0.0,0.0,0.0,0.53983,0.0,0.08524,0.0,0.0,14.5186,22.29,0.0,127.501,0.0,0.0,0.0
2023-12-10 04:20:00,222.196,1961.6,0.0,0.0,5.64,63.672,0.0,0.0,51.3172,0.0,0.0,151.81,48.0348,87.7965,0.0,25.23,0.0,0,1704.69,0.0,0.0,0.0,0.0,0.001526,119.563,0.0,88.056,40.4157,0.0,0.0,38.0236,0.0,0.0,,0.0,0.0,0.0,0.0,1.372,0.0,0.0,559.799,775.630004883,0.0,0.0,0.00153,0.0,32.0394,0.0,0.0,0.23424,0.0,0.0,0.0,10.3,48.2142,0.0,0.0,0,24.4981,0.0,465.493,0.0,13.9089,0.0,26.2489,0.0,10.1448,1.81547,0.0,0.0,0.0,0.04337,0.0,0.0015,0.0,0.0,14.5186,22.43,0.0,127.592,0.0,0.0,0.0
2023-12-10 04:25:00,216.798,1993.59,0.0,0.0,4.27,62.8723,0.0,0.0,53.3446,0.0,0.0,156.672,48.5341,86.3982,0.0,25.48,0.0,0,1693.53,0.0,0.0,0.0,0.0,0.001526,119.133,0.0,88.0624,39.9166,0.0,0.0,38.1097,0.0,0.0,,0.0,0.0,0.0,0.0,1.372,0.0,0.0,551.254,775.429992676,0.0,0.0,0.00153,0.0,34.3008,0.0,0.0,0.23424,0.0,0.0,0.0,10.4,46.9618,0.0,0.0,0,23.2346,0.0,459.804,0.0,12.3657,0.0,27.6376,0.0,16.5683,2.20647,0.0,0.0,0.0,0.0,0.0015,0.05234,0.0,0.0,14.5186,22.24,0.0,127.61,0.0,0.0,0.0
2023-12-10 04:30:00,215.593,2011.8,0.0,0.0,3.69,60.6723,0.0,0.0,58.7821,0.0,0.0,160.563,54.634,85.5972,0.0,25.47,0.0,0,1682.3,0.0,0.0,0.0,0.0,0.001526,119.013,0.0,87.9545,40.3974,0.0,0.0,38.1682,0.0,0.0,,0.0,0.0,0.0,0.0,1.372,0.0,0.0,547.787,723.650024414,0.0,0.0,0.00153,0.0,37.7615,0.0,0.0,0.2041,0.0,0.0,0.0,10.4,47.555,0.0,0.0,0,26.3108,0.0,460.048,0.0,4.97885,0.0,25.2645,0.0,24.8985,1.02948,0.0,0.0,0.0,0.0,0.0,0.0,0.0,0.0,14.5186,22.35,0.0,127.61,0.0,0.0,0.0
2023-12-10 04:35:00,218.699,2042.12,0.0,0.0,2.99,63.0021,0.0,0.0,61.8642,0.0,0.0,159.649,47.9933,82.3979,0.0,25.56,0.0,0,1711.77,0.0,0.0,0.0,0.0,0.001526,116.563,0.0,88.0497,41.3155,0.0,0.0,37.8759,0.0,0.0,,0.0,0.0,0.0,0.0,1.372,0.0,0.0,570.053,707.729980469,0.0,0.0,0.00153,0.0,41.7716,0.0,0.0,0.26438,0.0,0.0,0.0,10.4,47.8517,0.0,0.0,0,26.9224,0.0,461.928,0.0,12.2056,0.0,27.541,0.0,30.3954,2.94945,0.0,0.0,0.0,0.21384,0.0,0.0,0.0,0.0,14.5186,22.28,0.0,127.501,0.0,0.0,0.0
2023-12-10 04:40:00,218.797,2000.15,0.0,0.0,2.52,61.5808,0.0,0.0,61.3408,0.0,0.0,159.458,54.634,79.6985,0.0,25.93,0.0,0,1707.79,0.0,0.0,0.0,0.0,0.001526,116.253,0.0,88.1513,41.4908,0.0,0.0,37.8759,0.0,0.0,,0.0,0.0,0.0,0.0,1.372,0.0,0.0,548.397,736.41998291,0.0,0.0,0.00153,0.0,43.3188,0.0,0.0,0.21414,0.0,0.0,0.0,10.4,47.5111,0.0,0.0,0,30.537,0.0,459.633,0.0,10.2453,0.0,30.1074,0.0,33.1493,1.60648,0.0,0.0,0.0,0.0,0.06131,0.0,0.0,0.0,14.5186,22.23,0.0,125.061,0.0,0.0,0.0
2023-12-10 04:45:00,218.499,1999.74,0.0,0.0,2.13,62.3825,0.0,0.0,62.7158,0.0,0.0,154.752,47.3939,78.5967,0.0,26.18,0.0,0,1692.16,0.0,0.0,0.0,0.0,0.001526,116.783,0.0,88.0243,41.8614,0.0,0.0,37.9928,0.0,0.0,,0.0,0.0,0.0,0.60277,1.372,0.0,0.0,554.427,673.270019531,0.0,0.0,0.00153,0.0,44.3442,0.0,0.0,0.25433,0.0,0.0,0.0,10.7,47.2474,0.0,0.0,0,27.2044,0.0,463.71,0.0,21.912,0.0,30.5556,0.0,39.3372,2.02147,0.0,0.0,0.0,0.0,0.0,0.08823,0.0,0.0,14.4043,22.53,0.0,127.809,0.0,0.0,0.0
2023-12-10 04:50:00,218.297,1989.41,0.0,0.0,2.31,62.573,0.0,0.0,67.7628,0.0,0.0,155.407,47.3536,77.2957,0.0,26.42,0.0,0,1684.89,0.0,0.0,0.0,0.0,0.001526,115.113,0.0,88.0243,41.1187,0.0,0.0,37.8483,0.0,0.0,,0.0,0.0,0.0,1.05024,1.372,0.0,0.0,551.962,706.320007324,0.0,0.0,0.00153,0.0,39.7482,0.0,0.0,0.25433,0.0,0.0,0.0,10.4,48.1703,0.0,0.0,0,28.2042,0.0,458.657,0.0,6.43648,0.0,28.5693,0.08057,39.5911,1.25748,0.0,2.05997,0.0,0.0,0.0,0.0,0.0,0.0,14.4043,22.41,0.0,127.592,0.0,0.0,0.0
2023-12-10 04:55:00,215.396,1997.32,0.0,0.0,2.53,62.8702,0.0,0.0,68.7471,0.0,0.0,143.656,49.0541,77.7958,0.0,26.34,0.0,0,1674.61,0.0,0.0,0.0,0.0,0.001526,115.573,0.0,88.1893,41.5916,0.0,0.0,37.7898,0.0,0.0,,0.0,0.0,0.0,2.16629,1.372,0.0,0.0,555.502,712.130004883,0.0,0.0,0.09918,0.0,36.8643,0.1122,0.0,0.23424,0.0,0.0,0.0,10.4,48.8734,0.0,0.0,0,29.6031,0.0,460.805,0.0,22.046,0.0,29.5625,0.11963,40.1953,1.49848,0.0,4.55024,0.0,0.0,0.0,0.0015,0.0,0.0,14.4043,22.21,0.0,127.574,0.0,0.0,0.0
2023-12-10 05:00:00,214.896,1972.56,0.0,0.0,2.24,61.6708,0.58045,0.0,67.6299,0.0,0.0,151.171,50.6044,74.8,0.0,25.9,0.0,0,1673.39,0.0,0.0,1.09018,0.2356,0.001526,118.143,0.0,88.0941,41.659,0.0,0.02098,37.9344,0.0,0.0,,0.0,0.0,0.0,0.27638,1.372,0.0,0.0,544.393,699.150024414,0.27,0.0,0.19989,0.0,38.4756,0.0311,0.0,0.21414,0.0,0.0,0.0,10.4,47.4891,0.0,0.0,0,27.5743,0.0,459.243,0.0,0.43655,0.0,31.874,0.19044,37.9626,0.0,0.0,8.14831,0.0,0.0,0.0,0.0,0.0,0.0,14.4043,22.46,0.0,127.139,0.0,0.0,0.0
2023-12-10 05:05:00,219.095,2002.89,0.75006,0.0,2.5,62.9519,0.0,0.0,64.0947,0.0,0.0,165.353,47.8846,74.5964,0.0,26.04,0.0,0,1618.48,0.0,0.0,1.75486,0.53834,0.099184,117.833,0.0,87.1229,40.9243,0.0,0.13974,38.1682,0.0,0.0,,0.0,0.0,0.0,7.03582,1.372,0.36744,0.01,557.772,746.359985352,0.58,0.0,0.59968,0.0,42.7054,0.14571,0.0,0.23424,0.0,0.0,0.0,10.4,48.445,0.0,0.57679,0,27.1824,0.0,463.002,0.0,0.0,0.0,30.6699,0.26002,36.3403,0.74749,0.0,12.4605,0.0,0.03439,0.0015,0.04636,0.0,0.0,14.4043,22.48,0.0,127.701,0.0,0.0,0.0
2023-12-10 05:10:00,222.197,2060.99,1.21204,0.0,1.89,63.8708,0.0,0.0,62.1299,0.0,0.0,160.632,47.234,74.0964,0.0,26.19,0.0,0,1631.52,0.0,0.0,2.61593,0.98268,0.199893,113.153,0.0,87.91,40.8608,0.0,0.23226,37.9652,0.0,0.21622,,0.0,0.0,0.658,10.484,1.372,0.67994,0.756,561.654,723.960021973,1.12,0.0,0.99947,0.0,47.3198,0.371,0.0,0.23424,0.0,0.0,0.0,10.4,47.2364,0.0,1.22622,0,25.8421,0.0,458.657,0.0,0.00093,1.65103,28.2177,0.34059,35.5822,1.53448,0.0,17.9263,0.0,0.0,0.0,0.0,0.0,0.0,14.4043,22.45,0.0,127.809,0.0,0.0,0.0
2023-12-10 05:15:00,216.098,2064.7,1.75102,0.0,2.25,62.0392,3.80316,0.0,64.1611,0.0,0.0,156.037,43.7134,75.1982,0.37606,26.31,0.0,0,1617.36,0.0,0.0,3.56764,1.79568,0.49897,111.153,0.0,87.9799,41.1488,0.0,0.36301,38.0236,0.0,0.93158,,0.0,0.0,1.32,16.0221,1.372,1.19997,1.498,556.356,766.5,1.69,0.0,1.70138,0.0,48.7205,2.65184,0.0,0.23424,0.0,0.0,0.0,10.3,47.9835,0.0,2.10636,0,27.219,0.0,460.61,1.39529,0.0,3.51263,26.4423,0.38942,35.5834,0.0,1.38989,50.84,0.0,0.0,0.0,0.03439,1.089,0.0,14.4043,22.22,0.0,127.628,0.0,0.0,0.0
2023-12-10 05:20:00,216.197,2032.72,2.53161,0.0,1.92,62.0811,5.71115,0.0,62.5205,0.0,0.0,146.261,47.4745,74.8973,1.20934,25.62,0.0,0,1556.4,0.0,1.4435,6.83566,2.87968,0.898756,114.573,0.0,87.9291,40.8997,0.0,0.8345,38.0236,1.65,1.44819,,0.79057,0.0,2.165,21.139,1.372,1.74929,2.588,555.331,803.25,2.44,0.0,2.69932,0.0,48.867,3.48761,0.0,0.22419,0.0,0.0,0.0,10.4,48.4559,0.0,4.59297,0,25.9153,0.0,460.439,2.06668,0.0,4.87373,28.2792,0.46999,36.9726,0.0,1.67782,67.6951,1.99611,0.0,0.3245,0.0,2.089,0.0,14.4043,22.36,0.0,127.592,0.0,0.0,0.0
2023-12-10 05:25:00,217.997,2007.97,3.61222,0.0,1.12,61.091,8.52003,0.0,61.7978,0.0,0.0,151.812,46.4051,76.7957,1.4128,25.36,1.61923,0,1481.91,0.0,2.48722,9.8217,4.43976,1.20089,115.013,0.0,87.0721,40.6918,0.0,1.68646,37.759,1.65,1.92371,,0.0,0.0,3.032,27.2089,1.372,2.57206,4.494,556.649,828.489990234,3.31,0.0,3.99939,0.0,51.6411,4.62367,0.0,0.22419,0.0,0.0,0.0,10.4,47.9945,0.0,7.45556,0,27.4864,0.0,462.123,3.36065,0.0,6.72312,29.1757,0.51027,37.5195,0.0,2.08448,87.4067,7.99748,0.0,0.0,0.0,1.589,0.0,14.4043,22.39,0.0,127.646,0.0,0.0,0.0
2023-12-10 05:30:00,217.797,1971.95,4.95038,0.0,1.27,59.3599,7.17235,0.0,62.6494,0.0,0.0,167.721,45.514,75.8974,1.20832,25.86,2.67613,0,1453.15,0.0,2.91447,12.1783,6.6566,1.60067,117.053,0.0,88.1703,40.9433,0.0,2.90112,37.8759,1.66,2.68326,,1.46532,0.11948,4.166,33.9578,1.372,3.72198,6.458,563.485,862.150024414,4.55,0.0,5.79995,0.042,53.8384,5.95091,0.0,0.23424,0.0,0.0,0.0,10.4,48.9723,0.0,10.66,0,25.1829,0.0,464.272,2.77958,0.0,9.36599,27.2509,0.58962,38.8257,0.0355,3.56147,108.153,5.99702,0.2258,0.0,0.01645,2.089,0.0,14.3472,22.58,0.0,127.628,0.0,0.0,0.0
2023-12-10 05:35:00,217.196,1971.78,6.55138,0.0,0.84,59.272,5.82101,0.0,66.7784,0.0,0.0,174.334,44.8743,72.2998,1.51552,25.95,3.94983,0,1403.02,0.0,3.7995,16.2319,9.06874,2.19882,119.733,0.0,86.9261,40.3387,0.0,3.61062,37.7006,4.9,3.99603,,2.5127,0.24515,5.375,40.4119,1.372,4.88899,8.682,552.718,789.609985352,6.48,1.5,7.70123,0.212,61.5198,12.4029,0.0,0.2041,0.0,0.0,0.0,10.4,48.0604,1.35958,13.9156,0,26.959,0.0,461.855,2.64775,0.87216,12.6436,26.7499,0.68972,38.8684,0.0,4.55603,129.86,16.9995,0.0,0.12711,0.0,2.489,0.0,14.3472,22.31,0.0,127.592,0.0,0.0,0.0
2023-12-10 05:40:00,215.994,1893.56,8.50021,0.0,0.65,58.4012,7.06249,0.0,64.0283,3.60151,0.0,172.012,44.5045,74.3973,1.73197,25.14,1.33468,0,1307.0,0.0,5.04463,20.3207,8.21424,3.89868,111.283,0.275,87.9608,40.0047,0.0,5.22598,37.9928,6.91,3.84474,,3.88235,0.45048,6.708,38.9484,1.528,4.52522,11.262,535.409,838.299987793,8.49,2.5,9.70016,0.333,72.4697,15.7144,0.0,0.22419,0.0,0.0,0.0,10.6,47.555,2.61387,11.7024,0,27.3655,0.0,464.052,1.02907,0.0,15.8724,25.0712,0.8301,34.0136,0.0,8.93645,152.786,21.992,0.0,0.05832,0.0,3.489,0.0,14.3472,22.37,0.0,127.574,0.0,0.0,0.0
2023-12-10 05:45:00,216.997,1872.68,10.4623,0.0,0.0,61.7608,21.041,0.0,60.5517,11.2989,0.0,171.548,40.8948,76.5965,2.9344,24.49,9.53243,0,1240.62,0.0,27.1702,24.5807,14.6426,5.10109,109.043,0.275,88.2211,40.4736,0.0,7.83053,37.9652,9.0,3.30394,,6.73243,0.91777,0.0,54.2203,1.578,7.62585,12.018,560.97,877.159973145,10.55,3.25,12.1996,0.802,87.9606,17.2951,0.0,0.25433,0.0,0.0,0.0,10.6,48.0604,5.23232,21.1875,0,26.2376,0.0,464.638,9.4667,0.0,18.8571,25.8886,1.00955,37.5293,0.0,7.40787,176.608,13.9989,0.14505,0.15702,0.26767,4.689,0.0,14.3472,22.42,0.0,127.429,0.0,0.0,0.0
2023-12-10 05:50:00,216.197,1803.13,12.9103,0.0,0.0,60.17,11.6329,0.54999,54.2,21.2966,0.0,170.793,45.4737,75.7956,3.04346,24.27,11.2804,0,1146.65,0.0,35.7275,29.1025,17.6773,5.10109,107.503,0.33499,88.0433,41.3266,0.0,4.0151,37.9928,11.07,3.79866,,10.7105,1.4771,9.704,58.8951,1.629,8.70497,14.618,544.051,843.130004883,12.97,3.75,14.3999,0.838,89.3065,21.7326,0.0,0.2041,0.0,0.0,0.0,10.3,47.8187,8.88533,22.8708,0,22.2275,0.0,458.803,9.95743,0.0,22.4704,25.1151,1.25004,41.0254,0.0,16.4613,198.032,14.9991,0.0,0.0,0.0314,8.989,0.0,14.3472,22.49,0.0,127.592,0.0,0.0,0.0
2023-12-10 05:55:00,216.997,1755.03,15.6211,0.0,0.0,58.9894,7.17235,1.19998,55.118,25.2998,0.0,175.215,43.9148,76.9992,1.75936,25.14,23.9361,0,1049.92,0.0,40.9766,35.5177,19.0811,7.70123,116.613,0.34499,88.0179,41.1996,0.0,16.8868,37.8483,13.11,5.57517,,15.6251,2.20636,11.28,61.3483,1.729,9.00282,19.736,543.563,867.33001709,16.26,4.25,16.701,0.964,87.2648,27.3261,0.0,0.2041,0.0,0.0,0.0,10.6,47.7528,13.8384,22.9477,0,24.8643,0.0,459.511,3.35332,0.0,27.0359,24.0604,1.52959,42.7222,0.0,16.2458,223.456,16.9995,0.0,0.2587,0.07926,14.789,0.0,15.0331,22.36,0.0,127.465,0.0,0.0,0.0
2023-12-10 06:00:00,213.694,1708.38,17.931,0.0,0.0,62.91,7.47997,1.79997,56.5555,49.2023,0.0,173.446,47.6747,80.6986,5.04755,24.61,77.4857,0,952.822,0.0,43.5279,39.2893,23.4855,1.79904,117.623,0.34499,88.2782,40.5728,0.0,1.36614,38.199,16.14,9.76998,,19.2406,2.75685,0.0,74.7987,1.981,11.559,22.696,547.689,949.799987793,19.18,4.75,19.2004,1.081,88.0613,13.6951,0.0,0.23424,0.0,0.0,0.0,10.3,47.8517,16.8963,32.3558,0,25.3001,0.0,459.169,3.97101,0.0,31.8212,21.8631,1.84942,45.8448,0.0,12.884,247.288,17.9998,0.0,0.0,0.0,26.689,0.0,15.0331,22.34,0.0,127.538,0.0,0.0,0.0
2023-12-10 06:05:00,220.993,1673.66,20.6498,0.0,0.0,64.4506,8.64088,2.69996,49.4148,56.1032,0.0,179.863,47.5441,78.0967,1.44429,24.42,34.9116,0,886.903,0.0,33.9269,46.1879,27.4113,2.00046,115.223,0.45499,88.202,40.6672,0.0,0.05919,37.9652,18.16,11.2056,,18.878,2.6471,0.0,81.6055,2.131,13.7929,25.244,567.489,960.479980469,22.29,5.5,21.9989,1.187,95.0744,14.7425,0.0,0.21414,0.0,0.0,0.0,10.5,47.599,17.0336,38.7646,0,24.7837,0.0,460.048,4.85969,0.1089,36.759,24.9833,2.19977,53.5903,0.0535,14.1716,269.334,19.9915,0.30356,0.46207,0.17795,11.189,0.0,15.0331,22.36,0.0,127.501,0.0,0.0,0.0
2023-12-10 06:10:00,146.0,1637.65,23.5704,0.0,0.0,66.2927,10.5928,3.19995,42.7272,67.5978,0.0,181.717,45.7252,81.296,1.54925,25.18,38.936,0,868.714,0.0,25.7481,51.8327,31.1736,3.5996,110.293,0.48499,88.0179,41.4258,0.0,0.07716,37.9067,19.17,6.58867,,22.3525,3.00642,0.0,86.9541,2.081,14.6572,28.314,578.939,988.719970703,25.97,6.25,25.2003,0.933,97.5006,18.4792,0.0,0.2041,0.0,0.0,0.0,10.5,48.2911,19.3317,41.3281,0,25.5125,0.0,458.412,5.49447,0.90381,41.1048,22.9354,2.57942,61.3394,0.0,30.4456,290.053,39.9961,0.30356,2.10999,0.91069,18.789,0.0,15.0331,22.47,0.0,127.61,0.0,0.0,0.0
2023-12-10 06:15:00,144.997,1602.86,26.2706,0.0,0.11,65.4931,16.0604,3.39995,44.1022,72.8027,0.0,184.157,42.1241,78.0967,11.8108,24.89,76.7947,0,868.08,0.0,15.5184,55.4985,34.3645,13.3989,114.563,0.58499,88.2782,41.3702,0.0,0.04572,38.2266,22.26,5.20448,,34.9613,4.55167,0.0,91.571,2.031,16.2686,31.564,576.571,1012.41998291,30.05,7.0,27.599,1.208,91.0277,14.2251,0.0,0.22419,0.0,0.0,0.0,10.5,48.0934,31.2612,46.5577,0,25.3733,0.0,463.344,7.2401,0.06609,45.5421,22.2411,2.9603,63.7479,0.0,42.4161,310.167,20.9918,0.36338,1.33538,0.53086,34.889,0.0,15.0902,22.41,0.0,127.954,0.0,0.0,0.0
2023-12-10 06:20:00,144.399,1539.16,29.4222,0.0,0.51,66.6129,27.4205,4.59993,50.1336,37.3987,0.0,185.093,47.754,77.3975,16.7987,25.19,71.2121,0,850.062,0.0,15.5795,61.7123,36.2518,15.5993,121.493,0.56499,88.0814,41.3837,0.0,36.2721,37.9928,24.27,6.86003,,102.477,12.6496,0.0,95.3508,2.082,18.4219,34.556,555.087,901.309997559,33.49,8.25,29.2012,1.448,84.9302,15.0308,0.0,0.23424,0.0,0.0,0.0,10.5,47.9506,79.3271,51.7787,0,24.5383,0.0,458.266,15.5825,0.0,50.9682,20.2371,3.38023,57.969,0.0,12.1702,328.212,83.9975,0.05234,0.12113,0.0,38.789,0.0,15.0902,22.37,0.0,127.683,0.0,0.0,0.0
2023-12-10 06:25:00,222.097,1503.32,32.6109,0.0,0.0,63.0817,38.6596,5.49992,49.6101,51.5988,0.0,180.078,48.7733,76.8975,19.9035,25.85,116.144,0,832.044,0.0,12.43,65.8968,38.2489,10.6004,121.113,0.56499,87.0721,40.3308,0.0,40.4501,38.1682,27.29,7.59194,,111.148,9.28655,0.0,96.5405,2.133,19.5108,37.564,541.952,668.260009766,36.69,9.25,30.8003,1.687,78.851,12.3478,0.0,0.2041,0.0,0.0,0.0,10.5,47.9506,60.0915,53.5647,0,25.93,0.0,459.902,29.528,0.0,56.0403,21.617,3.80993,53.2692,0.0,12.5681,347.842,103.993,0.0,0.0,0.0,15.589,0.0,15.0902,22.39,0.0,127.701,0.0,0.0,0.0
2023-12-10 06:30:00,155.996,1582.84,35.4412,0.0,1.04,67.693,38.352,6.4999,51.8406,22.203,0.0,181.187,50.7631,81.3978,18.7402,26.04,140.697,0,863.148,0.0,22.1836,73.2032,39.6991,17.5982,121.273,0.68499,88.0306,40.7458,0.0,4.01574,37.7898,29.32,7.33363,,153.376,14.1276,0.0,101.168,2.435,15.6826,39.856,581.088,568.309997559,40.85,10.75,32.1004,1.633,87.1824,12.0484,0.0,0.184,0.0,0.0,0.0,10.5,48.1923,50.0938,4.72114,0,28.2994,0.0,459.12,21.9083,0.52963,60.9659,21.3797,4.27992,55.3872,0.0,14.7973,362.655,146.995,0.0,2.24756,0.88676,10.089,0.0,15.0902,22.61,0.0,127.447,0.0,0.0,0.0
2023-12-10 06:35:00,224.996,1556.74,38.0299,0.0,3.13,66.4832,53.6599,7.59988,51.9695,65.2014,0.0,182.927,45.8253,78.7958,20.9234,24.77,165.723,0,880.58,0.0,58.7076,77.6647,41.3397,18.0011,121.923,0.77499,88.1195,39.988,0.0,0.07889,37.9928,31.33,4.81715,,58.1648,6.49342,24.135,103.568,2.637,21.6373,42.35,576.352,454.010009766,44.55,12.5,33.0007,2.196,84.921,15.5169,0.0,0.24429,0.0,0.0,0.0,10.5,47.8187,35.0332,3.47356,0,27.4058,0.0,457.875,20.6046,0.79025,67.4418,19.49,4.2201,55.0442,0.0,15.4071,367.315,60.9922,0.0,2.33429,0.84489,10.189,0.0,15.0902,22.32,0.0,127.338,0.0,0.0,0.0
2023-12-10 06:40:00,220.197,1512.13,41.131,0.0,3.02,66.6904,41.7615,8.29987,53.3446,92.2969,0.0,184.483,45.5836,80.4995,11.5861,25.95,173.013,0,878.309,0.0,29.0257,79.3063,42.265,20.1007,123.543,0.77499,88.8622,41.5638,0.0,52.4042,38.0513,34.35,2.73382,,58.8194,6.94478,0.0,105.801,2.888,21.9278,43.15,552.987,722.260009766,48.4,14.25,34.3008,2.595,78.5855,22.2908,0.0,0.23424,0.0,0.0,0.0,10.5,47.3793,37.4136,1.34585,0,25.0071,0.0,461.611,8.63416,0.08284,73.5149,18.3738,5.21989,57.8579,0.0,40.3149,380.343,32.9945,0.98845,1.3922,0.36338,14.689,0.0,15.0902,22.39,0.0,127.411,0.0,0.0,0.0
2023-12-10 06:45:00,214.496,1516.09,44.5215,0.0,2.98,60.8942,30.4308,7.89988,59.1767,101.1,0.0,183.742,35.9936,79.3977,26.496,25.77,179.91,0,928.75,0.0,28.9708,78.3294,42.06,21.1994,126.583,0.89499,88.8685,41.3909,0.0,56.7132,38.1405,35.35,2.60941,,59.3733,7.5165,0.0,105.958,2.787,22.3746,44.378,502.571,639.809997559,52.19,16.25,34.9996,2.054,77.0108,28.6276,0.0,0.2041,0.0,0.0,0.0,10.5,47.9176,68.6152,0.0,0,24.4285,0.0,461.489,8.61707,0.0,78.294,19.6922,5.69964,59.3851,0.0,52.8302,386.459,119.997,0.0,0.0,0.0,11.689,0.0,14.2328,22.45,0.0,127.302,0.0,0.0,0.0
2023-12-10 06:50:00,178.199,1482.57,47.1394,0.0,1.37,61.1936,21.0629,7.99988,61.4072,95.2975,0.0,174.385,37.6025,80.0968,21.7365,25.21,181.753,0,999.6,0.0,26.5293,77.6848,42.7363,21.8006,127.513,1.00498,88.6337,41.0211,0.0,60.7191,38.0513,36.36,7.48032,,63.9355,8.0192,29.044,107.506,2.687,24.6671,45.214,463.728,658.869995117,52.85,17.75,35.6008,2.796,78.8327,27.6434,0.0,0.23424,0.0,0.0,0.0,10.5,48.0934,83.3555,9.30983,0,25.3916,0.0,461.122,12.8725,0.0,82.829,22.9706,6.21967,58.9114,0.0,40.3825,393.655,170.0,0.0,0.0,0.0,17.289,0.0,14.9759,22.42,0.0,126.776,0.0,0.0,0.0
2023-12-10 06:55:00,137.998,1485.72,50.3414,0.0,1.88,66.3911,16.7819,8.19987,59.7001,107.699,0.0,173.471,35.7946,80.5969,15.1183,26.19,193.758,0,953.31,0.0,30.7225,78.1078,45.6953,22.3011,125.183,1.11498,88.8431,39.3429,0.0,64.5366,38.4327,37.36,7.61293,,38.1639,5.55352,30.48,111.091,3.039,23.212,46.128,469.953,619.119995117,60.66,19.75,37.0016,2.025,84.0055,32.4296,0.0,0.2041,0.0,0.0,0.0,10.5,47.9176,33.7148,2.56779,0,26.472,0.0,462.856,15.187,0.32299,88.7251,21.0809,6.69942,57.5308,0.0,37.3801,394.333,64.9931,0.0,2.13989,1.0034,39.489,0.0,14.9759,22.49,0.0,125.979,0.0,0.0,0.0
2023-12-10 07:00:00,202.596,1442.14,53.3603,0.0,3.6,65.1393,17.1518,8.09988,67.5635,107.197,0.0,164.083,34.5434,80.296,11.1974,25.6,214.219,0,1015.05,0.0,28.8304,76.9597,46.7475,22.8992,121.743,0.87499,88.5892,38.6859,0.0,68.7186,38.1682,38.36,8.14438,,44.0655,5.61193,32.157,112.744,2.586,14.2788,47.138,450.764,770.989990234,64.82,22.0,37.9995,2.24,69.4392,44.1581,0.0,0.2041,0.0,0.0,0.0,10.5,47.7858,34.2184,1.08095,0,25.355,0.0,462.661,8.35096,0.49798,93.8888,25.6952,7.19016,65.2775,0.0705,49.7193,394.369,52.9991,0.53983,0.84788,0.36637,40.089,0.0,14.633,22.46,0.0,126.704,0.0,0.0,0.0
2023-12-10 07:05:00,200.098,1374.14,56.5198,0.0,5.24,66.8411,37.583,7.69988,58.5907,119.9,0.0,161.317,35.8032,76.2956,15.3825,25.77,218.487,0,1090.1,0.0,34.8852,76.7734,46.0566,23.1006,120.233,0.97499,88.8241,39.2048,0.0,73.13,38.2882,39.37,9.90362,,37.8618,5.71637,33.69,110.191,2.738,9.71572,48.482,437.238,848.270019531,69.15,24.5,38.7015,1.87,63.003,23.6754,0.0,0.23424,0.0,0.0,0.0,10.2,47.5331,34.4381,0.0,0,27.4461,0.0,460.17,14.0932,0.07539,98.8693,26.4335,7.67968,61.8277,0.0,76.5215,394.177,145.994,0.0,0.0,0.0,50.289,0.0,14.633,22.36,0.0,126.957,0.0,0.0,0.0
2023-12-10 07:10:00,199.396,1344.21,59.5917,0.0,7.21,66.7218,61.8119,7.19989,55.5751,91.6033,0.0,167.387,42.1338,67.4985,7.02259,24.94,218.961,0,1150.16,0.0,52.4697,76.9799,46.6328,22.7008,121.123,0.89499,88.5829,40.0975,0.0,77.0048,37.9067,39.37,10.3905,,40.8528,5.89514,35.046,108.891,3.093,4.40803,49.212,442.341,854.409973145,73.59,26.25,39.2996,1.653,59.6521,50.7731,0.0,0.2041,0.0,0.0,0.0,10.5,47.8846,51.1009,0.0,0,27.8013,0.0,457.826,23.8029,0.0,103.099,25.5898,8.17041,63.2877,0.0,61.5526,394.15,174.992,0.0,0.0,0.01645,49.889,0.0,14.633,22.54,0.0,125.562,0.0,0.0,0.0
2023-12-10 07:15:00,202.697,1318.28,61.5007,0.0,7.66,67.9024,40.022,6.99989,59.1142,67.3987,0.0,163.999,42.594,73.0963,7.46368,24.64,210.669,0,1232.59,0.0,55.0088,76.6475,47.9658,24.0986,125.263,0.96499,88.5385,38.5907,0.0,42.7377,38.0821,39.37,5.43718,,58.1245,7.35897,35.678,110.765,2.489,3.40948,49.608,445.27,669.369995117,77.38,28.75,40.5997,1.406,44.5182,50.1241,0.0,0.21414,0.0,0.0,0.0,10.5,47.9725,121.213,0.9015,0,30.2257,0.0,459.731,19.8917,0.04375,106.035,24.7372,8.65993,66.984,0.0,31.6518,394.214,173.992,0.0,0.0,0.0,44.589,0.0,14.633,22.27,0.0,125.507,0.0,0.0,0.0
2023-12-10 07:20:00,202.697,1273.95,63.2212,0.0,8.44,67.4523,55.9524,8.09988,58.1298,119.797,0.0,162.869,40.1831,73.999,7.77472,25.39,217.268,0,1310.98,0.0,53.4096,76.2749,50.1656,23.6988,118.263,0.57499,88.7098,38.5201,0.0,78.7456,38.0236,40.38,7.33235,,92.7182,23.2257,36.137,110.723,2.335,0.66773,50.306,446.418,358.690002441,81.71,31.0,41.6007,2.103,39.9039,2.5183,0.0,0.2041,0.0,0.0,0.0,10.5,48.4999,161.103,0.63661,0,34.2138,0.0,481.167,37.243,0.0,109.392,23.8231,9.14945,64.8417,0.0,1.12352,394.214,172.992,0.0,0.0,0.0,51.589,0.0,14.633,22.44,0.0,124.565,0.0,0.0,0.0
2023-12-10 07:25:00,172.694,1277.83,64.27,0.0,9.95,68.8025,50.6203,7.99988,57.0829,119.399,0.0,162.519,40.0745,61.2989,7.87354,25.37,222.254,0,1409.08,0.0,97.966,74.9455,51.5328,25.0996,121.643,0.94499,88.9447,37.2339,0.0,82.9112,38.2574,40.38,10.1898,,47.1371,7.87228,36.465,112.523,2.793,1.43191,50.896,466.389,164.270004272,84.76,33.0,42.2995,4.393,35.9396,56.9582,0.0,0.24429,0.0,0.0,0.0,10.5,47.6979,130.991,2.93523,0,31.4928,0.0,520.524,32.177,0.0,112.035,23.6298,9.61943,55.8144,0.0,69.8204,394.095,171.992,0.0,0.95256,1.20977,17.189,0.0,14.633,22.42,0.0,125.036,0.0,0.0,0.0
2023-12-10 07:30:00,192.399,1223.19,62.6902,0.0,12.36,68.7104,25.2232,9.09986,53.8719,122.297,0.0,159.643,40.0049,64.4983,8.34586,25.71,227.064,0,1469.85,0.0,77.4517,75.4541,52.2823,25.3986,113.143,0.81499,88.8178,36.834,0.0,83.4396,38.1405,41.38,14.677,,51.0849,8.06345,36.775,111.539,2.491,0.21851,51.538,443.293,268.25,88.34,35.5,42.9007,4.133,38.7961,35.2833,0.0,0.23424,0.0,0.0,0.0,10.5,48.0275,91.1101,1.61074,0,31.5221,0.0,529.069,15.6338,0.10332,116.484,25.5194,10.0894,53.2216,0.1215,76.886,348.757,171.992,0.0,0.57871,0.0,17.289,0.0,14.1185,22.59,0.0,123.368,0.0,0.0,0.0
2023-12-10 07:35:00,200.997,1175.73,63.3301,0.0,13.26,66.1106,70.8098,11.0998,51.6414,122.297,0.0,168.928,40.3052,68.0959,8.65485,25.45,232.01,0,1459.45,0.0,61.21,74.6736,52.8682,25.7984,116.233,1.40498,88.5575,36.6626,0.0,84.0008,37.7006,41.38,18.9624,,72.0325,8.7042,33.576,111.049,3.705,0.18433,52.158,446.516,231.669998169,90.3,37.75,43.1022,3.991,39.144,31.0733,0.0,0.184,0.0,0.0,0.0,10.5,64.3095,77.6974,1.66201,0,30.764,0.0,581.341,24.4327,0.39745,120.183,24.4735,10.5496,54.9648,4.69443,75.5507,384.225,171.992,0.0,0.17496,0.0015,43.789,0.0,14.1185,22.32,0.0,122.697,0.0,0.0,0.0
2023-12-10 07:40:00,168.795,1176.17,63.9009,0.0,15.16,66.9604,65.7011,13.0998,47.7078,126.403,0.0,169.549,42.4744,78.8976,9.17965,25.64,236.333,0,1454.44,0.0,41.4954,74.4067,53.8009,26.1982,116.363,1.06498,88.5766,39.0033,0.0,84.5455,38.0821,42.39,20.2619,,106.314,17.8376,36.248,114.55,3.304,0.88991,52.208,471.955,105.919998169,92.13,40.25,43.4012,3.071,39.144,31.9762,0.0,0.23424,0.0,0.0,0.0,10.5,65.2213,124.564,3.72992,0,26.8052,0.0,638.252,34.2449,0.91684,123.186,22.1707,11.0196,56.4407,4.96742,48.3881,387.539,171.0,0.0,3.38705,1.54772,40.989,0.0,15.1474,24.07,0.0,120.939,0.0,0.0,0.0
2023-12-10 07:45:00,189.998,1091.57,65.3506,0.0,17.0,63.6908,72.3699,15.0998,46.9226,128.703,0.0,168.292,40.8838,75.3973,10.5733,25.43,240.398,0,1419.48,0.0,43.5218,74.1147,53.9693,26.6011,116.693,1.67497,88.2782,37.5917,0.0,84.9224,38.4327,43.46,20.4349,,112.77,19.8555,32.453,109.575,2.901,0.0,52.514,438.605,80.6500015259,93.51,42.5,43.5996,3.202,33.4676,34.8622,0.0,0.21414,0.0,0.0,0.0,10.5,64.2545,152.222,0.0,0,24.4468,0.0,692.16,33.4246,14.3297,125.365,22.2059,11.4505,61.0721,3.17445,37.0688,387.732,171.0,0.0,0.0,0.0,36.989,0.0,14.8044,20.41,0.0,122.462,0.0,0.0,0.0
2023-12-10 07:50:00,190.098,1039.08,64.7797,0.0,17.37,63.7934,63.2804,19.1997,50.0672,122.503,0.0,160.748,39.6741,73.8972,10.8001,25.9,230.831,0,1404.12,0.0,41.593,74.1147,55.2291,26.6987,117.703,1.30498,88.7352,36.734,0.0,85.033,38.0821,43.46,18.6563,,61.3372,9.37328,30.348,113.96,3.303,0.0,52.956,437.824,0.0,94.42,45.0,43.801,4.05,29.0639,54.9442,0.0,0.21414,0.0,148.884,0.0,10.5,64.4962,87.4022,0.0,0,24.6738,0.0,748.949,30.2654,13.4212,127.495,22.6014,11.8595,57.1682,2.87546,39.9135,387.823,174.992,0.0,0.0,0.0,33.789,0.0,14.8044,20.38,0.0,119.996,0.0,0.0,0.0
2023-12-10 07:55:00,194.497,1013.13,65.7515,0.0,19.46,64.6013,61.4603,21.3997,46.2663,120.999,0.0,162.533,32.5036,78.7958,9.3737,25.85,228.338,0,1410.13,0.0,42.8809,71.1337,55.8688,27.0008,108.863,1.41498,88.4813,37.6417,0.0,85.0043,38.3158,44.38,18.7955,,52.8373,7.34658,30.355,114.992,3.148,0.38941,53.17,447.932,261.140014648,95.61,47.25,44.6006,2.435,31.0781,35.4656,0.0,0.2041,0.0,108.377,0.0,10.5,64.8478,41.1307,0.67079,0,24.7251,0.0,760.839,29.8137,22.7925,129.863,19.3318,12.2306,50.8022,5.04442,70.6683,388.711,176.993,0.74022,0.7133,0.36637,32.189,0.0,14.1185,22.09,0.0,118.818,0.0,0.0,0.0
2023-12-10 08:00:00,194.594,962.002,66.6515,0.0,19.14,65.7505,72.011,22.6996,42.3366,120.203,0.0,155.158,31.9652,88.0974,8.95744,26.07,237.999,0,1404.37,0.0,64.152,73.5154,56.5963,27.0985,113.583,1.56498,88.7797,36.8832,0.0,84.9879,38.1682,45.5,21.2265,,54.8112,7.64218,25.456,114.987,2.846,0.0,53.324,438.312,113.790000916,96.98,49.75,45.2995,3.62,24.8981,33.6998,0.0,0.2041,0.0,262.467,0.0,10.5,64.5951,41.4603,0.0,0,24.7251,0.0,765.209,34.555,15.8208,131.298,20.3778,12.62,50.818,3.46445,77.0908,388.592,176.993,0.0,0.0015,0.0,37.289,0.0,14.8044,22.21,0.0,119.38,0.0,0.0,0.0
2023-12-10 08:05:00,199.598,924.648,68.0109,0.0,19.26,66.0122,73.0291,22.3997,43.7116,124.398,0.0,156.887,32.4035,91.4959,8.9559,25.47,222.308,0,1431.05,0.0,76.6217,73.7219,56.379,27.0985,116.183,1.63498,88.475,36.4634,0.0,85.0412,38.4327,45.4,21.9505,,59.051,7.96786,18.244,113.339,4.22,0.0,53.32,438.654,0.0,98.16,52.0,46.0014,3.861,21.2635,34.9881,0.0,0.22419,0.0,370.119,0.0,10.5,68.0229,46.2852,0.0,0,26.981,0.0,761.815,34.345,0.0,132.647,20.826,12.9801,48.5451,1.90647,66.7791,388.794,175.992,0.0,0.0,0.0,38.189,0.0,14.8044,22.31,0.0,120.377,0.0,0.0,0.0
2023-12-10 08:10:00,200.697,907.973,69.4712,0.0,23.16,70.2614,64.152,25.4996,40.4342,132.102,0.0,147.807,31.9152,93.8988,9.16019,25.19,159.775,0,1432.0,0.0,74.4671,73.8025,56.8746,27.1992,115.493,1.81497,88.1005,35.5589,0.0,85.0002,37.9344,45.4,19.5379,,72.3447,9.29009,16.557,114.987,4.363,0.0,53.5,442.707,23.4500007629,98.65,54.25,46.7002,4.102,22.1241,53.8256,0.0,0.2041,0.0,268.31,0.0,10.5,68.8029,52.4834,0.0,0,27.7427,0.0,710.3,31.3274,10.2621,134.466,20.1492,13.4001,47.4171,1.84947,61.6735,389.416,176.993,0.0,0.0,0.0,34.289,0.0,14.3472,22.41,0.0,114.069,0.0,0.0,0.0
2023-12-10 08:15:00,202.593,939.638,70.6501,0.0,27.31,66.2403,61.3504,26.7996,41.5475,126.101,0.0,159.011,34.8839,89.0975,9.4848,25.1,75.5752,0,1459.49,0.0,36.6247,74.1046,57.9147,27.0985,118.193,1.70497,88.5575,33.6418,0.0,84.992,38.199,45.4,18.9071,,74.1575,9.44939,15.244,114.987,4.513,0.27955,53.658,453.816,194.0,99.82,56.25,47.4998,3.887,19.0021,55.2096,0.0,0.23424,0.0,191.04,0.0,10.5,68.6052,53.93,1.26894,0,25.2451,0.0,742.43,30.4704,22.9303,134.905,18.7869,13.7602,41.0877,4.06944,50.5774,389.892,176.993,1.1021,0.0015,0.37235,32.289,0.0,15.0902,22.48,0.0,113.706,0.0,0.0,0.0
2023-12-10 08:20:00,197.594,901.894,70.9899,0.0,31.2,58.1018,61.669,27.8996,43.9772,135.597,0.0,160.504,31.5538,87.2965,11.4161,25.35,74.166,0,1415.21,0.0,31.0826,73.6766,58.5251,26.1982,113.313,1.88497,88.3988,32.4778,0.0,85.0289,38.0513,46.45,8.20019,,81.1668,15.2056,18.148,114.976,4.563,0.0,53.806,438.581,472.200012207,100.24,58.25,46.1021,3.148,18.8281,55.665,0.0,0.2041,0.0,102.274,0.0,10.5,69.4401,73.3211,0.0,0,25.106,0.0,678.756,29.5476,17.5558,136.04,20.5623,14.1398,35.4064,0.0,56.7644,389.325,175.992,0.02841,0.01346,0.02243,32.189,0.0,15.0902,22.4,0.0,109.718,0.0,0.0,0.0
2023-12-10 08:25:00,196.295,899.892,71.1413,0.0,30.9,62.282,69.5097,29.2995,45.0866,112.8,0.0,157.613,29.4627,87.0,12.4559,25.51,76.5101,0,1451.44,0.0,27.2007,73.6967,58.5666,27.0985,112.763,1.96497,88.4877,38.574,0.0,85.0289,38.2266,46.45,13.3407,,147.917,15.5985,13.443,114.892,3.898,0.0,53.836,440.656,325.640014648,100.94,60.5,44.802,2.453,15.4406,57.1012,0.0,0.2041,0.0,0.35462,0.0,10.5,69.1874,110.391,0.0,0,23.4067,0.0,735.789,32.8777,0.01396,137.914,17.8904,14.4804,38.053,0.0,50.2067,389.728,170.0,0.0,0.0,0.0,35.689,0.0,14.29,22.38,0.0,109.029,0.0,0.0,0.0
2023-12-10 08:30:00,198.195,919.326,71.9511,0.0,30.44,59.7116,63.0497,29.7995,43.6452,106.902,0.0,156.045,33.474,87.6992,13.2844,24.75,90.4396,0,1522.61,0.0,28.6534,71.1186,58.9694,27.0985,107.703,2.29497,88.6972,39.6071,0.0,85.0043,37.9344,46.09,18.2292,,126.204,18.1633,15.24,114.992,4.307,0.38209,53.68,445.759,319.739990234,101.32,62.5,45.2995,2.207,15.1751,39.7895,0.0,0.26438,0.0,58.4159,0.0,10.3,69.6159,139.405,1.53384,0,24.5127,0.0,761.327,30.4216,0.07912,139.678,18.4793,14.8796,35.6115,0.1485,74.1048,326.857,173.992,1.35631,1.40117,0.56675,33.489,0.0,14.5758,22.51,0.0,105.784,0.0,0.0,0.0
2023-12-10 08:35:00,200.095,926.479,72.9706,0.0,25.83,60.3605,65.6718,25.7996,43.321,93.1003,0.0,153.181,31.0546,91.5977,18.3839,23.46,158.705,0,1559.18,0.0,35.3857,71.2696,59.155,27.0985,107.223,2.07497,88.5575,34.7059,0.0,85.033,38.1097,46.09,19.3925,,135.822,21.2945,18.05,115.018,4.598,0.25757,53.87,450.495,0.0,101.98,64.5,45.0004,3.526,12.2179,30.9899,0.0,0.21414,0.0,111.144,0.0,10.5,65.5399,140.705,1.25185,0,23.0039,0.0,757.396,31.2004,23.1928,141.418,18.1101,15.0896,32.0653,0.0315,75.0264,341.881,174.992,0.80601,1.06621,0.33048,34.089,0.0,14.5758,22.48,0.0,108.449,0.0,0.0,0.0
2023-12-10 08:40:00,196.296,906.679,73.9211,0.0,24.99,58.9706,73.1316,27.0996,45.4187,69.8981,0.0,153.494,31.1937,76.7957,28.0812,23.32,107.621,0,1552.95,0.0,63.4012,72.0854,59.4748,7.8996,102.933,2.02497,88.2719,35.3256,0.0,85.0371,38.3743,46.09,21.7672,,191.534,21.8043,17.843,114.976,6.02,0.0,53.664,438.264,0.0,102.37,66.75,44.802,4.702,13.1426,32.3794,0.0,0.23424,0.0,226.755,0.0,10.5,64.8148,180.98,0.0,0,22.4839,0.0,762.767,34.2937,0.0,143.267,21.1512,15.4399,27.4498,1.74347,76.1201,384.225,175.992,0.23777,0.01944,0.0,37.589,0.0,14.5758,22.42,0.0,109.954,0.0,0.0,0.0
2023-12-10 08:45:00,190.994,901.186,74.6911,0.0,28.6,56.9108,69.9089,34.2995,44.364,58.3967,0.0,153.124,27.9734,79.5968,30.1711,24.42,101.862,0,1494.04,0.0,104.216,72.3825,58.486,14.1985,102.273,2.11497,88.5766,38.9835,0.0,84.9961,38.3743,46.45,20.3356,,191.514,28.8774,14.029,114.034,5.464,0.59449,53.982,440.656,240.380004883,102.85,68.5,44.1001,5.872,11.8242,33.6347,0.0,0.2041,0.0,125.349,0.0,10.5,65.8586,193.294,0.0,0,23.9377,0.0,710.324,32.7459,0.0,144.872,18.7518,15.7903,32.6903,1.16248,69.7999,221.213,176.993,0.0,0.0,0.0,36.789,0.0,14.5758,22.52,0.0,103.881,0.0,0.0,0.0
2023-12-10 08:50:00,195.195,909.633,75.7106,0.0,27.35,52.4208,67.4516,38.2994,42.9264,64.3019,0.0,157.13,28.5631,77.4993,22.8936,24.77,98.678,0,1435.42,0.0,89.0547,72.4932,59.0695,20.2991,108.953,2.54496,88.0687,37.4362,0.0,12.9469,38.0236,46.41,12.9116,,187.385,27.8543,16.345,115.045,4.038,0.22095,54.116,442.658,324.619995117,103.77,70.25,46.7002,5.077,12.8588,48.9806,0.0,0.2041,0.0,109.752,0.0,12.9,64.5512,166.038,0.0,0,22.2239,0.0,653.902,32.9998,0.0,146.502,18.8396,16.1296,37.8357,3.35645,45.9407,299.199,161.998,0.0,0.66545,0.59068,35.289,0.0,14.5758,22.52,0.0,94.4545,0.0,0.0,0.0
2023-12-10 08:55:00,201.199,958.437,76.2496,0.0,33.34,54.5224,66.0307,32.0995,44.6296,119.701,0.0,155.993,26.2644,71.9989,20.3203,24.13,153.217,0,1477.95,0.0,102.263,71.9192,60.217,18.3001,106.063,2.48496,88.786,36.5261,0.0,78.1066,38.0236,43.38,11.8845,,114.119,18.3633,12.848,115.018,4.089,0.52613,54.152,465.901,0.0,104.16,71.75,45.5009,5.651,10.7622,59.148,0.0,0.21414,0.0,201.859,0.0,12.9,64.8258,90.7897,3.04631,0,20.3708,0.0,705.808,32.4187,0.0,148.064,17.6883,16.3604,36.322,0.1485,3.33837,310.561,172.992,0.0,2.13989,1.05724,26.989,0.0,15.0331,22.57,0.0,107.307,0.0,0.0,0.0
2023-12-10 09:00:00,198.996,927.944,76.8205,0.0,37.65,51.1816,67.7006,37.2994,46.5945,128.999,0.0,148.06,27.1128,64.1974,20.6449,25.09,148.691,0,1505.42,0.0,111.461,70.7812,60.2219,8.5008,100.333,3.04495,87.7196,36.6427,0.0,82.9153,38.1405,43.38,14.2367,,82.3955,12.1717,17.857,115.008,3.881,0.3357,54.384,450.398,42.3600006104,104.43,73.25,44.4999,3.538,11.5679,61.0286,0.0,0.22419,0.0,119.63,0.0,12.9,64.2985,72.845,1.65347,0,24.1611,0.0,725.584,32.0818,0.0,149.499,18.8572,16.6594,39.6155,0.0,39.3462,378.723,170.0,0.0,1.33837,0.53385,26.889,0.0,15.0331,22.49,0.0,97.373,0.0,0.0,0.0
2023-12-10 09:05:00,195.895,900.673,77.2001,0.0,39.45,49.7499,70.5425,34.2995,46.1335,135.0,0.0,150.216,25.305,66.5958,23.9923,24.94,153.339,0,1479.44,0.0,109.929,69.4266,60.3708,13.3013,104.433,3.21495,87.9862,36.1,0.0,83.4724,38.0821,42.36,12.0822,,85.6182,13.5028,14.042,114.445,3.629,0.0,54.476,440.095,197.789993286,103.84,74.75,44.3992,3.902,11.7418,63.4338,0.0,0.23424,0.0,103.497,0.0,12.9,64.3534,75.4726,0.0,0,19.6164,0.0,755.785,33.5198,21.9175,150.927,19.7098,16.8499,40.8032,1.63048,51.6628,385.882,158.997,0.0,0.0,0.0,25.689,0.0,15.0331,22.45,0.0,107.488,0.0,0.0,0.0
2023-12-10 09:10:00,193.498,934.316,77.8214,0.0,38.76,50.3213,64.2692,39.2994,49.4773,103.503,0.0,153.97,27.993,61.3963,13.3335,25.13,104.464,0,1472.07,0.0,109.795,69.5626,60.6027,10.4997,97.2635,2.97495,88.2719,36.8483,0.0,84.0008,38.1682,42.36,15.5146,,91.6306,13.7807,17.063,115.013,3.93,0.34302,54.43,458.015,0.0,104.12,77.0,44.6006,3.521,12.0897,57.8277,0.0,0.2041,0.0,255.237,0.0,12.9,64.3314,83.2181,1.58511,0,18.3932,0.0,761.473,31.3201,22.7944,152.282,18.0398,17.1294,39.3396,0.1155,47.9068,387.018,105.994,0.0,1.06621,0.39329,32.189,0.0,15.0331,22.48,0.0,102.703,0.0,0.0,0.0
2023-12-10 09:15:00,186.295,898.134,78.5197,0.0,37.27,53.771,58.732,40.5994,42.7936,90.9029,0.0,151.426,28.3738,58.2987,10.7305,24.38,118.759,0,1414.96,0.0,124.81,68.0872,59.6213,9.70016,98.1435,3.55495,87.1483,38.9819,0.0,85.0371,38.0513,40.29,16.0927,,100.08,14.8905,17.142,114.039,4.03,0.0,54.502,438.654,472.839996338,104.22,79.0,44.3015,5.521,11.3848,53.0456,0.0,0.23424,0.0,156.433,0.0,12.9,64.7709,88.7755,0.0,0,18.7118,0.0,713.279,27.9753,0.0,153.637,19.0945,17.4798,41.6065,0.0,65.4254,220.636,152.996,0.0,0.0,0.0,31.089,0.0,14.8044,22.51,0.0,93.9831,0.0,0.0,0.0
2023-12-10 09:20:00,178.796,899.867,79.149,0.0,37.41,40.2215,65.789,41.3994,43.9069,124.0,0.0,150.64,29.8143,48.9971,10.431,24.36,119.125,0,1398.04,0.0,123.864,69.764,58.4079,11.5007,97.1835,3.22495,88.037,37.6933,0.0,84.9879,38.1097,43.38,17.9958,,108.409,15.4923,11.834,112.628,3.83,0.0,54.462,437.116,332.380004883,102.61,80.25,44.8997,3.585,11.8883,59.1615,0.0,0.24429,0.0,97.7702,0.0,13.1,64.705,91.1833,0.0,0,20.1914,0.0,757.543,30.5949,0.0,154.955,18.8836,17.7605,47.1351,0.0,55.8182,247.791,152.996,0.0,0.0,0.0,33.789,0.0,14.8044,22.62,0.0,95.5603,0.0,0.0,0.0
2023-12-10 09:25:00,182.194,917.812,79.6401,0.0,37.05,49.1931,65.0309,41.9994,47.3796,139.903,0.0,141.064,28.6436,51.5991,11.9019,23.33,208.731,0,1424.88,0.0,80.119,68.9583,60.4977,27.1992,82.6137,3.09495,86.869,36.3674,0.0,85.1026,38.3466,44.42,19.4509,,108.429,15.9667,11.958,115.024,4.084,0.29664,54.482,447.907,22.4599990845,102.8,81.75,45.2018,3.083,12.4926,58.5045,0.0,0.2041,0.0,199.91,0.0,13.1,65.0016,111.289,1.56802,0,17.0126,0.0,758.788,31.7083,0.0,156.262,18.7605,17.9302,50.7839,0.1755,67.7683,319.396,108.995,0.0,1.60156,0.39628,33.989,0.0,14.8044,22.67,0.0,96.0135,0.0,0.0,0.0
2023-12-10 09:30:00,179.995,900.648,79.68,0.0,33.41,48.3034,65.3202,20.0997,40.5006,123.602,0.0,129.258,26.074,51.4973,12.1298,24.33,203.921,0,1414.62,0.0,109.239,68.4749,60.0168,27.0985,84.6237,2.92496,86.5326,35.3859,0.0,84.9183,38.3158,24.5,19.4816,,144.664,19.8431,12.547,114.402,4.288,0.0,54.238,437.165,16.4099998474,102.53,83.25,44.6006,2.679,15.2117,58.8054,0.0,0.21414,0.0,236.585,0.0,13.1,64.7929,129.169,0.0,0,15.6759,0.0,757.494,31.2566,0.0,157.568,19.6746,18.2195,56.4492,0.0,76.6525,309.654,107.994,0.0,0.0,0.0,34.089,0.0,14.8044,22.34,0.0,100.147,0.0,0.0,0.0
2023-12-10 09:35:00,176.297,899.965,80.0198,0.0,39.73,51.4328,64.6207,43.3993,40.5631,95.7027,0.0,126.825,25.012,43.9967,12.5414,24.29,207.742,0,1423.83,0.0,123.937,68.0771,59.4137,22.8992,80.0438,3.05495,85.7518,36.169,0.0,84.8568,36.587,34.78,18.9379,,124.049,17.4146,13.841,115.018,3.561,0.0,54.506,440.51,6.44999980927,104.58,84.25,44.2008,3.945,21.1627,58.1593,0.0,0.2041,0.0,264.213,0.0,12.9,64.9796,113.559,0.0,0,18.5434,0.0,762.474,30.8904,0.0,158.831,20.1404,18.5101,53.7795,0.0,64.1679,301.131,111.995,0.0,0.0,0.0,33.989,0.0,14.8044,22.65,0.0,98.5695,0.0,0.0,0.0
2023-12-10 09:40:00,171.197,906.728,80.2004,0.0,37.99,45.8627,63.9323,45.0993,41.7428,100.702,0.0,126.067,25.6333,52.2982,13.3668,24.22,203.487,0,1447.68,0.0,124.84,67.8556,58.547,24.1993,83.2637,2.65496,86.3675,34.6567,0.0,85.033,36.1779,41.89,19.3044,,131.079,18.0854,11.237,114.987,4.067,0.0,54.232,438.825,49.1100006104,104.31,85.5,46.9017,5.965,25.0996,57.4339,0.0,0.24429,0.0,222.694,0.0,12.9,65.9135,125.956,0.0,0,15.7308,0.0,760.717,30.8757,0.0,160.04,20.5096,18.7896,58.5537,0.0215,52.2486,326.83,101.993,0.0,0.0,0.0,33.789,0.0,14.8044,22.66,0.0,92.8049,0.0,0.0,0.0
2023-12-10 09:45:00,170.196,901.283,80.1313,0.0,45.45,47.9936,62.3722,45.9993,44.4343,119.9,0.0,113.333,24.8631,48.0988,12.6331,23.67,200.303,0,1464.38,0.0,124.7,65.1314,58.8327,27.0985,83.0937,3.04495,86.85,34.2734,0.0,84.9592,31.2836,42.9,18.7709,,138.128,22.877,11.936,114.982,4.318,0.0,54.484,439.753,242.160003662,104.35,86.75,45.9007,4.678,31.7372,56.2556,0.0,0.2041,0.0,131.488,0.0,12.9,65.3532,128.153,0.0,0,15.4635,0.0,713.523,29.8528,0.0,160.04,21.0545,18.9105,62.2818,0.0,37.4108,324.761,87.9984,0.0,0.0,0.0,31.889,0.0,14.8044,22.56,0.0,93.4393,0.0,0.0,0.0
2023-12-10 09:50:00,166.293,898.134,80.2004,0.0,42.01,48.3997,66.2211,46.4993,46.7937,127.9,0.0,115.129,24.4736,50.7981,14.871,24.16,199.504,0,1464.7,0.0,71.0552,66.6068,58.5275,27.0985,82.1137,3.53495,87.6815,34.955,0.0,85.0002,31.5758,42.9,19.7417,,161.16,25.132,12.649,114.06,4.877,0.0,54.258,441.462,240.029998779,103.9,88.25,46.1997,4.106,35.7015,59.4629,0.0,0.23424,0.0,101.871,0.0,12.9,63.9908,139.057,0.0,0,15.5148,0.0,651.192,31.5325,0.0,159.094,18.6902,19.1095,65.2494,0.0,36.1103,316.31,85.9979,0.0,0.0,0.0,31.489,0.0,14.8044,22.62,0.0,91.1371,0.0,0.0,0.0
2023-12-10 09:55:00,162.495,924.721,80.519,0.0,38.74,43.8616,64.0018,47.3993,49.4109,127.502,0.0,123.571,23.6045,52.5991,14.8705,23.64,131.754,0,1484.32,0.0,59.1409,67.1053,60.2243,15.0011,81.9837,3.06495,85.847,34.5099,0.0,85.0248,31.5758,43.93,19.4324,,187.154,29.0651,12.14,115.018,4.019,0.29419,54.436,450.251,225.630004883,104.75,88.5,44.8997,6.135,34.9142,57.5839,0.0,0.23424,0.0,3.88066,0.0,12.9,64.694,191.994,1.26894,0,11.6732,0.0,643.867,31.0466,0.01955,159.844,22.8211,19.2706,68.4807,0.0435,38.3816,330.053,74.9954,0.0,1.00041,0.30057,33.089,0.0,14.0042,22.46,0.0,92.2066,0.0,0.0,0.0
2023-12-10 10:00:00,154.998,897.938,80.811,0.0,37.84,40.8494,61.0794,48.4993,50.657,138.001,0.0,122.37,28.8048,52.7983,23.5858,24.01,145.656,0,1442.43,0.0,99.7055,66.2795,59.8703,27.1992,81.9737,3.61494,85.4661,38.4995,0.0,85.0166,31.6651,44.52,18.0562,,186.731,29.0137,17.95,114.255,3.868,0.0,54.26,438.996,434.950012207,104.76,90.5,43.9994,6.267,31.8105,55.093,0.0,0.19405,0.0,-0.20745,0.0,13.1,65.3751,196.132,0.0,0,8.47974,0.0,591.083,29.0129,0.0,160.87,21.0545,19.4,63.7833,0.0,65.8248,254.96,84.9977,0.0,0.0,0.0,31.589,0.0,14.7473,22.6,0.0,80.5324,0.0,0.0,0.0
2023-12-10 10:05:00,154.495,930.41,80.9491,0.0,44.77,40.7615,68.4001,49.1992,48.4968,139.003,0.0,127.936,29.3126,51.099,9.64966,23.68,103.19,0,1475.14,0.0,86.8147,66.1435,61.1447,10.2007,80.6038,3.52495,85.9232,38.1868,0.0,85.0125,31.7235,44.52,19.6485,,198.846,29.0155,9.141,115.018,5.284,0.32837,54.358,451.252,244.720001221,104.87,91.0,44.7013,7.851,38.439,61.2646,0.0,0.21414,0.0,15.7167,0.0,13.1,68.6711,195.857,0.0,0,7.38842,0.0,642.232,33.0584,0.0,162.017,19.9119,19.4806,77.3577,0.0595,59.435,264.701,88.9986,0.0,1.47893,0.49497,32.689,0.0,14.7473,22.64,0.0,93.1855,0.0,0.0,0.0
2023-12-10 10:10:00,142.995,904.14,81.1509,0.0,50.68,33.5901,55.9121,49.8992,44.4968,119.598,0.0,129.86,28.4837,48.2979,16.9974,23.03,79.5724,0,1465.67,0.0,83.3295,66.1536,60.5148,10.7012,78.4338,3.48495,85.5931,36.7189,0.0,85.0371,31.6066,44.52,19.883,,207.436,29.0208,14.641,114.971,4.208,0.0,53.92,440.925,102.230003357,104.52,91.0,44.1001,5.885,38.4756,60.4483,0.0,0.2041,0.0,39.4418,0.0,13.1,68.6381,195.866,0.0,0,9.24147,0.0,632.344,31.8035,0.0,162.969,18.3123,19.6295,77.7325,0.0,70.0703,371.408,171.992,0.0,0.0,0.0,34.589,0.0,14.7473,22.6,0.0,84.8287,0.0,0.0,0.0
2023-12-10 10:15:00,138.794,898.5,81.2597,0.0,51.24,26.2533,60.9512,50.2992,38.9264,121.198,0.0,126.424,28.6253,43.6958,25.0429,22.84,78.6239,0,1456.25,0.0,110.448,64.9098,59.7018,27.0985,81.5238,3.54495,85.5614,36.7157,0.0,84.9961,31.6928,44.94,20.2025,,215.886,29.0438,16.637,113.313,6.248,0.0,54.426,440.803,186.669998169,104.07,92.0,44.3992,6.289,46.8986,62.2223,0.0,0.23424,0.0,38.3458,0.0,16.0,68.8689,195.839,0.0,0,8.84596,0.0,673.287,32.6238,0.0,164.074,20.2723,19.6503,82.5922,0.0,69.4805,291.957,163.998,0.0,0.0,0.0,35.889,0.0,14.7473,22.8,0.0,87.2215,0.0,0.0,0.0
2023-12-10 10:20:00,141.396,915.126,81.5199,0.0,47.92,36.1313,61.0721,50.6992,41.7467,135.199,0.0,137.218,29.4127,41.5983,28.5921,24.32,185.276,0,1465.5,0.0,92.7108,65.7004,60.4465,27.0985,78.9938,4.37493,86.6024,36.0913,0.0,85.0289,31.782,44.94,20.4268,,217.447,29.0314,17.245,115.008,4.528,0.0,54.316,445.002,0.0,104.3,93.25,44.8997,4.451,57.8576,61.5017,0.0,0.2041,0.0,40.2551,0.0,16.0,69.1874,195.711,0.0,0,9.77615,0.0,700.534,32.4309,0.0,163.61,18.2596,19.7003,81.1847,0.0005,68.2066,327.828,110.995,0.0,0.15402,0.09122,35.589,0.0,14.7473,22.76,0.0,83.6866,0.0,0.0,0.0
2023-12-10 10:25:00,136.096,897.719,81.5598,0.0,49.16,37.1109,69.041,51.2992,37.2896,134.897,0.0,130.921,26.7442,41.1956,24.8832,22.7,242.403,0,1457.57,0.0,120.69,65.0609,60.1852,27.0985,78.3038,3.37495,84.0252,36.6705,0.0,85.0043,32.105,44.94,20.3725,,215.604,29.0597,17.146,114.939,4.226,0.0,54.36,440.388,0.0,104.34,93.25,43.9994,4.775,56.5759,61.7219,0.0,0.23424,0.0,119.47,0.0,16.0,69.2204,195.647,0.0,0,13.3468,0.0,747.826,32.3943,0.0,162.969,20.1492,17.3601,95.4928,0.0,52.3837,250.007,98.9922,0.0,0.0,0.0,35.789,0.0,14.7473,22.59,0.0,74.6953,0.0,0.0,0.0
2023-12-10 10:30:00,126.898,900.551,81.7908,0.0,46.64,32.0327,65.7414,51.6992,36.3717,120.203,0.0,134.858,26.9444,36.3988,16.9963,21.81,231.698,0,1428.42,0.0,124.645,64.4969,59.5822,27.0985,72.9439,4.32493,83.5999,38.363,0.0,85.0166,31.9265,44.94,19.8697,,214.889,28.9836,19.25,112.928,7.154,0.0,54.418,439.997,120.599998474,104.18,95.0,43.9994,5.479,56.704,61.5898,0.0,0.24429,0.0,100.541,0.0,16.0,69.0666,195.418,0.0,0,14.3282,0.0,706.247,27.4846,0.0,163.177,21.4764,19.8004,99.172,0.0,61.5055,198.727,146.995,0.0,0.0,0.0,35.689,0.0,14.7473,22.74,0.0,69.0757,0.0,0.0,0.0
2023-12-10 10:35:00,129.695,946.108,81.8492,0.0,40.7,32.1437,39.0405,51.9992,33.2896,116.598,0.0,132.279,28.7449,33.4959,15.5919,22.96,250.533,0,1442.77,0.0,107.878,65.0659,61.6794,27.0985,74.9639,5.38492,86.0438,36.6086,0.0,6.5239,32.0158,44.94,21.2408,,213.096,29.0119,17.941,114.987,8.308,0.70436,54.398,462.678,245.369995117,103.95,96.25,44.3992,8.248,59.4049,65.8747,0.0,0.2041,0.0,3.72608,0.0,16.0,72.5054,195.225,3.02922,0,15.4891,0.0,649.873,22.067,0.0,163.525,20.6942,19.8297,96.0934,0.2115,80.4577,219.455,155.997,0.0,2.8846,1.1978,37.689,0.0,14.7473,22.53,0.0,73.4626,0.0,0.0,0.0
2023-12-10 10:40:00,128.096,894.667,82.0403,0.0,38.44,26.4124,34.1405,52.2992,30.145,124.899,0.0,114.635,30.0023,30.6992,18.0224,20.76,260.926,0,1426.14,0.0,123.29,64.5724,59.7043,27.1992,75.9038,5.49492,86.2469,33.9235,0.0,0.08564,31.8681,44.94,20.8599,,211.999,29.0013,19.048,112.702,8.212,0.0,53.898,439.118,130.529998779,103.95,96.75,44.2008,10.29,60.4486,69.7986,0.0,0.21414,0.0,-0.08843,0.0,16.0,71.3408,195.29,0.0,0,14.8226,0.0,647.7,18.8809,0.0,164.41,20.5008,19.8199,102.214,0.0,66.1279,310.945,152.996,0.0,0.0,0.0,48.789,0.0,14.7473,22.59,0.0,68.0968,0.0,0.0,0.0
2023-12-10 10:45:00,120.095,899.135,82.1811,0.0,38.42,25.6212,34.1918,52.3992,26.0824,133.997,0.0,113.407,25.864,26.6989,16.6799,21.42,258.704,0,1403.32,0.0,119.811,66.2744,59.277,27.0008,79.0038,5.13492,81.6829,39.4183,0.0,77.8691,31.6066,45.02,20.5148,,136.738,17.7863,18.151,112.197,10.613,0.0,54.346,441.657,259.920013428,103.66,97.25,44.2008,10.812,57.7478,64.0112,0.0,0.21414,0.0,0.0,0.0,16.0,71.5276,124.463,0.0,0,14.7018,0.0,592.645,19.6768,0.0,164.129,20.3953,19.8004,99.7885,0.0,84.9428,314.635,121.997,0.0,0.0,0.0,48.889,0.0,14.6901,22.65,0.0,58.2715,0.0,0.0,0.0
2023-12-10 10:50:00,116.893,910.561,82.2209,0.0,41.78,26.6217,36.3415,52.4992,30.5395,135.103,0.0,112.035,25.6748,35.5979,20.1185,20.27,256.292,0,1405.27,0.0,124.138,64.8997,60.3122,27.0985,78.7238,5.11492,80.0388,37.3013,0.0,84.9551,31.8681,45.02,29.2096,,171.342,28.9925,22.15,114.982,9.998,0.21363,54.318,444.953,230.330001831,103.94,97.75,45.2018,5.17,65.5482,89.7363,0.0,0.2041,0.0,0.0,0.0,16.0,71.6265,188.597,0.0,0,11.7794,0.0,557.195,19.3985,0.0,163.287,20.4393,19.8102,101.333,0.0,51.3679,206.088,82.9973,0.0,0.64451,0.15702,46.289,0.0,14.6901,22.51,0.0,60.8094,0.0,0.0,0.0
2023-12-10 10:55:00,109.697,897.89,82.2288,0.0,44.4,27.3899,20.6821,52.4992,34.8638,133.702,0.0,103.607,24.6836,24.097,15.062,20.15,251.874,0,1411.5,0.0,124.016,64.9904,58.9914,27.0985,78.9238,6.22491,81.5179,35.2851,0.0,84.82,31.6066,45.02,28.7334,,208.141,29.058,16.345,113.618,12.241,0.0,54.472,438.312,347.850006104,103.98,98.25,45.6016,11.269,52.4559,76.5704,0.0,0.2041,0.0,0.0,0.0,16.0,71.5166,192.717,0.0,0,12.7169,0.0,516.837,19.2349,0.0,162.799,19.3934,19.8004,93.3932,0.0,55.8101,204.669,75.9957,0.0,0.0,0.0,47.889,0.0,14.6901,22.49,0.0,61.6977,0.0,0.0,0.0
2023-12-10 11:00:00,111.195,895.717,81.9899,0.0,43.2,27.4297,33.9611,52.4992,35.063,132.597,0.0,103.471,27.1336,24.7961,15.8362,20.32,249.883,0,1392.92,0.0,118.956,66.9442,57.5436,27.0985,76.9238,5.87491,79.7913,31.5772,0.0,84.8691,31.6928,45.02,28.4221,,220.337,29.0013,17.852,112.939,10.101,0.0,54.19,438.019,349.549987793,102.33,98.5,46.5019,11.718,50.5882,62.5411,0.0,0.22419,0.0,0.0,0.0,16.0,72.1758,189.567,0.0,0,14.0059,0.0,476.113,18.3951,0.0,163.58,20.3602,19.8505,97.0382,0.0,77.6438,200.98,75.9957,0.0,0.0,0.0,46.289,0.0,14.6901,22.64,0.0,49.0264,0.0,0.0,0.0
2023-12-10 11:05:00,113.795,897.279,81.8306,0.0,44.35,23.3395,33.7414,52.3992,34.8638,119.399,0.0,96.2997,35.1134,28.3982,25.4188,21.27,253.013,0,1380.03,0.0,98.7472,66.1032,57.9318,24.5991,71.2839,7.70488,82.2478,38.4019,0.0,84.6438,31.8404,45.02,29.1246,,216.843,29.0261,14.657,114.987,9.134,0.0,54.132,444.099,374.399993896,102.45,98.5,47.6005,8.381,56.8322,68.4244,0.0,0.23424,0.0,0.0,0.0,16.0,71.7583,195.216,0.0,0,13.5592,0.0,458.51,17.5308,0.0,164.605,19.0242,19.8395,99.3869,0.0,82.9604,171.371,172.992,0.0,0.06729,0.0,48.389,0.0,14.6901,22.67,0.0,49.7153,0.0,0.0,0.0
2023-12-10 11:10:00,94.0933,899.501,81.9288,0.0,47.87,21.4996,33.181,34.6995,33.2271,119.001,0.0,94.4762,34.8254,22.796,22.8239,18.23,248.555,0,1372.85,0.0,112.139,66.9442,55.8615,24.4984,69.9139,6.6849,84.2156,35.1113,0.0,4.74573,31.6928,45.02,23.3759,,215.534,28.9996,16.645,112.007,8.924,0.0,53.858,437.018,324.559997559,102.97,98.75,47.6005,12.057,53.1884,65.4809,0.0,0.19405,0.0,0.0,0.0,16.0,71.5496,194.603,0.0,0,12.2261,0.0,486.489,16.7715,0.0,164.977,16.3435,19.8199,95.5465,0.0,79.6221,268.034,146.995,0.0,0.0,0.0,48.289,0.0,14.6901,22.55,0.0,44.7664,0.0,0.0,0.0
2023-12-10 11:15:00,92.7964,911.562,82.2103,0.0,54.26,23.5928,34.7814,32.6995,34.1411,124.398,0.0,100.908,30.8434,26.2962,21.6084,19.45,258.636,0,1385.86,0.0,116.991,67.342,61.655,27.1992,67.494,6.03491,75.5446,36.9411,0.0,78.463,31.8404,45.02,23.2653,,90.704,11.777,16.448,115.018,7.117,0.0,53.564,444.831,631.559997559,102.99,98.75,44.3992,11.205,54.2229,55.8319,0.0,0.184,0.0,0.0,0.0,16.0,71.4836,83.5569,0.0,0,11.6109,0.0,471.157,19.0689,0.0,164.904,15.2097,19.8102,91.0811,0.1155,79.573,198.325,152.996,0.0,0.0,0.08823,48.089,0.0,14.6901,22.66,0.0,49.1352,0.0,0.0,0.0
2023-12-10 11:20:00,88.7934,907.167,82.5289,0.0,56.28,25.5605,32.8405,0.0,29.4887,130.599,0.0,95.8343,30.8531,29.3983,22.6816,17.95,257.267,0,1397.51,0.0,123.003,67.911,61.3986,27.0985,63.934,9.62485,67.1846,33.4625,0.0,80.982,31.985,45.02,21.1907,,155.813,13.6355,17.253,114.997,6.579,0.0,53.836,442.78,284.630004883,101.62,99.0,44.6006,6.596,55.7336,60.2484,0.0,0.26438,0.0,0.0,0.0,16.0,0.85145,139.936,0.0,0,10.5489,0.0,461.489,17.6602,0.0,164.892,15.6228,19.8297,94.0145,0.0,80.6789,358.077,145.994,0.0,0.12412,0.0015,47.189,0.0,14.6901,22.53,0.0,43.9325,0.0,0.0,0.0
2023-12-10 11:25:00,88.996,901.015,82.5607,0.0,60.11,22.9816,42.3804,16.3997,26.477,125.6,0.0,97.3999,33.1933,22.6986,16.9103,19.54,255.858,0,1366.89,0.0,103.117,67.8153,60.3854,22.4994,65.214,6.2649,69.8697,33.7045,0.0,18.0245,31.459,45.02,17.5432,,179.802,28.5358,19.458,113.255,6.102,0.0,53.678,440.583,322.049987793,102.42,99.0,44.6006,7.603,53.4173,75.1262,0.0,0.2041,0.0,0.0,0.0,16.0,12.2444,193.477,0.0,0,13.1014,0.0,462.343,19.147,0.0,164.77,17.2664,19.8102,96.7098,0.0,80.7772,260.728,176.993,0.0,0.0,0.0,47.189,0.0,14.6901,22.61,0.0,47.1955,0.0,0.0,0.0
2023-12-10 11:30:00,86.1952,898.988,82.5501,0.0,53.07,20.0511,59.6915,18.0997,27.1293,92.9011,0.0,94.1817,29.304,22.9995,19.966,16.4,255.804,0,1336.3,0.0,121.202,68.48,59.8996,21.001,67.114,5.86491,69.0636,34.0108,0.0,0.93821,31.8681,45.13,17.5258,,179.318,27.1021,19.352,113.781,11.673,0.0,53.34,437.311,373.100006104,101.84,99.0,45.4002,11.915,54.4976,64.5835,0.0,0.184,0.0,0.0,0.0,16.0,71.978,164.381,0.0,0,12.4752,0.0,462.563,26.3468,0.0,164.685,16.2292,19.8395,97.3068,0.0,79.7041,271.824,174.992,0.0,0.0,0.0,44.189,0.0,14.9759,22.88,0.0,47.4312,0.0,0.0,0.0
2023-12-10 11:35:00,80.9953,902.748,82.5501,0.0,48.63,18.9312,39.8205,26.7996,30.3403,92.2969,0.0,90.0618,24.1929,25.097,22.8424,20.5,255.33,0,1317.62,0.0,123.68,68.5051,60.5759,27.1992,66.934,6.4649,67.3941,35.0955,0.0,0.07364,32.0742,45.13,17.4326,,168.24,29.0597,17.85,114.455,12.097,0.0,53.372,441.657,339.679992676,103.38,99.5,45.0004,13.42,56.7498,56.3967,0.0,0.23424,0.0,0.0,0.0,16.1,72.2197,153.046,0.0,0,10.9847,0.0,464.882,17.1695,0.0,164.575,14.0583,19.8102,94.2977,0.0,80.2284,256.489,175.992,0.0,0.0,0.0015,47.189,0.0,14.9759,22.89,0.0,39.6,0.0,0.0,0.0
2023-12-10 11:40:00,76.3985,899.257,82.5209,0.0,46.44,16.0907,51.0927,30.0995,32.5044,116.9,0.0,93.5149,26.533,16.8973,23.0605,18.7,256.779,0,1271.21,0.0,123.491,68.0973,58.8815,27.0985,61.7841,8.87486,65.9849,29.3841,0.0,0.07504,31.8988,45.13,16.5898,,139.337,18.5651,21.059,111.549,12.78,0.0,53.682,441.12,437.010009766,101.84,99.0,47.7012,9.32,49.4163,63.7398,0.0,0.22419,0.0,0.0,0.0,16.1,71.7693,126.972,0.0,0,10.9297,0.0,461.318,17.0401,0.0,164.532,11.6852,19.8102,99.4968,0.0,71.7537,256.315,175.992,0.0,0.0,0.0,42.789,0.0,14.9759,22.65,0.0,38.9293,0.0,0.0,0.0
2023-12-10 11:45:00,77.2966,900.16,82.5103,0.0,44.68,16.8212,66.071,50.3992,32.5708,100.502,0.0,95.6863,23.6545,29.0,23.0595,20.24,257.66,0,1272.16,0.0,122.637,67.5232,58.8693,27.0985,62.314,9.39486,61.5796,35.4319,0.0,0.0956,31.7235,45.13,16.7204,,120.313,15.7401,19.742,114.492,11.609,0.0,53.56,438.557,590.33001709,102.16,99.25,47.6005,8.494,58.3703,68.7705,0.0,0.2041,0.0,0.0,0.0,17.0,72.3296,109.668,0.0,0,9.40993,0.0,455.165,20.7584,0.0,164.294,14.0935,19.8199,97.7499,0.0,70.099,124.733,175.992,0.0,0.0,0.0,40.289,0.0,14.9759,22.74,0.0,37.0621,0.0,0.0,0.0
2023-12-10 11:50:00,75.7979,904.994,82.4598,0.0,52.62,12.1219,57.4099,52.4992,27.7192,70.5985,0.0,92.7443,25.6834,24.2961,28.3689,20.13,257.2,0,1251.41,0.0,109.905,68.3692,58.8083,27.0985,59.5241,9.87485,61.186,34.2211,0.0,0.06984,31.8988,45.13,21.673,,134.372,28.6774,18.14,107.827,12.987,0.0,53.782,438.556,436.670013428,102.86,99.75,47.3014,8.703,60.8972,66.576,0.0,0.2041,0.0,0.0,0.0,17.0,71.3408,121.781,0.0,0,11.3399,0.0,458.998,26.9865,0.0,164.294,17.4861,19.8395,100.968,0.0,66.6419,194.168,163.998,0.0,0.0,0.0,38.789,0.0,14.9759,22.49,0.0,37.2434,0.0,0.0,0.0
2023-12-10 11:55:00,72.7951,901.21,82.3988,0.0,48.67,15.4711,49.2909,52.3992,25.3598,71.6011,0.0,93.637,26.7246,18.9992,27.3951,18.93,265.33,0,1245.65,0.0,119.756,66.8938,57.7975,27.0985,61.2041,9.75485,63.1601,32.1596,0.0,0.07488,32.0158,45.13,21.0135,,163.94,27.5747,0.0,107.264,12.15,17.1499,53.928,437.751,355.329986572,101.97,99.0,47.6005,8.347,64.5411,62.7675,0.0,0.24429,0.0,0.0,0.0,17.0,71.989,147.443,0.0,0,14.6432,0.0,459.511,25.6144,0.0,164.337,15.8865,19.8199,90.6868,0.0,62.7364,192.328,90.9991,0.0,0.0,0.0,36.589,0.0,14.9759,22.88,0.0,33.3278,0.0,0.0,0.0
2023-12-10 12:00:00,64.9953,900.575,82.3988,0.0,49.94,15.7411,41.0217,52.4992,27.0004,71.9993,0.0,96.0815,25.9239,17.6982,26.9118,17.53,259.029,0,1245.97,0.0,123.442,68.6411,57.5998,27.0985,58.8941,8.08488,54.1463,32.1025,0.0,0.00112,31.7235,43.81,22.271,,201.344,29.0615,0.0,107.89,11.779,22.2379,53.268,440.29,421.029998779,102.1,99.0,47.6005,8.156,65.8045,67.6813,0.0,0.2041,0.0,0.0,0.0,17.0,71.8023,182.106,0.0,0,12.9805,0.0,458.51,21.066,0.0,164.19,13.9529,19.8199,90.9432,0.0,67.4202,183.365,97.992,0.0,0.0,0.0,38.989,0.0,14.9759,22.77,0.0,38.1317,0.0,0.0,0.0
2023-12-10 12:05:00,40.296,897.475,82.3111,0.0,44.1,15.5129,39.5422,52.5992,30.4106,86.0002,0.0,106.836,27.075,14.7998,26.3619,17.28,253.988,0,1235.47,0.0,119.841,68.2232,57.3458,27.0985,55.4242,7.35489,54.9842,32.3429,0.0,0.02374,31.782,43.81,24.5576,,188.775,29.0527,0.0,107.106,12.944,24.2472,53.544,438.825,489.929992676,102.69,98.75,47.6005,11.539,65.3742,74.3393,0.0,0.2041,0.0,0.0,0.0,17.0,71.3738,171.678,0.0,0,12.7681,0.0,461.733,20.0601,0.0,164.373,11.7731,19.8102,92.4251,0.0,74.113,156.356,107.994,0.0,0.0,0.0,42.889,0.0,14.9759,22.71,0.0,29.4847,0.0,0.0,0.0
2023-12-10 12:10:00,40.5988,901.21,82.2713,0.0,42.14,16.1828,39.4214,52.4992,27.3949,92.2969,0.0,99.057,27.9942,14.3971,20.3325,18.45,254.53,0,1231.88,0.0,120.989,69.336,57.3141,27.0985,50.2542,9.04486,52.2039,30.8853,0.0,0.00918,31.8681,43.81,25.3225,,173.165,29.019,0.0,106.753,5.485,23.6222,53.824,436.945,541.219970703,103.18,99.0,47.6005,5.175,60.8331,76.3579,0.0,0.23424,0.0,0.0,0.0,17.0,71.5715,157.496,0.0,0,16.5512,0.0,464.663,19.7379,0.0,164.184,12.8278,19.8199,85.594,0.0,75.6367,131.115,108.995,0.0,0.0,0.0,44.189,0.0,14.9759,22.6,0.0,27.4,0.0,0.0,0.0
2023-12-10 12:15:00,39.1974,902.113,82.2395,0.0,44.79,18.5921,43.9002,51.8992,29.6215,116.302,0.0,100.494,25.7346,13.5962,15.7752,17.51,257.078,0,1233.39,0.0,101.585,69.8244,57.8415,27.0985,49.7742,9.56485,50.5598,29.6253,0.0,0.06945,31.459,43.35,24.2944,,113.696,29.0491,0.0,107.548,5.484,21.9229,54.176,442.414,761.950012207,103.04,98.75,47.6005,7.635,59.3591,72.9354,0.0,0.2041,0.0,0.0,0.0,17.0,71.9011,103.68,0.0,0,18.6496,0.0,465.566,23.9298,0.0,164.215,12.072,19.8199,81.0687,0.0,73.3962,16.0586,171.0,0.12412,0.08823,0.0,42.489,0.0,14.8044,22.53,0.0,26.7474,0.0,0.0,0.0
2023-12-10 12:20:00,37.6983,897.914,82.2501,0.0,36.95,13.3988,65.8695,38.6994,27.9145,107.197,0.0,95.7183,25.6236,10.7995,14.8393,18.95,262.064,0,1219.75,0.0,92.9366,71.1034,56.1325,27.0985,45.2843,9.86485,49.3792,31.0599,0.0,0.05027,31.5482,43.35,20.1431,,111.924,17.4836,0.0,105.195,12.866,20.7901,53.054,439.533,552.16998291,102.47,98.5,47.6005,13.95,54.6624,62.4625,0.0,0.184,0.0,0.0,0.0,17.0,71.5276,101.611,0.0,0,23.5935,0.0,460.073,31.7644,0.0,164.184,15.3767,19.8395,91.3338,0.0,61.8762,189.114,137.992,0.0,0.0,0.0,36.589,0.0,14.8044,22.57,0.0,25.6054,0.0,0.0,0.0
2023-12-10 12:25:00,38.797,914.54,82.2103,0.0,34.93,16.8233,69.8393,31.5995,33.2935,79.6006,0.0,94.699,24.7837,19.4993,22.9386,18.53,258.649,0,1239.08,0.0,113.829,69.2907,57.3605,27.0985,39.9544,9.88485,48.7634,28.3684,0.0,0.03637,31.8988,41.73,20.5025,,148.995,28.8526,0.0,108.649,11.487,21.5933,53.544,446.638,609.630004883,103.09,97.75,47.6005,9.921,57.8485,61.5665,0.0,0.2041,0.0,0.0,0.0,17.0,72.011,134.919,0.0,0,22.5351,0.0,458.998,31.8206,0.0,164.019,12.9597,19.8199,92.7376,0.0,62.0032,95.9945,133.0,0.15103,0.10617,0.01944,35.589,0.0,14.8044,22.66,0.0,20.7653,0.0,0.0,0.0
2023-12-10 12:30:00,31.7998,898.329,82.1704,0.0,41.71,16.5826,68.7993,30.2995,34.1451,72.5967,0.0,88.5679,22.6535,16.7999,27.5773,17.12,253.446,0,1225.63,0.0,122.942,68.2685,57.2287,27.0985,40.3744,7.98488,40.5939,29.7975,0.0,0.06426,32.1911,40.72,19.8687,,178.513,29.0137,0.0,107.543,8.551,23.3829,53.65,438.459,475.910003662,103.66,97.0,47.6005,9.535,70.7027,61.8545,0.0,0.2041,0.0,0.0,0.0,17.0,71.7253,161.021,0.0,0,24.3809,0.0,458.266,31.01,0.0,164.056,12.5114,19.8199,69.29,0.0,61.8312,193.875,140.993,0.0,0.0,0.0,35.789,0.0,14.8044,22.65,0.0,21.4723,0.0,0.0,0.0
2023-12-10 12:35:00,33.7969,898.573,82.0908,0.0,36.96,19.3205,57.8311,28.5996,33.9458,100.702,0.0,78.0941,26.5037,11.4987,26.8575,14.78,252.335,0,1252.7,0.0,122.905,68.3088,57.3043,16.3012,42.0444,9.08486,44.8659,28.9969,0.0,0.08324,31.9265,2.11,20.524,,159.096,29.0049,0.0,107.711,6.618,28.7468,53.554,437.189,612.479980469,104.14,95.5,47.6005,7.675,66.5003,62.017,0.0,0.23424,0.0,0.0,0.0,17.0,71.4287,144.889,39.8328,0,26.2046,0.0,457.143,32.1843,0.0,163.879,13.7507,19.7894,82.7668,0.0,61.569,72.4559,150.995,0.0015,0.0015,0.02542,31.689,0.0,14.8044,22.63,0.0,19.7864,0.0,0.0,0.0
2023-12-10 12:40:00,32.7959,899.477,82.0403,0.0,32.82,14.4705,67.7702,28.1996,36.1099,116.0,0.0,74.168,24.9729,19.7958,21.0555,16.52,252.931,0,1261.08,0.0,122.771,70.3129,56.8112,26.1982,40.2844,9.86485,42.0475,26.2023,0.0,0.01086,31.8404,38.46,20.4053,,169.479,29.0155,0.0,107.927,9.996,21.6764,53.002,439.167,446.980010986,104.11,97.0,47.6005,17.613,61.7029,61.0107,0.0,0.2041,0.0,0.0,0.0,17.0,72.2857,153.404,2.44816,0,24.8496,0.0,459.975,29.3669,0.0,163.879,14.3484,19.7699,72.9607,0.0,61.1164,193.646,171.0,0.0015,0.0,0.01047,34.789,0.0,14.8044,22.75,0.0,13.8224,0.0,0.0,0.0
2023-12-10 12:45:00,35.6964,894.862,81.9501,0.0,27.52,11.1507,61.5811,30.2995,33.6841,128.298,0.0,82.8031,20.1035,17.4991,25.8386,15.14,255.099,0,1261.3,0.0,122.759,70.2726,56.7599,27.0985,38.3144,9.88485,41.4127,26.1039,0.0,0.03365,31.8681,0.8,21.5071,,127.795,23.2381,0.0,107.575,9.89,28.593,53.076,438.483,424.660003662,103.84,95.5,47.6005,9.382,63.6988,65.4216,0.0,0.23424,0.0,0.0,0.0,17.0,71.8792,117.011,43.8233,0,22.0334,0.0,463.125,29.9846,0.0,164.135,16.1326,19.7797,85.9492,0.0,65.1489,194.131,175.992,0.0,0.0,0.0,37.589,0.0,14.8044,22.52,0.0,13.8586,0.0,0.0,0.0
2023-12-10 12:50:00,39.6973,900.502,81.9394,0.0,25.32,18.8893,68.5502,33.8995,24.9066,96.6022,0.0,73.93,18.8437,18.9992,27.5722,15.37,255.587,0,1266.77,0.0,122.679,69.9352,57.4215,21.8982,36.2345,9.12486,39.8575,22.3944,0.0,0.00898,32.0158,41.26,20.7626,,142.58,24.7178,0.0,107.922,11.644,23.4293,53.044,439.509,347.200012207,104.35,94.75,47.6005,11.716,68.7526,62.0999,0.0,0.23424,0.0,0.0,0.0,17.0,71.6045,128.528,6.09689,0,23.1723,0.0,463.076,32.8093,0.0,163.787,13.988,19.7504,84.892,0.0,62.4538,193.765,172.992,0.0,0.0,0.01346,36.189,0.0,14.8044,22.52,0.0,14.2031,0.0,0.0,0.0
2023-12-10 12:55:00,46.1968,914.687,81.9209,0.0,24.13,21.3531,68.7297,33.1995,31.9185,73.4001,0.0,70.8797,15.8431,17.8974,26.0577,13.1,258.649,0,1271.65,0.0,122.582,70.4992,57.8488,19.3988,34.8445,9.41486,44.2184,21.1939,0.0,0.02675,31.9573,40.16,20.7882,,157.877,21.645,0.0,108.88,11.487,23.1607,53.536,444.66,421.420013428,104.53,94.75,47.6005,11.426,83.6393,61.8014,0.0,0.21414,0.0,0.0,0.0,17.0,71.9231,122.934,1.10658,0,21.7148,0.0,462.905,32.9705,0.0,163.696,15.4822,19.66,77.6019,0.0,62.0523,193.71,167.999,0.93462,1.0363,0.71928,35.789,0.0,14.8044,22.66,0.0,8.36594,0.0,0.0,0.18196
2023-12-10 13:00:00,28.2988,905.824,81.8996,0.0,20.17,19.2912,68.7297,35.1995,25.4301,92.0977,0.0,77.7752,13.2735,16.6982,29.1226,13.28,254.151,0,1279.19,0.0,120.635,70.5244,58.3346,24.5991,36.9644,8.52487,46.4402,22.0596,0.0,0.06852,31.9573,2.31,20.6879,,207.416,22.6522,0.0,108.406,10.206,28.7053,53.802,442.463,470.350006104,104.82,92.75,47.6005,6.958,88.748,62.0251,0.0,0.2041,0.0,0.0,0.0,17.0,72.2197,126.413,58.2986,0,19.0194,0.0,464.541,26.6838,0.0,163.61,12.4938,19.6503,77.7325,0.0,62.1035,216.37,175.992,0.10617,0.18393,0.0015,35.789,0.0,14.8044,22.61,0.0,9.0548,0.0,0.0,0.88693
2023-12-10 13:05:00,31.5996,906.386,81.9209,0.0,14.22,17.0117,65.3422,43.5993,26.8676,133.503,0.0,73.2387,15.8749,20.5967,27.5476,11.58,255.817,0,1273.43,0.0,119.426,70.6351,58.2956,27.0985,37.7544,8.96486,44.3391,18.5144,0.0,0.03762,31.985,36.71,10.0132,,134.382,29.0491,0.0,107.969,11.577,23.1192,53.688,440.754,530.260009766,104.42,95.25,47.6005,5.751,76.4523,50.1371,0.0,0.21414,0.0,0.0,0.0,17.0,71.5056,120.481,4.08026,0,18.6239,0.0,459.438,17.7578,0.0,163.708,13.1179,19.5599,67.0439,0.0,62.4005,310.881,169.0,0.07926,0.09122,0.0,35.789,0.0,14.8044,22.55,0.0,10.9945,0.0,0.0,0.37652
2023-12-10 13:10:00,30.999,902.358,81.8014,0.0,12.97,18.0206,50.9792,34.7995,18.219,138.097,0.0,73.2738,13.5433,18.3974,26.3957,13.34,241.143,0,1266.43,0.0,105.541,71.7631,58.4933,27.0985,34.8545,9.87485,39.2418,19.6696,0.0,0.0,32.105,36.71,10.2405,,124.522,29.0226,0.0,107.927,8.811,28.6394,53.466,443.879,466.049987793,104.73,95.5,47.6005,17.033,69.6498,58.9179,0.0,0.24429,0.0,0.0,0.0,17.1,71.989,113.101,8.02808,0,20.5979,0.0,458.754,24.7941,0.14241,163.507,9.93619,19.4098,72.9265,0.0,80.2857,239.588,175.992,0.09421,0.06729,0.0,46.089,0.0,14.8044,22.43,0.0,15.6352,0.0,0.0,0.0
2023-12-10 13:15:00,30.3984,904.335,81.7509,0.0,11.88,13.8028,33.2323,45.7993,24.2504,118.301,0.0,71.6533,14.7823,16.1981,26.7059,12.35,251.698,0,1271.48,0.0,93.0831,70.5898,59.0695,27.0985,34.2145,9.58485,39.4449,21.7493,0.0,0.03346,31.985,36.71,14.6616,,128.823,28.8827,0.0,107.411,7.764,28.0461,51.948,439.753,421.619995117,104.7,95.25,47.6005,17.775,70.7485,89.7199,0.0,0.2041,0.0,0.0,0.0,16.9,72.2637,116.315,0.0,0,21.3815,0.0,456.508,20.0455,0.0,163.494,11.7204,19.4098,77.5103,0.0,82.2026,296.214,175.992,0.0,0.0,0.0,47.489,0.0,14.8044,22.5,0.0,14.1306,0.0,0.0,0.0
2023-12-10 13:20:00,34.9981,906.923,81.6899,0.0,12.26,16.4298,67.2612,36.1995,24.9027,83.8991,0.0,65.5024,16.6329,24.3979,27.6234,15.7,254.286,0,1271.85,0.0,47.5929,71.1387,59.3332,27.0985,33.1745,9.88485,40.7907,21.6557,0.0,0.0,31.7235,36.71,14.3365,,160.889,28.3199,0.0,107.843,12.202,27.2868,51.84,438.068,374.320007324,104.88,94.0,47.6005,15.977,87.3472,83.2855,0.0,0.23424,0.0,0.0,0.0,16.9,72.7691,178.453,0.0,0,19.6017,0.0,455.824,26.0075,0.0,163.391,11.3688,19.2804,62.6908,0.0,82.2804,356.374,175.992,0.0,0.0,0.0,47.089,0.0,14.8044,22.76,0.0,12.6078,0.0,0.0,0.0
2023-12-10 13:25:00,37.3956,900.819,81.7005,0.0,11.94,11.0523,79.35,27.8996,23.266,102.301,0.0,60.5066,17.214,19.2957,29.1236,12.38,257.24,0,1261.91,0.0,47.245,72.3472,59.3234,27.0985,31.5945,9.26486,36.1378,20.4909,0.0,0.0339,31.8404,35.55,13.93,,163.608,25.9144,0.0,107.454,11.119,25.7536,53.146,440.046,424.010009766,105.01,94.75,47.3014,14.015,86.6331,78.3446,0.0,0.2041,0.0,0.0,0.0,16.9,71.8023,162.943,0.0,0,15.87,0.0,462.49,41.391,0.0,163.488,13.3815,19.1095,64.3839,0.0,81.0721,380.893,146.995,0.0,0.0,0.0,46.889,0.0,14.8044,22.64,0.0,12.7891,0.0,0.0,0.0
2023-12-10 13:30:00,39.5978,920.595,81.6792,0.0,12.16,16.0321,61.9803,27.1996,20.6448,132.803,0.0,58.4695,17.7328,24.097,29.0775,11.18,251.969,0,1270.94,0.0,114.354,70.8114,59.1379,27.0985,31.3745,9.54486,36.9884,23.0506,0.0,0.07033,31.8681,33.48,21.0719,,184.223,27.7534,0.0,108.701,10.358,28.6125,52.69,447.248,471.769989014,104.78,94.0,47.3014,15.234,93.4539,56.7721,0.0,0.23424,0.0,0.0,0.0,17.1,71.9121,122.724,0.0,0,17.1737,0.0,463.564,0.24292,0.0,163.445,10.1295,18.9496,59.8624,0.1445,81.7725,338.567,134.992,0.51292,0.0,0.0,46.689,0.0,14.8044,22.61,0.0,12.0459,0.0,0.0,0.0
2023-12-10 13:35:00,42.4982,911.977,81.65,0.0,14.13,15.7097,70.4289,51.9992,16.7112,127.0,0.0,64.3,19.5346,18.3974,23.0728,11.62,193.636,0,1279.78,0.0,100.145,71.7329,59.2868,27.0985,32.6145,9.43486,33.7383,19.2483,0.0,37.6791,31.9265,33.48,17.5708,,200.105,28.1977,0.0,108.854,10.437,28.3879,52.926,443.317,510.329986572,104.75,92.75,47.3014,9.485,79.5285,61.1598,0.0,0.23424,0.0,0.0,0.0,17.1,72.9009,135.047,0.0,0,15.9432,0.0,465.639,30.3484,0.05119,163.531,10.0329,18.7103,62.3319,0.1045,64.2355,377.807,133.992,0.85686,0.0,0.0,37.689,0.0,14.8044,22.64,0.0,8.18466,0.0,0.0,0.0
2023-12-10 13:40:00,42.298,902.065,81.5306,0.0,15.53,18.0018,57.7798,0.0,17.0393,130.001,0.0,66.096,19.6432,22.6986,26.409,13.11,202.986,0,1288.3,0.0,120.867,73.3996,58.9474,27.0985,28.7246,9.55485,33.1797,19.6268,0.0,75.8129,31.7235,33.48,11.6106,,218.092,28.865,33.657,107.943,9.306,1.93973,53.114,440.925,547.349975586,104.66,92.0,47.3014,15.484,77.1115,51.4425,0.0,0.2041,0.0,0.0,0.0,16.9,3.47723,192.534,0.0,0,18.4958,0.0,460.317,22.4234,0.0,163.146,8.99574,18.5894,68.2988,0.0,64.0963,382.623,157.997,0.0,0.0,0.0,18.589,0.0,14.8044,22.63,0.0,8.05777,0.0,0.0,0.0
2023-12-10 13:45:00,50.6966,966.055,81.5014,0.0,14.82,14.0037,59.3912,11.0998,18.6136,122.901,0.0,64.2954,19.0036,20.8976,21.6801,12.12,218.135,0,1310.52,0.0,110.228,72.8608,58.9816,27.0985,29.0946,9.43486,32.4053,18.9698,0.0,58.112,31.7235,33.21,11.8103,,216.712,29.0279,31.568,111.802,8.646,0.96803,52.622,467.439,370.029998779,104.96,88.5,47.3014,7.496,85.1225,50.3025,0.0,0.2041,0.0,0.0,0.0,16.9,15.5843,194.868,3.72992,0,16.3864,0.0,461.977,27.9728,0.19826,162.982,7.8092,18.2806,71.6716,0.42449,81.0557,382.486,161.998,3.25246,0.0,0.67143,13.689,0.0,14.9188,22.76,0.0,8.71037,0.0,0.0,0.0
2023-12-10 13:50:00,67.8959,913.832,81.4907,0.0,13.09,13.7923,73.6809,51.4992,18.4808,133.098,0.0,63.3707,15.7137,22.9995,22.2269,12.04,154.219,0,1265.86,0.0,106.303,73.1277,58.3127,27.0985,27.6746,9.22486,27.416,18.6159,0.0,76.4068,31.3697,33.21,11.7412,,215.272,29.0279,30.773,107.917,10.004,0.0,53.016,444.465,472.700012207,104.78,89.0,47.3014,6.957,64.8524,66.1261,0.0,0.23424,0.0,0.0,0.0,16.9,72.7361,190.465,0.0,0,16.3864,0.0,458.046,29.5085,0.0,163.134,9.69888,18.1903,77.6056,0.0,64.6676,382.797,145.994,0.08225,0.0,0.0,29.589,0.0,14.9188,22.62,0.0,10.4688,0.0,0.0,0.0
2023-12-10 13:55:00,87.297,907.045,81.4695,0.0,12.83,15.5213,70.2312,44.4993,19.5276,124.899,0.0,58.9349,14.7347,25.898,16.7496,11.05,179.992,0,1353.27,0.0,121.392,71.8437,58.2345,27.0985,27.2246,9.04486,30.209,17.7518,0.0,31.3784,32.1634,32.42,19.0403,,217.326,29.019,0.0,107.933,9.704,23.5905,52.984,440.095,431.279998779,104.5,90.0,47.3014,9.2,70.0526,42.4059,0.0,0.2041,0.0,0.0,0.0,16.8,71.8132,194.649,0.0,0,17.6352,0.0,461.635,32.9754,0.0,163.024,11.3688,17.9205,77.9657,0.0,61.8967,383.081,166.999,0.0,0.0,0.0,35.789,0.0,14.9188,22.71,0.0,7.949,0.0,0.0,0.0
2023-12-10 14:00:00,87.9958,897.987,81.4801,0.0,11.19,9.15999,75.5413,38.9994,15.008,120.498,0.0,57.6638,16.1837,21.2959,13.8824,11.33,209.504,0,1427.63,0.0,105.138,74.6081,57.1676,27.0985,25.7646,8.89487,29.8598,16.7878,0.0,22.2659,32.0465,32.43,21.5695,,211.606,29.0385,0.0,107.248,10.784,25.192,52.712,440.119,466.320007324,104.66,90.0,47.3014,11.788,73.4493,39.8202,0.0,0.2041,0.0,0.0,0.0,17.1,72.2307,191.92,0.0,0,20.8945,0.0,459.999,35.9637,0.0,162.927,10.1823,17.5604,64.036,0.0,68.4155,383.246,146.995,0.0,0.0,16.029,16.089,0.0,14.9188,22.58,0.0,7.51394,0.0,0.0,0.0
2023-12-10 14:05:00,87.8978,910.781,81.4111,0.0,9.96,12.5217,74.7503,37.3994,15.6604,128.003,0.0,65.1133,15.4623,23.6987,15.0866,10.42,164.219,0,1512.82,0.0,119.194,76.4461,58.0319,27.0985,27.8046,8.73487,26.2416,15.7086,0.0,16.6308,31.8988,32.45,22.4338,,216.893,29.0279,29.573,107.912,7.667,1.55642,52.598,441.828,385.700012207,104.07,89.0,47.3014,12.355,78.2193,66.045,0.0,0.2041,0.0,0.0,0.0,17.1,71.8352,195.143,0.0,0,21.9382,0.0,456.777,36.5203,0.0,162.701,8.85512,17.1001,74.6355,0.0035,68.3991,383.328,175.992,0.0,0.0,0.24375,13.189,0.0,14.9188,22.72,0.0,7.40517,0.0,0.0,0.0
2023-12-10 14:10:00,90.2949,920.131,81.4111,0.0,9.16,14.1021,75.0213,52.3992,17.5003,124.302,0.0,56.231,15.8028,21.2959,20.1267,9.57,223.175,0,1603.83,0.0,120.25,75.4642,57.7169,27.0985,24.9646,8.55487,24.788,18.1478,0.0,10.3762,31.6343,32.52,22.6304,,209.259,29.0881,33.283,110.738,11.669,0.17212,51.572,445.124,405.100006104,104.12,85.75,47.3014,7.104,76.1685,67.4769,0.0,0.24429,0.0,0.0,0.0,17.0,72.1099,195.372,1.32876,0,16.9943,0.0,461.513,36.1297,0.0,162.664,5.69979,16.6301,69.7514,0.0,22.6376,383.52,142.994,0.10019,0.0,0.0,12.189,0.0,14.9188,22.6,0.0,11.0851,0.0,0.0,0.0
2023-12-10 14:15:00,94.5982,928.286,81.3288,0.0,8.99,14.6338,83.9497,52.3992,12.5158,59.5983,0.0,57.7645,17.435,20.0967,10.9061,11.39,125.954,0,1694.78,0.0,110.167,76.854,57.7707,27.0985,22.0647,8.37487,25.7084,15.8911,0.0,5.91616,31.6651,32.52,24.5924,,207.255,29.0155,35.267,114.997,9.421,0.0,51.736,451.545,427.540008545,103.59,83.0,47.3014,6.574,78.8052,75.414,0.0,0.2041,0.0,0.0,0.0,17.0,71.6704,185.924,0.77333,0,21.0629,0.0,462.783,38.9374,0.18523,162.652,6.66661,16.2395,74.1839,0.0,24.4572,383.648,143.994,0.27665,0.0,0.0,11.189,0.0,14.9188,22.6,0.0,12.7347,0.0,0.0,0.0
2023-12-10 14:20:00,89.9963,930.092,81.2597,0.0,6.36,16.8421,81.2213,31.1995,10.2228,76.2978,0.0,56.7346,18.5226,21.7959,10.9138,9.0,102.96,0,1786.67,0.0,121.251,72.8709,57.9171,27.0985,28.2046,8.23487,24.7181,15.6864,0.0,4.61286,31.8404,32.52,11.8379,,181.504,26.4879,36.189,114.992,6.27,0.23804,53.334,448.615,503.950012207,103.71,85.0,47.3014,5.891,79.2813,73.5163,0.0,0.2041,0.0,10.6384,0.0,17.0,71.4177,170.533,1.22622,0,21.6123,0.0,487.613,39.2206,0.10704,162.646,8.31897,16.2297,78.9178,0.0,58.4008,383.667,101.993,0.68339,0.0,0.0,13.689,0.0,14.9188,22.6,0.0,13.6774,0.0,0.0,0.0
2023-12-10 14:25:00,87.697,900.795,81.2889,0.0,6.03,18.2007,81.6498,30.1995,13.3713,60.9991,0.0,49.8726,16.3741,16.4991,20.1994,10.97,120.941,0,1857.35,0.0,121.019,73.6967,55.0191,27.0985,26.4346,8.12488,24.2865,18.3112,0.0,7.0871,31.6928,29.49,11.9383,,185.452,24.893,38.371,114.718,5.522,0.0,50.506,438.459,489.390014648,103.52,84.5,47.3014,5.454,84.6738,73.6789,0.0,0.184,0.0,39.8881,0.0,17.0,72.022,148.542,0.0,0,24.4614,0.0,538.395,38.4857,0.0,162.347,8.11682,15.9905,71.0246,0.0,58.2533,383.667,86.9982,0.0,0.0,0.0,16.489,0.0,14.9188,22.62,0.0,13.206,0.0,0.0,0.0
2023-12-10 14:30:00,88.0952,899.818,81.2491,0.0,5.75,12.7122,73.7395,23.6996,14.0237,59.097,0.0,51.2154,14.1842,16.5964,21.7436,10.39,211.387,0,1841.04,0.0,120.995,77.5992,54.3209,24.6998,26.3546,7.94488,22.4837,16.7243,0.0,16.0573,31.6343,29.31,15.8126,,183.578,24.6948,39.513,113.192,5.095,0.0,49.594,439.191,544.320007324,103.78,82.75,47.2007,5.4,83.6484,65.8898,0.0,0.26438,0.0,39.3625,0.0,17.0,72.5274,174.772,0.0,0,20.77,0.0,502.091,35.0603,0.0,162.176,8.34534,15.7903,71.3286,0.71749,85.6105,383.96,43.997,0.0,0.0,0.0,20.389,0.0,14.9188,22.48,0.0,12.9522,0.0,0.0,0.0
2023-12-10 14:35:00,90.1936,976.236,81.1907,0.0,5.19,13.9221,72.6299,21.1997,14.1565,58.1014,0.0,51.5709,17.413,16.9991,27.478,9.21,189.07,0,1808.69,0.0,120.714,77.5438,55.0973,27.0985,28.6146,7.76488,25.7719,17.459,0.0,26.7561,31.8096,29.31,19.2041,,191.957,26.4666,39.244,114.955,5.086,2.17411,50.148,448.029,630.890014648,103.58,81.0,46.9017,5.522,86.2852,65.2921,0.0,0.23424,0.0,41.1478,0.0,17.0,71.3079,155.683,0.0,0,21.257,0.0,474.502,35.241,0.02327,161.071,8.28382,15.54,81.3336,0.0745,58.882,384.015,29.9938,0.1929,0.0,0.0,11.489,0.0,14.9188,22.47,0.0,11.5383,0.0,0.0,0.0
2023-12-10 14:40:00,83.7948,1020.94,81.1509,0.0,5.87,16.7124,69.6416,18.0997,15.9221,58.8979,0.0,55.7015,20.3745,12.897,28.9935,10.4,143.759,0,1818.44,0.0,110.442,77.5438,54.836,26.6011,29.7645,7.60488,31.4341,21.1947,0.0,72.4746,32.0742,29.31,22.7543,,188.211,27.9074,39.616,114.982,5.22,0.0,50.7,450.08,619.489990234,104.04,80.5,46.9017,5.345,96.5667,70.7102,0.0,0.2041,0.0,41.0685,0.0,17.0,71.8352,170.158,2.08072,0,18.8034,0.0,463.466,32.2161,0.49984,161.236,7.62463,15.28,80.5731,0.0145,68.7514,384.216,0.0,0.17197,0.01346,0.0,12.689,0.0,14.9188,22.48,0.0,15.6714,0.0,0.0,0.0
2023-12-10 14:45:00,89.7994,1071.77,81.1588,0.0,4.14,17.6104,70.2019,22.1997,17.8909,35.9018,0.0,52.3918,19.0036,13.2997,28.9014,11.96,204.951,0,1876.54,0.0,86.894,78.1632,53.8937,27.0985,31.0845,7.42489,28.2919,20.4147,0.0,85.0084,31.7512,28.49,21.4702,,167.586,25.0435,39.596,114.955,4.452,0.41138,50.568,445.026,579.900024414,104.2,78.5,46.8009,6.124,96.9512,63.6484,0.0,0.23424,0.0,30.6689,0.0,17.0,71.5605,123.502,0.86732,0,21.3193,0.0,458.534,33.7786,0.03072,159.832,9.79556,14.9394,83.2892,0.1235,64.1024,384.353,0.0,1.48492,1.68231,0.0,34.789,0.0,14.9188,22.6,0.0,16.6503,0.0,0.0,0.0
2023-12-10 14:50:00,91.1962,1115.59,81.1509,0.0,4.26,15.0001,70.7915,24.1996,16.5784,37.7009,0.0,50.9499,18.0343,15.7999,28.9761,10.8,241.143,0,1847.05,0.0,83.9399,64.0185,53.9889,26.9001,30.4845,7.24489,28.5395,20.9813,0.0,84.9142,31.782,28.49,21.2511,,165.451,24.9338,38.981,114.897,7.081,3.99054,48.456,441.901,770.719970703,104.03,77.25,46.5019,5.641,93.0877,63.6929,0.0,0.21414,0.0,0.1149,0.0,17.0,72.2527,146.281,0.0,0,22.2312,0.0,458.193,33.969,0.07539,159.442,7.22911,14.6904,80.9125,0.0105,63.6662,384.417,0.0,0.0,0.15402,0.0,36.789,0.0,14.9188,22.71,0.0,16.7953,0.0,0.0,0.0
2023-12-10 14:55:00,87.7977,1108.2,81.1296,0.0,2.62,8.20129,70.949,20.9997,17.762,49.9027,0.0,46.2882,22.5046,10.4986,22.8915,10.03,181.13,0,1825.1,0.0,102.415,97.7915,51.7794,26.9001,28.8846,7.04489,29.0346,22.1032,0.0,22.3396,31.6651,28.49,6.41306,,175.512,27.9446,38.948,109.375,10.19,3.62432,50.562,441.144,758.299987793,103.36,75.75,46.3004,6.339,80.0137,63.857,0.0,0.184,0.0,0.0,0.0,17.0,72.1318,165.772,0.0,0,23.5862,0.0,456.093,32.9827,0.0,159.289,7.95862,14.55,85.655,0.0,62.8142,387.997,0.99588,0.0,0.0,0.0,36.889,0.0,14.9188,22.43,0.0,17.321,0.0,0.0,0.0
2023-12-10 15:00:00,88.5967,1155.19,81.1004,0.0,2.44,13.0806,75.2117,21.1997,17.8909,117.703,0.0,55.5215,23.4641,12.7997,19.6045,10.0,220.709,0,1859.75,0.0,115.233,58.7514,52.6217,26.9001,29.6446,6.8749,29.0917,22.6991,0.0,15.2248,31.6066,28.47,6.73766,,103.635,15.8906,39.17,111.865,6.732,5.15267,47.952,446.271,760.809997559,102.68,74.0,44.8997,10.575,107.214,52.7806,0.0,0.23424,0.0,0.0,0.0,17.0,70.9123,170.249,1.58511,0,21.2131,0.0,465.175,36.2493,0.39187,159.033,8.08167,14.2204,82.3517,0.0235,67.67,388.171,3.99657,1.28753,0.28562,0.0,9.989,0.0,14.9188,22.5,0.0,21.0735,0.0,0.0,0.0
2023-12-10 15:05:00,89.999,1217.04,81.0712,0.0,1.04,17.1289,76.1016,21.1997,9.10756,122.599,0.0,55.0347,20.3342,15.2998,17.5186,10.43,199.829,0,1929.96,0.0,87.9744,37.255,53.3638,26.6987,28.4246,6.6849,31.4912,20.3187,0.0,15.0231,31.5174,26.45,14.0611,,88.3877,12.2886,38.783,112.276,5.089,6.11948,45.614,490.559,750.890014648,102.63,72.25,45.2995,7.474,96.228,14.68,0.0,0.26438,0.0,0.0,0.0,17.0,71.3079,74.8684,2.47379,0,23.3518,0.0,463.906,36.6522,0.23922,158.087,7.01817,13.8603,84.3024,0.2815,61.1574,388.199,6.99725,2.10999,2.2685,0.0,11.489,0.0,14.9188,22.46,0.0,20.1127,0.0,0.0,0.0
2023-12-10 15:10:00,91.3951,1226.21,81.0208,0.0,2.51,14.2026,89.7285,24.5996,13.9572,125.497,0.0,46.3996,23.0344,12.397,17.878,8.14,243.297,0,1956.55,0.0,79.6612,66.8183,52.8341,26.1006,31.8045,6.5349,33.2876,16.2323,0.0,18.1156,31.6343,25.43,28.0156,,90.5328,12.3576,38.688,111.586,8.482,6.4686,48.106,505.599,928.609985352,102.56,70.0,45.0004,11.924,105.869,14.9328,0.0,0.21414,0.0,0.0,0.0,17.0,72.3955,72.4697,0.0,0,21.6123,0.0,464.418,45.0996,0.0,156.451,6.47324,13.56,82.414,0.0,82.1371,388.217,9.99794,0.0,0.0,0.0,40.589,0.0,14.9188,22.56,0.0,21.1641,0.0,0.0,0.0
2023-12-10 15:15:00,93.6992,1284.69,81.1111,0.0,2.17,13.7002,64.921,20.2997,19.9222,98.7034,0.0,46.836,24.033,11.4987,10.8416,12.46,222.295,0,1976.79,0.0,65.0431,83.4807,53.0343,25.0996,35.9345,6.3049,28.3173,20.6575,0.0,17.5585,31.459,25.29,28.5532,,95.518,12.9151,38.09,112.323,5.61,0.0,48.284,540.194,1099.94995117,101.6,69.5,45.2995,12.941,93.7652,13.9881,0.0,0.2041,0.0,0.0,0.0,17.0,72.1428,61.7029,0.0,0,22.1323,0.0,463.491,39.0814,0.0,155.804,6.54356,13.1999,77.9242,0.0275,43.4504,388.327,17.9998,0.0,0.0,0.0,10.989,0.0,15.2046,22.65,0.0,23.992,0.0,0.0,0.0
2023-12-10 15:20:00,91.2977,1319.38,81.0712,0.0,3.57,14.2423,39.491,20.8997,16.6487,110.898,0.0,53.3608,25.565,7.09567,21.3361,8.41,219.923,0,1962.8,0.0,63.1083,82.967,51.5694,26.3996,35.4645,6.08491,29.0854,21.589,0.0,17.3967,32.0158,24.38,5.55136,,95.951,12.6249,37.76,108.801,4.166,1.37819,47.312,544.393,1023.55999756,101.44,68.0,44.3015,6.5,82.9892,14.3034,0.0,0.2041,0.0,0.0,0.0,17.0,71.7693,74.5022,0.0,0,25.908,0.0,460.707,21.9132,0.0,154.485,9.18911,12.7702,77.4432,0.0,58.4581,388.519,19.0,0.0,0.0,0.0,25.889,0.0,15.2046,22.38,0.0,27.9801,0.0,0.0,0.0
2023-12-10 15:25:00,99.3975,1309.86,81.1004,0.0,4.19,11.3725,39.6008,21.1997,19.594,88.3005,0.0,52.6665,24.3638,6.99832,22.785,8.91,224.381,0,1961.92,0.0,62.8153,81.3104,51.5132,21.8982,35.1345,5.88491,33.6114,19.4618,0.0,13.2111,31.8681,25.44,5.36858,,113.142,25.8595,37.342,109.375,4.268,13.268,47.182,552.523,1100.15002441,101.64,66.0,43.9994,6.388,81.7716,15.0032,0.0,0.21414,0.0,0.0,0.0,17.0,72.3516,131.211,0.0,0,22.3667,0.0,466.396,18.4878,0.0,154.559,7.65978,12.36,71.5947,0.0,72.6385,388.766,13.9989,0.0,0.0,0.0,48.289,0.0,15.2046,22.55,0.0,24.7353,0.0,0.0,0.0
2023-12-10 15:30:00,103.896,1342.53,80.9995,0.0,6.6,13.2816,66.9023,21.1997,18.2151,113.899,0.0,53.7331,26.7344,12.6979,15.5392,10.68,205.357,0,2035.28,0.0,74.3633,77.9517,51.1324,21.6999,35.0245,5.68491,37.0074,19.2737,0.0,9.7577,31.8096,25.44,5.1049,,140.203,19.3422,37.465,107.601,4.419,6.11215,46.518,556.844,968.530029297,100.55,64.0,43.9017,5.648,78.8144,24.3226,0.0,0.23424,0.0,0.0,0.0,17.0,71.0442,104.514,0.0,0,20.1511,0.0,458.046,25.5265,0.0,153.796,9.91861,12.0402,71.0747,0.0,84.5742,388.675,13.9989,0.16001,0.13608,0.0,44.389,0.0,15.2046,22.45,0.0,26.5662,0.0,0.0,0.0
2023-12-10 15:35:00,115.197,1306.93,79.9508,0.0,10.36,13.7839,71.0515,28.2996,17.2346,110.603,0.0,50.2876,28.0345,9.39673,19.7755,8.19,202.119,0,2102.64,0.0,79.6063,74.9455,51.4302,23.3997,35.6045,5.45492,38.004,21.428,0.0,10.0275,31.782,25.43,3.77715,,128.531,15.4853,36.829,101.221,4.168,13.3462,47.1,547.836,1067.05004883,100.76,62.5,43.9017,4.782,83.209,59.7285,0.0,0.19405,0.0,0.0,0.0,17.0,72.4614,115.088,64.6989,0,19.7116,0.0,462.416,24.9454,0.0,152.49,11.1491,11.6105,81.0529,0.0,83.4396,388.602,8.99771,0.0,0.0,0.0,40.789,0.0,15.2046,22.52,0.0,30.4818,0.0,0.0,0.0
2023-12-10 15:40:00,113.397,1325.78,79.4092,0.0,9.25,15.3915,79.4488,33.7995,19.3323,80.1019,0.0,47.2343,31.4842,12.897,23.6237,10.67,186.55,0,2166.17,0.0,62.6322,86.9199,51.3667,26.1982,38.0744,5.24492,41.1208,24.5931,0.0,11.1933,31.782,24.42,3.42618,,135.127,15.1365,33.567,95.1086,3.968,14.9673,38.528,563.729,886.119995117,100.01,60.5,43.5996,4.995,91.9066,50.5144,0.0,0.21414,0.0,0.0,0.0,17.0,72.4944,95.4772,60.358,0,17.181,0.0,461.806,29.9992,0.0,151.818,12.6608,11.0904,80.2032,0.0625,82.2026,388.739,14.9991,0.72526,0.0,0.0,44.289,0.0,15.2046,22.59,0.0,33.9804,0.0,0.0,0.0
2023-12-10 15:45:00,111.895,1348.41,79.1994,0.0,10.99,15.1215,52.0119,19.9997,17.9573,111.997,0.0,44.5075,37.6355,8.79934,20.4298,9.02,186.78,0,2238.75,0.0,79.6002,88.7931,51.1519,10.2007,37.1544,5.07492,50.033,21.0408,0.0,9.69114,31.5758,24.42,0.4819,,92.5772,12.4054,35.677,92.6659,4.626,26.425,37.116,557.675,1080.39001465,99.04,58.0,43.0014,5.369,97.2625,11.5252,0.0,0.2041,0.0,0.0,0.0,17.0,72.4065,77.5967,3.45647,0,20.1694,0.0,460.17,15.9683,0.0,150.475,9.48794,10.7303,88.0342,0.0,81.2646,388.94,6.99725,0.0,0.01047,0.0,46.989,0.0,15.2046,22.53,0.0,35.6844,0.0,0.0,0.0
2023-12-10 15:50:00,104.797,1340.94,78.5994,0.0,9.6,15.7013,13.7423,20.1997,19.0706,110.603,0.0,48.5771,33.6327,7.29923,26.2021,10.51,208.894,0,2181.26,0.0,114.153,91.5777,48.9107,20.2991,37.0444,4.53493,47.4177,18.6564,0.0,6.61786,31.8096,24.42,1.70029,,107.714,12.2903,35.805,99.8097,4.962,28.0485,36.794,530.745,1146.19995117,98.87,56.0,42.1012,7.511,92.5566,9.90835,0.0,0.23424,0.0,0.0,0.0,17.0,71.8352,80.7919,2.2089,0,20.5392,0.0,464.687,5.63119,0.0,148.943,10.0856,10.3201,90.4317,0.0,80.0481,388.858,5.99702,0.0,0.0,0.0,46.989,0.0,15.2046,22.58,0.0,36.9896,0.0,0.0,0.0
2023-12-10 15:55:00,96.5955,1391.96,77.9701,0.0,9.91,16.2812,9.99222,18.5997,19.2698,99.802,0.0,60.2197,36.6833,7.89662,17.834,11.69,204.964,0,2236.34,0.0,99.8703,90.7519,49.9263,8.40009,40.1644,4.16494,52.661,22.7174,0.0,5.65683,31.985,24.42,2.13632,,112.336,17.1243,35.368,104.69,5.212,26.8449,36.562,565.853,1251.07995605,98.11,54.75,42.4002,8.479,111.234,8.43663,0.0,0.23424,0.0,0.0,0.0,17.0,71.5935,68.9265,0.0,0,22.1286,0.0,461.904,4.92317,0.56872,148.827,11.0173,9.84039,87.3347,0.1665,80.1833,379.995,3.99657,1.34734,1.24565,0.0,47.089,0.0,15.2046,22.61,0.0,32.5846,0.0,0.0,0.0
2023-12-10 16:00:00,96.4954,1440.92,77.2904,0.0,9.34,18.6423,6.7512,19.1997,22.4769,76.9982,0.0,66.363,35.454,15.0963,10.8749,11.27,195.791,0,2193.2,0.0,105.174,92.1064,50.1094,5.40017,40.4644,4.02494,46.0847,19.8593,0.0,6.05107,31.8096,23.57,3.0048,,119.729,15.5791,33.955,103.337,4.999,7.34264,36.324,565.585,1315.80004883,96.86,52.75,41.7014,7.68,94.3236,6.55516,0.0,0.23424,0.0,0.0,0.0,17.0,72.3735,103.177,5.64401,0,23.0808,0.0,458.461,3.56817,0.24108,146.972,10.7536,9.43022,95.2279,0.0665,79.6631,371.939,4.9968,0.72227,0.8419,0.0,46.989,0.0,15.376,22.51,0.0,37.9323,0.0,0.0,0.0
2023-12-10 16:05:00,103.495,1509.5,76.0797,0.0,13.42,21.7005,5.78073,19.1997,23.5277,82.2992,0.0,62.4842,38.3447,13.9989,11.4079,11.82,152.16,0,2267.54,0.0,106.505,91.7842,49.9629,11.1009,41.0944,4.23494,47.1828,20.9995,0.0,6.39718,31.782,28.78,3.81453,,91.5399,15.0994,34.683,101.026,8.156,7.18639,35.764,615.879,1004.65997314,96.08,50.75,42.0005,9.072,106.949,6.90566,0.0,0.2041,0.0,0.0,0.0,17.0,71.989,76.7178,9.53201,0,23.2053,0.0,489.834,1.87381,0.11635,145.507,10.6833,8.97977,100.268,0.34049,78.3196,361.309,5.99702,1.88867,0.0,0.0,47.189,0.0,15.376,22.5,0.0,46.4523,0.0,0.0,0.0
2023-12-10 16:10:00,104.399,1502.59,75.2912,0.0,11.91,17.983,3.99359,19.0997,25.4301,85.1968,0.0,63.9704,35.194,11.3969,10.5108,11.51,159.91,0,2332.92,0.0,109.093,91.2706,49.1328,3.89868,42.6544,3.98494,52.6927,20.2457,0.0,8.24474,31.9573,27.78,6.59328,,69.2227,9.91669,33.936,96.6774,7.225,23.5929,32.86,626.67,1187.31005859,91.85,48.5,41.7014,10.091,102.939,6.76602,0.0,0.21414,0.0,0.0,0.0,17.0,72.6043,71.8563,72.5945,0,21.7917,0.0,476.479,0.55299,0.0,144.048,11.3161,8.48048,101.032,0.0,76.9311,349.902,4.9968,0.0,0.0,0.0,46.989,0.0,15.376,22.37,0.0,48.8995,0.0,0.0,0.0
2023-12-10 16:15:00,127.096,1516.28,74.4601,0.0,10.12,24.1413,3.33074,19.0997,26.8051,97.9,0.0,67.2419,37.6525,14.8972,8.08269,13.5,201.563,0,2283.29,0.0,106.95,93.1236,49.7871,2.29954,44.2543,3.56495,55.035,22.511,0.0,13.012,31.7235,25.75,3.01491,,68.4976,9.35558,33.602,95.9193,4.524,14.977,32.72,650.718,1320.38000488,93.92,46.25,41.2009,8.958,114.53,7.87565,0.0,0.23424,0.0,0.0,0.0,17.0,71.8572,55.4314,72.8765,0,25.864,0.0,459.78,0.85084,0.0,143.005,11.1139,7.96045,110.705,2.76546,75.3828,333.129,6.99725,0.0,0.0,0.0,46.889,0.0,15.376,22.44,0.0,51.6731,0.0,0.0,0.0
2023-12-10 16:20:00,129.398,1575.56,73.6105,0.0,9.19,27.8295,3.54314,17.9997,28.0512,87.401,0.0,60.7202,35.4626,16.7999,7.97875,12.64,164.477,0,2313.22,0.0,103.508,92.4287,49.46,1.39925,44.6543,3.15495,51.3279,22.7189,0.0,12.5455,32.0158,27.81,1.67635,,66.4028,8.96263,34.126,99.4464,5.634,4.76448,32.278,693.443,1324.29003906,92.87,44.25,41.5,6.745,117.624,8.30615,0.0,0.23424,0.0,0.0,0.0,17.0,72.011,52.9778,77.3797,0,24.9778,0.0,462.099,0.72877,1.31336,141.131,12.7663,7.50999,110.964,4.50443,75.0428,333.642,5.99702,1.74511,2.00531,0.0,46.989,0.0,15.376,22.46,0.0,56.5494,0.0,0.0,0.0
2023-12-10 16:25:00,142.996,1592.5,71.7891,0.0,13.1,24.4322,2.94255,18.0997,26.4731,78.9002,0.0,58.8785,32.4645,22.2959,7.87405,13.84,114.802,0,2363.32,0.0,65.1163,94.1609,48.4175,0.59968,44.9343,1.60498,52.7054,25.7452,0.0,13.7984,31.8096,29.81,0.89501,,63.5729,8.58915,33.458,98.7147,4.201,6.11704,31.806,692.271,1315.66003418,89.74,42.0,41.3016,4.556,130.295,7.98566,0.0,0.22419,0.0,0.0,0.0,17.0,72.7581,49.3248,73.073,0,23.2969,0.0,458.119,0.54078,0.0,139.007,11.7116,6.98019,105.611,0.0,73.9942,336.956,11.9984,0.0,0.0,0.0,46.989,0.0,15.376,22.14,0.0,58.3259,0.0,0.0,0.0
2023-12-10 16:30:00,130.897,1666.65,71.1413,0.0,11.83,29.6799,1.56191,14.5998,30.2778,18.5981,0.0,63.4775,34.7948,19.0966,10.9507,13.16,60.7108,0,2413.27,0.0,52.2377,94.5285,48.6763,0.49897,43.7243,2.58496,52.5213,27.5012,0.0,58.9476,31.7235,29.81,0.50664,,63.2104,8.96971,32.709,93.6346,4.144,28.0217,31.708,702.062,1348.07995605,0.0,39.75,39.6994,5.588,124.07,5.54779,0.0,0.19405,0.0,0.0,0.0,17.0,71.2309,46.8803,75.6365,0,26.1277,0.0,461.635,0.25757,0.15917,136.883,9.22426,6.46992,116.771,2.93646,73.261,321.849,8.99771,0.0,0.0,0.0,46.889,0.0,15.376,22.31,0.0,62.0421,0.0,0.0,0.0
2023-12-10 16:35:00,141.397,1731.25,70.1695,0.0,11.25,35.1621,1.20302,10.9998,31.3286,16.0986,0.0,74.3206,38.3142,19.7958,15.2243,15.05,65.5211,0,2441.22,0.0,71.5312,94.7803,47.5215,0.401312,47.8443,2.54496,60.4877,25.4842,0.0,72.9948,31.782,30.87,0.30222,,53.0488,7.38198,30.613,91.513,3.793,23.7027,31.61,731.115,1273.5300293,0.0,37.5,39.9008,6.578,114.859,2.98939,0.0,0.2041,0.0,59.6715,0.0,17.0,69.3083,42.4124,74.2608,0,27.5413,0.0,490.884,0.0,0.0,134.771,8.79359,5.99994,114.007,0.0,71.6063,318.489,10.9982,0.29459,0.33347,0.0,46.989,0.0,15.376,22.24,0.0,63.5648,0.0,0.0,0.0
2023-12-10 16:40:00,147.494,1798.22,68.98,0.0,13.52,30.8542,1.02358,11.0998,29.9497,14.1005,0.0,70.8171,33.8744,21.0967,19.0986,15.94,42.9468,0,2484.17,0.0,79.3561,84.9007,45.8955,0.401312,46.2843,2.72496,63.6045,24.8827,0.0,81.6579,31.459,30.87,0.30222,,47.0968,6.82087,30.273,88.8124,4.296,22.7091,31.996,757.726,1255.05004883,0.0,35.25,38.7015,7.421,131.357,1.81423,0.0,0.23424,0.0,90.8702,0.0,17.0,69.4951,38.4299,74.0984,0,23.0185,0.0,548.967,0.0,6.71945,131.975,7.31701,5.51042,109.571,2.55046,70.1768,310.79,2.99634,0.07626,0.07626,0.0,46.989,0.0,15.376,22.38,0.0,71.251,0.0,0.0,0.0
2023-12-10 16:45:00,134.997,1862.31,67.8198,0.0,11.95,27.3313,0.75257,8.69987,31.6567,12.1023,0.0,69.1874,35.1244,19.0966,18.8354,15.23,37.6216,0,2532.97,0.0,86.4363,76.1691,45.3755,0.300603,46.8043,2.36496,51.22,27.2973,0.0,84.8609,31.6928,30.15,0.14863,,44.71,6.33588,30.283,86.3856,5.67,24.4132,31.964,774.572,1103.35998535,0.0,32.75,37.7005,7.146,142.6,1.15991,0.0,0.22419,0.0,184.344,0.0,17.0,69.2424,37.1572,73.0388,0,19.8947,0.0,604.315,0.0,6.13863,128.655,9.58462,5.02945,116.1,1.24748,69.1323,292.543,1.99611,0.0,0.0,0.0,47.189,0.0,14.6901,22.33,0.0,64.2537,0.0,0.0,0.0
2023-12-10 16:50:00,139.095,1951.18,65.4408,0.0,12.62,36.5416,0.69032,6.09991,30.7348,11.6972,0.0,69.4316,34.0038,21.6986,10.4515,12.42,22.2423,0,2574.82,0.0,82.7375,40.8704,44.3452,0.300603,47.3543,2.21497,54.2352,24.8589,0.0,37.8941,31.3113,30.15,0.24202,,42.5045,6.14826,28.44,87.7912,5.991,15.8267,31.746,807.898,1159.51000977,0.0,30.5,37.0016,6.554,151.353,0.96002,0.0,0.184,0.0,119.665,0.0,17.0,68.6052,30.5287,74.6026,0,22.4253,0.0,664.034,0.0,6.33782,125.676,8.96059,4.5204,113.829,2.44946,67.457,274.919,1.99611,0.35142,0.31254,0.0,47.189,0.0,14.6901,22.35,0.0,65.7764,0.0,0.0,0.0
2023-12-10 16:55:00,136.396,1947.27,62.0609,0.0,11.92,30.5319,0.78187,7.19989,31.52,8.60037,0.0,54.8196,32.8344,23.1987,21.3002,12.0,12.5812,0,2565.03,0.0,66.0746,74.87,42.3358,0.401312,46.4843,1.88497,59.142,26.1928,0.0,81.7152,32.0158,29.86,0.0713,,61.9515,6.02435,28.664,84.2956,3.465,22.2452,30.726,813.245,1055.11999512,0.0,28.25,35.6008,3.765,149.934,1.10538,0.0,0.21414,0.0,254.582,0.0,17.0,68.8469,31.1513,72.1245,0,24.7215,0.0,724.436,0.0,0.2448,123.265,10.6569,4.05042,122.983,0.0,66.1463,279.066,1.99611,0.0,0.0,0.0,47.189,0.0,14.6901,22.38,0.0,73.1,0.0,0.0,0.0
2023-12-10 17:00:00,139.694,2013.85,59.0793,0.0,10.15,35.631,0.78187,7.29989,33.2935,2.29686,0.0,67.7516,33.4545,30.1992,18.2231,14.05,6.07718,0,2584.29,0.0,55.3078,84.241,41.7353,0.700389,48.6443,1.63498,57.2567,26.8855,0.0,76.161,31.9573,29.86,0.0713,,67.5811,9.48302,28.455,80.8001,2.912,25.0236,28.354,837.61,1004.34997559,0.0,26.0,34.2001,2.377,142.307,1.9097,0.0,0.2041,0.0,174.391,0.0,17.0,68.2646,42.266,74.3975,0,21.7771,0.0,777.953,0.0,0.07726,119.243,10.7536,3.5902,124.034,1.94047,60.9116,274.076,2.57885,0.0,0.0,0.0,46.789,0.0,14.6901,22.43,0.0,64.6525,0.0,0.0,0.0
2023-12-10 17:05:00,143.495,2082.5,55.7312,0.0,11.23,40.0728,0.79286,6.4999,26.934,0.0,0.0,68.748,35.415,31.2966,9.85344,12.95,0.0,0,2539.57,0.0,41.2024,63.9229,40.5609,0.999466,44.2943,1.56498,53.702,25.4977,0.0,71.7046,31.8681,29.86,0.0,,66.1309,8.92015,28.861,76.9887,2.862,24.3937,23.916,876.893,947.099975586,0.0,23.75,33.8003,2.145,145.896,2.02258,0.0,0.26438,0.0,107.396,0.0,17.0,68.8579,58.7274,76.7132,0,19.8874,0.0,843.068,0.0,0.25039,114.458,12.5817,3.13974,118.38,4.09544,61.1758,250.977,1.99611,2.16083,2.3642,0.0,45.489,0.0,14.6901,22.52,0.0,58.3622,0.0,0.0,0.0
2023-12-10 17:10:00,131.596,2121.71,52.8107,0.0,10.08,41.8018,0.90272,5.09992,30.5395,0.0,0.0,68.7877,33.225,33.0977,16.9411,14.94,0.0,0,2588.78,0.0,32.4498,57.0897,38.725,0.999466,44.1843,1.42498,61.2431,26.6688,0.0,60.0228,31.6651,28.86,0.0,,122.901,17.0836,27.361,72.3139,2.962,24.0616,22.464,905.019,674.83001709,0.0,21.5,32.2011,2.285,148.331,1.59947,0.0,0.23424,0.0,63.605,25.9,17.0,68.5942,80.9201,74.7308,0,23.165,0.0,891.751,0.0,0.0,108.617,14.8318,2.69051,114.883,0.0,49.8237,214.246,4.12703,0.0,0.0,0.0,43.289,0.0,14.6901,22.29,0.0,54.2291,0.0,0.0,0.0
2023-12-10 17:15:00,129.195,2147.84,49.5715,0.0,9.69,38.842,0.57313,4.19994,31.1919,0.0,0.0,73.9132,30.5943,29.3983,16.3927,16.37,0.0,0,2626.07,0.0,31.3817,36.545,36.7962,0.898756,45.2243,1.13498,51.3216,27.0687,0.0,70.1809,31.6651,28.86,0.0,,48.6175,8.01035,26.466,66.8653,2.862,23.1046,21.77,916.005,671.91998291,0.0,19.5,31.0018,2.29,146.748,1.49649,0.0,0.2041,0.0,62.1461,30.7,17.0,68.9018,40.9201,72.2356,0,20.6308,0.0,957.012,0.0,0.0,102.47,16.1238,2.27058,114.523,0.0,59.6214,193.509,2.99634,28.8863,0.0,0.0,39.489,0.0,14.6901,22.46,0.0,50.9842,0.0,0.0,0.0
2023-12-10 17:20:00,137.297,2242.76,46.2712,0.0,9.2,46.2332,0.72328,3.09995,31.7192,0.0,0.0,78.6999,30.9447,34.3986,15.1788,15.75,0.0,0,2626.82,0.0,34.6227,17.9188,36.4691,0.700389,45.4443,0.84499,45.6086,26.941,0.0,65.9886,31.6928,27.85,0.0,,33.7629,4.92692,24.566,58.4792,2.562,22.1036,21.282,958.096,798.460021973,0.0,17.25,29.7993,2.019,152.57,3.73041,0.0,0.19405,0.0,72.4267,31.8,17.0,68.9238,26.4454,75.5511,0,18.1808,0.0,1004.23,0.0,0.21874,96.2264,16.9675,1.92022,119.282,4.03844,56.3732,182.834,0.99588,1.07817,0.77012,0.0,41.089,0.0,14.6901,22.18,0.0,49.824,0.0,0.0,0.0
2023-12-10 17:25:00,134.099,2239.95,42.8303,0.0,6.82,43.6732,1.20302,7.99988,34.731,0.0,0.0,71.7723,31.8639,29.6992,15.9493,17.81,0.0,0,2657.02,0.0,30.515,21.9874,34.5013,0.401312,42.0544,0.62499,54.8002,26.9029,0.0,54.0242,31.7235,27.85,0.0,,28.5461,4.0419,21.238,50.0246,2.361,20.4825,19.264,975.821,655.539978027,0.0,15.25,28.4993,1.722,142.49,15.0413,0.0,0.2041,0.0,199.092,30.7,17.0,68.737,22.0233,72.8423,0,20.6418,0.0,1055.26,0.0,0.0,89.3049,15.0076,1.56011,119.429,1.34548,54.7451,162.188,0.99588,22.83,0.0,0.0,39.789,0.0,14.6901,22.44,0.0,49.7153,0.0,0.0,0.0
2023-12-10 17:30:00,126.094,2292.71,39.4902,0.0,6.89,41.8919,3.16228,10.0998,38.0787,0.0,0.0,79.9435,28.1334,31.4958,13.0135,15.77,0.0,0,2678.48,0.0,26.5599,20.2351,34.0667,0.199893,47.1843,0.60499,51.5818,24.8129,0.0,32.5734,31.8096,26.42,0.0,,35.1023,4.47025,19.698,47.2345,2.311,18.6563,15.588,997.232,499.660003662,0.0,13.25,27.599,1.61,150.144,22.1057,0.0,0.23424,0.0,274.13,30.7,17.0,69.5171,25.8228,74.594,0,21.5427,0.0,1109.19,0.0,6.80508,82.298,16.4138,1.2598,114.971,0.0,51.4253,147.448,0.99588,0.0,0.0,0.0,37.589,0.0,14.6901,22.41,0.0,56.3138,0.0,0.0,0.0
2023-12-10 17:35:00,118.597,2348.06,36.1315,0.0,6.26,45.4504,5.7734,12.6998,31.2583,0.0,0.0,84.3091,25.2329,35.6996,10.9645,18.97,0.0,0,2682.54,0.0,20.7248,10.3152,32.4285,0.300603,41.4344,0.62499,52.6356,26.0714,0.0,10.668,31.7512,24.78,0.0,,54.7205,6.69697,17.071,41.849,2.311,16.8862,12.846,1021.13,528.520019531,0.0,11.25,26.9001,1.539,141.346,18.3374,0.0,0.2041,0.0,228.388,30.9,17.0,71.5605,31.6365,73.8933,0,20.5722,0.0,1165.81,3.66094,0.0,75.0103,17.2312,1.04007,116.34,0.0,49.3548,135.271,0.0,0.0,0.0,0.0,35.189,0.0,14.6901,22.32,0.0,45.7272,0.0,0.0,0.0
2023-12-10 17:40:00,118.199,2380.26,32.9109,0.0,5.54,43.1206,3.17327,10.1998,31.5239,0.0,0.0,90.4082,19.9338,34.5978,10.1914,15.84,0.0,0,2681.73,0.0,17.1237,9.9778,30.9636,0.401312,40.7344,0.66499,51.9437,24.974,0.0,5.42438,31.8988,22.79,0.0,,52.4244,8.19089,14.918,34.9843,2.211,14.9844,10.686,1043.35,500.829986572,0.0,9.75,25.301,1.438,152.442,32.4326,0.0,0.2041,0.0,259.12,30.7,17.0,71.4946,39.7482,73.7481,0,17.8695,0.0,1225.82,2.99687,0.0,69.0105,18.9188,0.8594,111.627,0.0,46.0923,118.068,0.0,0.0,0.0,0.0,31.389,0.0,14.6901,22.3,0.0,42.5729,0.0,0.0,0.0
2023-12-10 17:45:00,115.598,2410.46,29.6107,0.0,4.93,39.6144,1.01259,9.19986,32.8989,0.0,0.0,91.22,21.5134,36.297,7.09171,17.16,0.0,0,2669.99,0.0,14.1268,9.1268,28.8102,0.59968,41.6344,0.66499,54.1781,24.6915,0.0,3.73683,31.9573,20.78,0.0,,46.5631,6.69343,17.54,30.8623,2.111,13.8613,10.332,1055.97,288.769989014,0.0,8.25,24.0009,1.327,162.815,7.83742,0.0,0.23424,56.42,389.759,30.7,17.0,72.5823,40.4074,65.6645,0,17.6315,0.0,1262.44,0.62867,0.0,62.1317,17.9607,0.71047,124.263,0.0,39.3195,103.612,0.0,0.0,0.0,0.0,26.089,0.0,14.6901,22.31,0.0,33.7991,0.0,0.0,0.0
2023-12-10 17:50:00,122.595,2423.25,26.2201,0.0,3.88,49.2412,0.0,5.79991,35.981,0.0,0.0,95.2575,18.2236,37.3989,4.92672,17.77,0.0,0,2679.24,0.0,12.8145,9.64042,27.6896,0.49897,45.1543,0.57499,57.352,25.8143,0.0,3.0944,31.782,18.77,0.0,,57.3289,8.00858,16.298,27.272,2.061,12.2304,8.556,1071.23,265.100006104,0.0,6.75,22.6001,1.236,160.169,4.25508,0.0,0.23424,120.36,419.204,30.7,17.0,71.9451,42.8702,58.3328,0,16.0568,0.0,1257.58,0.0,0.0,55.5642,19.4725,0.61037,122.434,0.0,29.61,87.5441,0.0,0.0,0.0,0.0,16.489,0.0,14.6901,22.22,0.0,35.7569,0.0,0.0,0.0
2023-12-10 17:55:00,123.596,2443.64,22.7314,0.0,2.89,52.0713,0.0,2.19997,37.9459,0.0,0.0,98.5931,19.1537,35.2969,3.73069,17.56,0.0,0,2683.56,0.0,11.9844,21.2069,23.1632,0.898756,49.1743,0.46499,51.201,26.6982,0.0,2.80704,31.985,16.76,0.23299,,89.1028,9.48479,14.788,24.045,2.01,10.5556,6.318,1091.13,114.910003662,0.0,5.5,20.0,1.163,159.803,3.50698,0.0,0.2041,129.77,549.491,30.8,17.0,71.6704,45.0492,53.0861,0,18.0014,0.0,1257.88,0.0,0.0,49.7291,21.3885,0.56032,116.34,1.33648,22.4492,72.2179,0.0,6.85335,0.0,0.0,13.989,0.0,14.6901,22.3,0.0,37.9685,0.0,0.0,0.0
2023-12-10 18:00:00,129.197,2443.91,19.4497,0.0,3.9,47.2819,0.0,1.99997,43.2546,0.0,0.0,102.731,16.6647,31.2966,3.10349,18.05,0.0,0,2680.9,0.0,11.8013,15.6125,19.1861,1.49996,46.6943,0.36499,55.4984,26.142,0.0,3.11245,31.8681,14.75,1.0033,,51.236,9.55383,12.859,20.0756,1.96,9.34951,5.352,1096.75,81.7799987793,0.0,4.75,17.2015,1.041,164.5,3.42175,0.0,0.2041,244.91,577.885,30.8,17.0,70.6706,50.2495,46.2928,0,17.9171,0.0,1263.42,0.0,5.74025,43.2715,22.6542,0.51027,127.638,0.0,27.5016,59.794,0.0,29.5264,0.0,0.0,8.989,0.0,14.6901,22.21,0.0,36.1013,0.0,0.0,0.0
2023-12-10 18:05:00,134.497,2435.17,16.3406,0.0,3.53,48.7409,0.7306,2.29996,41.7467,0.0,0.0,85.5772,14.9349,26.8981,3.00122,17.79,0.0,0,2667.47,0.0,11.6548,13.2055,17.1304,1.60067,51.2042,0.275,57.0663,26.9918,0.0,4.16038,31.6343,12.71,1.09683,,39.8759,5.71814,11.368,15.1851,1.86,8.17273,4.19,1086.66,219.509994507,0.0,4.0,15.3002,0.883,165.681,3.62758,0.0,0.23424,148.18,584.627,30.5,17.0,71.7583,29.1829,39.4055,0,15.4745,0.0,1211.73,0.0,0.0,37.2778,21.5291,0.46999,125.899,0.0,24.1152,48.8533,0.0,29.7507,0.0,0.0,18.889,0.0,14.6901,22.39,0.0,35.1587,0.0,0.0,0.0
2023-12-10 18:10:00,132.199,2434.09,13.351,0.0,3.01,53.1409,1.18105,1.79997,48.0359,0.0,0.0,94.2428,18.6239,29.0,2.9024,20.18,0.0,0,2660.93,0.0,10.8064,21.3026,14.3105,1.70138,48.7643,0.0,61.2114,26.3451,0.0,3.60192,31.985,11.72,1.0391,,32.927,4.42246,10.036,10.9736,1.76,6.68101,3.986,1084.83,255.210006714,0.0,3.5,13.0999,0.711,158.924,3.39445,0.0,0.2041,153.91,584.722,30.6,17.0,71.6814,22.9664,31.92,0,16.0165,0.0,1201.72,0.0,0.0,31.7906,23.2518,0.43947,131.82,0.0,21.804,38.2605,0.0,28.2673,0.0,0.0,16.689,0.0,14.6901,22.26,0.0,28.2339,0.0,0.0,0.0
2023-12-10 18:15:00,140.296,2454.75,10.5605,0.0,3.87,54.9494,1.39345,3.49995,47.9734,0.0,0.0,100.974,20.0546,30.6992,2.48282,18.9,0.0,0,2670.87,0.0,9.06691,16.8915,11.8178,1.70138,51.9942,0.0,62.8301,25.9912,0.0,3.63789,31.8096,9.44,1.27712,,28.2541,4.0065,8.656,7.66228,1.71,5.88998,2.138,1092.96,137.960006714,0.0,3.0,11.0002,0.576,165.397,3.15553,0.0,0.21414,166.25,590.969,30.7,17.0,72.3516,22.1241,26.6734,0,15.8846,0.0,1203.19,0.0,0.0,26.0838,26.161,0.37965,130.74,0.0045,18.6941,29.2332,0.0,33.4203,0.0,0.0,14.589,0.0,14.7473,22.27,0.0,26.9468,0.0,0.0,0.0
2023-12-10 18:20:00,140.596,2456.78,7.75148,0.0,2.65,43.9202,1.3019,3.09995,46.6609,0.0,0.0,98.9014,20.8139,27.8981,2.28019,19.79,0.0,0,2671.92,0.0,7.44335,5.74296,9.7084,1.79904,49.9242,0.0,60.4116,25.0525,0.0,3.3143,31.8404,7.68,0.91453,,27.1362,3.57638,6.937,4.77214,1.66,4.77424,1.514,1093.82,162.399993896,0.0,2.5,9.0013,0.457,165.333,2.92005,0.0,0.21414,156.17,594.168,30.7,17.0,71.967,20.2106,20.6149,0,12.7608,0.0,1199.48,0.0,3.32016,20.383,25.4843,0.3296,129.225,0.0,11.029,21.7075,0.0,30.0318,0.0,0.0,5.889,0.0,14.7473,22.11,0.0,27.1281,0.0,0.0,0.0
2023-12-10 18:25:00,137.695,2461.32,5.65132,0.0,0.95,52.5108,1.25063,2.59996,53.4774,0.0,0.0,103.729,21.3547,27.2963,1.97485,18.78,0.0,0,2675.9,0.0,6.11887,5.40558,7.97498,1.79904,49.6942,0.0,56.5775,24.8066,0.0,3.12141,31.5482,5.66,0.91453,,23.7826,3.14272,5.639,3.10861,1.61,3.67315,1.002,1104.34,132.309997559,0.0,2.0,7.10002,0.37,156.809,2.76547,0.0,0.184,179.77,605.761,31.7,17.0,72.4504,19.5331,16.8038,0,14.3429,0.0,1160.92,0.28931,8.69833,15.7931,24.869,0.27955,128.308,0.1085,8.34278,10.0069,0.0,26.3651,0.01645,0.0,2.989,0.0,14.7473,22.3,0.0,32.5483,0.0,0.0,0.0
2023-12-10 18:30:00,149.6,2457.9,3.96004,0.0,0.09,56.2305,1.3312,2.39996,51.4461,0.0,0.0,117.642,30.3233,28.1991,1.76691,19.62,0.0,0,2674.58,0.0,3.32952,2.13756,6.16342,1.49996,56.4541,0.0,53.5306,25.6365,0.0,2.73574,31.6343,4.65,0.81274,,22.1511,3.68789,4.343,1.94518,1.56,2.70634,0.584,1106.34,171.770004272,0.0,1.75,5.60159,0.302,154.722,2.6742,0.0,0.184,169.72,599.704,31.0,17.0,71.0112,17.7844,12.2835,0,13.7679,0.0,1161.58,0.32349,6.27453,11.6121,25.7304,0.20997,131.017,0.0,3.5159,6.73839,0.0,56.4732,0.13309,0.0,1.289,0.0,14.7473,22.36,0.0,42.6817,0.0,0.0,0.0
2023-12-10 18:35:00,156.196,2448.21,2.51037,0.0,1.56,54.1121,1.2726,1.79997,61.6689,0.0,0.0,123.105,34.5739,33.2968,1.56352,19.62,0.0,0,2672.16,0.0,2.60319,1.76997,4.40803,1.10018,54.7442,0.0,64.0742,26.4062,0.0,2.68275,31.6343,3.64,0.74106,,15.7057,2.56745,3.176,1.12921,1.51,1.9617,0.378,1131.49,151.279998779,0.0,1.5,3.89868,0.243,155.198,2.44796,0.0,0.2041,244.53,587.529,30.9,17.0,72.2747,16.2829,8.25025,0,18.591,0.0,1162.58,0.0,2.41915,8.19409,27.9277,0.16968,128.07,0.0,1.70374,4.01007,0.0,57.6785,0.0,0.0,0.0,0.0,14.7473,22.26,0.0,40.3614,0.0,0.0,0.0
2023-12-10 18:40:00,153.093,2436.71,0.91202,0.0,0.0,48.7828,1.0309,1.29998,65.7979,0.0,0.0,117.032,30.9935,31.0975,1.25581,18.2,0.0,0,2675.11,0.0,2.09049,0.9794,2.87236,0.898756,53.0142,0.0,65.2803,25.1525,0.0,2.24486,31.7235,2.64,0.19229,,13.5706,1.8081,1.783,0.50275,1.51,0.98268,0.068,1102.51,147.990005493,0.0,1.25,2.29953,0.172,157.899,1.8319,0.0,0.26438,176.97,591.121,31.0,17.0,72.0549,10.4051,2.80705,0,19.4076,0.0,1161.27,0.19654,3.52494,4.67231,26.6972,0.10987,138.747,0.0,0.0,1.37331,0.0,57.9686,0.0,0.0,0.0,0.0,14.7473,22.3,0.0,40.2707,0.0,0.0,0.0
2023-12-10 18:45:00,163.697,2432.51,0.9306,0.0,0.0,50.493,0.49256,1.09998,75.1691,0.0,0.0,146.519,30.3331,33.4959,1.05274,19.45,0.0,0,2659.05,0.0,3.81781,0.49096,1.39773,0.700389,60.4041,0.0,77.6267,27.1116,0.0,1.48678,31.6651,1.62,0.13012,,11.4356,1.60632,1.182,0.0,1.46,0.78737,0.0,1081.68,84.75,1.72,0.75,1.49996,0.11,160.133,1.17698,0.0,0.23424,171.46,586.263,30.4,17.0,72.4504,9.12337,0.0,0,19.7482,0.0,1162.14,0.0,0.0,3.55535,30.8105,0.0,145.098,2.85446,0.56675,0.0,0.0,44.6716,0.0,0.0,0.0,0.0,14.7473,22.31,0.0,39.3643,0.0,0.0,0.0
2023-12-10 18:50:00,160.798,2444.93,0.42083,0.0,0.0,52.7495,0.0,0.0,77.3996,0.0,0.0,140.946,27.8538,33.7968,0.75005,19.28,0.0,0,2669.06,0.0,2.97551,0.0,0.0,0.401312,56.3341,0.0,76.9983,27.3187,0.0,0.45138,31.4282,0.62,0.13012,,8.60563,1.1762,0.0,0.0,1.41,0.24537,0.0,1088.93,24.0699996948,1.11,0.25,0.59968,0.004,164.71,0.35074,0.0,0.22419,160.06,588.209,31.0,17.0,72.044,6.67887,0.0,0,16.7709,0.0,1162.32,0.0,1.70243,1.68154,30.7226,0.0,148.711,0.65049,0.11702,0.0,0.0,58.5069,0.0015,0.0,0.0,0.0,14.7473,22.16,0.0,33.8173,0.0,0.0,0.0
2023-12-10 18:55:00,142.995,2447.43,0.0,0.0,0.0,57.9407,0.0,0.54999,75.8918,0.0,0.0,146.323,27.7037,32.3985,0.54698,20.27,0.0,0,2667.77,0.0,3.10369,0.0,0.23804,0.300603,68.214,0.0,82.3684,27.1647,0.0,0.22967,31.782,0.62,0.13012,,6.83314,0.86467,0.0,0.0,1.41,0.0,0.0,1091.42,7.82999992371,0.52,0.0,0.3006,0.0,177.473,0.0,0.0,0.22419,180.42,591.339,30.7,17.0,71.7583,4.32593,0.0,0,19.9789,0.0,1164.39,0.0,1.16815,0.47303,29.9228,0.0,150.059,0.0,0.11231,0.0,0.0,31.6019,0.0,0.0,0.0,0.0,14.7473,22.2,0.0,34.4517,0.0,0.0,0.0
2023-12-10 19:00:00,121.395,2434.97,0.0,0.0,0.13,55.8726,0.0,0.0,79.2317,0.0,0.0,147.909,24.9131,33.3986,0.34432,20.92,0.0,0,2663.98,0.0,2.34684,0.0,0.0,0.099184,66.294,0.0,83.2254,27.8797,0.0,0.0,31.6066,0.0,0.0,,6.10803,0.80095,0.0,0.0,1.36,0.0,0.0,1085.66,0.0,0.17,0.0,0.09918,0.0,180.128,0.0,0.0,0.26438,169.83,586.346,30.6,17.0,71.956,3.43786,0.0,0,22.4546,0.0,1160.09,0.0,1.02481,0.0,30.9775,0.0,151.78,0.0,0.0,0.0,0.0,57.837,0.0,0.0,0.0,0.0,15.0902,22.14,0.0,37.4609,0.0,0.0,0.0
2023-12-10 19:05:00,88.7954,2471.6,0.0,0.0,0.12,65.0221,0.0,0.0,80.1497,0.0,0.0,157.44,19.4247,40.0982,0.34432,20.74,0.0,0,2676.38,0.0,1.41299,0.0,0.0,0.001526,64.284,0.0,79.2961,26.5276,0.0,0.0,31.4005,0.0,0.0,,5.07073,0.61509,0.0,0.0,1.36,0.0,0.0,1113.84,127.580001831,0.0,0.0,0.00153,0.0,193.184,0.0,0.0,0.22419,152.11,600.205,31.5,17.0,70.8574,2.48569,0.0,0,22.2385,0.0,1112.7,0.0,5.30649,0.0,30.8281,0.0,148.769,0.1255,0.0,0.0,0.0,2.73207,0.66246,0.0,0.0,0.0,15.0902,22.28,0.0,26.4212,0.0,0.0,0.0
2023-12-10 19:10:00,65.4946,2459.31,0.0,0.0,0.0,59.3515,0.0,0.0,80.9348,0.0,0.0,157.426,14.0841,38.098,0.13704,20.27,0.0,0,2667.5,0.0,0.52796,0.0,0.0,0.001526,62.4641,0.0,72.4088,29.0294,0.0,0.0,31.4005,0.0,0.0,,3.60037,0.40446,0.0,0.0,1.36,0.0,0.0,1088.88,76.0199966431,0.0,0.0,0.00153,0.0,181.73,0.0,0.0,0.2041,183.17,575.672,30.7,16.9,71.4397,1.48775,0.0,0,25.7908,0.0,1101.43,0.0,0.12938,0.0,31.7598,0.0,156.177,0.0,0.0,0.0,0.0,57.6874,0.0,0.0,0.0,0.0,15.0902,22.16,0.0,21.3454,0.0,0.0,0.0
2023-12-10 19:15:00,40.396,2459.05,0.0,0.0,1.21,64.2225,0.0,0.0,81.8528,0.0,0.0,151.461,9.78347,41.2974,0.03666,19.83,0.0,0,2667.3,0.0,0.0,0.0,0.0,0.001526,63.784,0.0,62.7221,27.9154,0.0,0.0,31.6343,0.0,0.0,,1.99908,0.22037,0.0,0.0,1.36,0.0,0.0,1090.69,106.370002747,0.0,0.0,0.00153,0.0,187.407,0.0,0.0,0.25433,187.55,580.996,30.9,17.1,72.9229,0.0,0.0,0,24.5493,0.0,1100.62,0.0,1.77876,0.0,32.7354,0.0,158.146,0.0,0.0,0.0,0.0,42.3597,0.0,0.0,0.0,0.0,15.0902,22.12,0.0,28.5058,0.0,0.0,0.0
2023-12-10 19:20:00,24.395,2470.18,0.0,0.0,0.65,65.7212,0.0,0.0,68.7471,0.0,0.0,150.842,10.4634,45.1959,0.0,20.66,0.0,0,2675.09,0.0,0.0,0.0,0.0,0.001526,62.714,0.0,61.6176,27.6448,0.0,0.0,31.4897,0.0,0.0,,0.0,0.0,0.0,0.0,1.36,0.0,0.0,1100.36,156.929992676,0.0,0.0,0.00153,0.0,194.896,0.0,0.0,0.26438,192.61,589.874,31.2,17.1,71.165,0.0,0.0,0,24.4468,0.0,1099.2,0.0,4.28447,0.0,31.1533,0.0,160.314,0.0,0.0,0.0,0.0,26.8048,0.0,0.0,0.0,0.0,15.0902,22.06,0.0,32.8021,0.0,0.0,0.0
2023-12-10 19:25:00,34.0961,2477.21,0.0,0.0,0.02,68.9113,0.0,0.0,60.2236,0.0,0.0,150.719,14.4137,51.3999,0.0,19.83,0.0,0,2677.04,0.0,0.0,0.0,0.0,0.001526,57.8341,0.0,56.8822,26.983,0.0,0.0,31.7512,0.0,0.0,,0.0,0.0,0.0,0.0,1.36,0.0,0.0,1104.8,163.960006714,0.0,0.0,0.00153,0.0,191.408,0.0,0.0,0.23424,189.58,580.603,31.0,17.1,72.0659,0.0,0.0,0,22.872,0.0,1101.43,0.0,3.69621,0.0,31.0215,0.0,161.207,0.1745,0.0,0.0,0.0,59.3652,0.0015,0.0,0.0,0.0,15.0902,22.18,0.0,40.8689,0.0,0.0,0.0
2023-12-10 19:30:00,43.5948,2446.2,0.0,0.0,0.0,62.7719,0.0,0.0,53.6766,0.0,0.0,152.143,19.0744,49.9972,0.0,18.96,0.0,0,2667.55,0.0,0.0,0.0,0.0,0.001526,52.8442,0.0,56.3046,27.4901,0.0,0.0,31.9573,0.0,0.0,,0.0,0.0,0.0,0.0,1.36,0.0,0.0,1084.12,168.649993896,0.0,0.0,0.00153,0.0,187.416,0.0,0.0,0.23424,185.79,573.055,30.4,17.1,71.8572,0.0,0.0,0,20.1804,0.0,1105.16,0.0,0.0,0.0,29.3252,0.0,157.294,0.0,0.0,0.0,0.0,57.1521,0.0,0.0,0.0,0.0,15.0902,22.11,0.0,54.501,0.0,0.0,0.0
2023-12-10 19:35:00,44.0964,2469.2,0.0,0.0,0.0,72.0533,0.0,0.0,54.786,0.0,0.0,166.12,17.5448,51.7982,0.0,19.0,0.0,0,2674.38,0.0,0.0,0.0,0.0,0.001526,47.6243,0.0,60.1957,27.7265,0.0,0.0,32.0742,0.0,0.0,,0.0,0.0,0.0,0.0,1.36,0.0,0.0,1099.87,261.179992676,0.0,0.0,0.00153,0.0,184.55,0.0,0.0,0.26438,150.22,583.81,30.7,17.1,71.8682,0.0,0.0,0,16.6867,0.0,1052.91,0.0,0.0,0.0,25.7831,0.0,155.524,0.0,0.0,0.0,0.0,0.46207,0.0,0.0,0.0,0.0,15.0902,22.1,0.0,61.4983,0.0,0.0,0.0
2023-12-10 19:40:00,41.3937,2457.58,0.0,0.0,0.0,66.0624,0.0,0.0,57.6688,0.0,0.0,156.229,10.8553,51.099,0.0,18.88,0.0,0,2663.88,0.0,0.0,0.0,0.0,0.001526,44.1643,0.0,56.7489,26.6871,0.0,0.0,31.9573,0.0,0.0,,0.0,0.0,0.0,0.0,1.36,0.0,0.0,1086.96,255.330001831,0.0,0.0,0.00153,0.0,186.821,0.0,0.0,0.23424,160.69,585.511,30.4,17.1,72.2307,0.0,0.0,0,14.9911,0.0,1038.39,0.0,0.0,0.0,26.8466,0.0,159.426,0.0,0.0,0.0,0.0,0.05533,0.0,0.0,0.0,0.0,15.0902,22.11,0.0,68.2962,0.0,0.0,0.0
2023-12-10 19:45:00,60.6951,2462.22,0.0,0.0,0.0,69.6628,0.0,0.0,56.2938,0.0,0.0,156.504,9.71389,50.4972,0.0,20.44,0.0,0,2673.5,0.0,0.0,0.0,0.0,0.001526,43.5743,0.0,54.2796,25.7563,0.0,0.0,31.4282,0.0,0.0,,0.0,0.0,0.0,0.0,1.36,0.0,0.0,1095.43,415.339996338,0.0,0.0,0.00153,0.0,193.944,0.0,0.0,0.22419,125.55,490.671,31.3,17.1,72.3076,0.0,0.0,0,14.6249,0.0,983.013,0.0,21.9883,0.0,25.9149,0.0,160.67,0.0,0.0,0.0,0.0,4.93028,0.0,0.0,0.0,0.0,14.6901,22.14,0.0,45.7816,0.0,0.0,0.0
2023-12-10 19:50:00,91.7964,2456.21,0.0,0.0,0.0,70.7031,0.0,0.0,45.7429,0.0,0.0,150.919,11.3936,54.4975,0.0,18.75,0.0,0,2673.77,0.0,0.0,0.0,0.0,0.001526,39.3744,0.0,57.0219,24.7701,0.0,0.0,31.8988,0.0,0.0,,0.0,0.0,0.0,0.0,1.36,0.0,0.0,1096.94,445.630004883,0.0,0.0,0.00153,0.0,192.406,0.0,0.0,0.22419,31.12,581.226,30.7,17.1,72.1977,0.0,0.0,0,14.5956,0.0,922.196,0.0,0.65435,0.0,23.5682,0.0,160.654,0.0,0.0,0.0,0.0,0.0,0.0,0.0,0.0,0.0,14.6901,22.05,0.0,57.8002,0.0,0.0,0.0
2023-12-10 19:55:00,114.295,2443.18,0.0,0.0,0.0,62.8619,0.0,0.0,42.1374,0.0,0.0,151.618,12.6339,50.599,0.0,18.54,0.0,0,2663.32,0.0,0.0,0.0,0.0,0.001526,38.1844,0.0,51.2708,25.8127,0.0,0.0,32.0158,0.0,0.0,,0.0,0.0,0.0,0.0,1.36,0.0,0.0,1085.61,356.850006104,0.0,0.0,0.00153,0.0,200.224,0.0,0.0,0.2041,118.31,579.476,30.6,17.1,71.989,0.0,0.0,0,17.8109,0.0,871.535,0.0,0.0,0.0,20.8524,0.0,162.337,0.0,0.0,0.0,0.0,0.05832,0.0,0.0,0.0,0.0,14.6901,22.1,0.0,66.5559,0.0,0.0,0.0
2023-12-10 20:00:00,125.394,2465.44,0.0,0.0,0.0,64.5804,0.0,0.0,32.7036,0.0,0.0,152.535,9.36477,49.798,0.0,21.57,0.0,0,2671.84,0.0,0.0,0.0,0.0,0.001526,41.6044,0.0,53.9115,27.7932,0.0,0.0,31.7235,0.0,0.0,,0.0,0.0,0.0,0.0,1.36,0.0,0.0,1095.23,371.489990234,0.0,0.0,0.00153,0.0,199.043,0.0,0.0,0.21414,120.15,478.232,31.3,17.1,70.8025,0.0,0.0,0,22.2715,0.0,808.399,0.0,0.0,0.0,20.3602,0.0,161.371,0.0,0.0,0.0,0.0,3.13881,0.0015,0.0,0.0,0.0,14.6901,22.26,0.0,79.771,0.0,0.0,0.0
2023-12-10 20:05:00,134.196,2473.65,0.0,0.0,0.04,64.5511,0.0,0.0,38.4693,0.0,0.0,149.502,5.09468,48.9971,0.0,20.79,0.0,0,2677.92,0.0,0.0,0.0,0.0,0.001526,46.8543,0.0,59.6435,28.101,0.0,0.0,32.0465,0.0,0.0,,0.0,0.0,0.0,0.0,1.36,0.0,0.0,1092.47,347.380004883,0.0,0.0,0.00153,0.0,182.051,0.0,0.0,0.22419,128.49,396.722,32.2,17.2,72.9448,0.0,0.0,0,24.542,0.0,828.297,0.0,0.47378,0.0,19.1209,0.0,160.673,0.38549,0.0,0.0,0.0,3.1418,2.76497,0.0,0.0,0.0,14.6901,22.25,0.0,91.9891,0.0,0.0,0.0
2023-12-10 20:10:00,134.9,2440.52,0.0,0.0,1.12,62.4328,0.0,0.0,45.153,0.0,0.0,143.74,4.80598,41.4965,0.0,22.33,0.0,0,2656.95,0.0,0.0,0.0,0.0,0.001526,54.6342,0.0,59.2499,28.3367,0.0,0.0,31.8681,0.0,0.0,,0.0,0.0,0.0,0.0,1.36,0.0,0.0,1044.69,175.600006104,0.0,0.0,0.00153,0.0,168.4,0.0,0.0,0.26438,127.83,538.953,30.3,16.9,71.5496,0.0,0.0,0,24.6372,0.0,886.087,0.0,0.0,0.0,14.7175,0.0,159.811,0.0,0.0,0.0,0.0,28.1177,0.0,0.0,0.0,0.0,14.6901,22.22,0.0,92.678,0.0,0.0,0.0
2023-12-10 20:15:00,120.499,2475.14,0.0,0.0,0.0,69.6314,0.0,0.0,44.4343,0.0,0.0,141.218,3.66583,50.4972,0.0,22.94,0.0,0,2674.38,0.0,0.0,0.0,0.0,0.001526,57.9241,0.0,59.1039,27.5004,0.0,0.0,31.7235,0.0,0.0,,0.0,0.0,0.0,0.0,1.36,0.0,0.0,1015.71,311.0,0.0,0.0,0.00153,0.0,165.003,0.0,0.0,0.23424,122.92,442.331,31.0,17.2,72.2966,0.0,0.0,0,24.4138,0.0,835.06,0.0,0.05306,0.0,16.7127,0.0,160.928,0.0025,0.0,0.0,0.0,0.37833,0.0,0.0,0.0,0.0,14.6901,22.17,0.0,99.7115,0.0,0.0,0.0
2023-12-10 20:20:00,136.795,2461.12,0.0,0.0,0.2,62.5123,0.0,0.0,41.4147,0.0,0.0,135.595,3.29412,52.2982,0.0,21.5,0.0,0,2664.01,0.0,0.0,0.0,0.0,0.001526,51.5642,0.0,61.9985,26.868,0.0,0.0,31.5482,0.0,0.0,,0.0,0.0,0.0,0.0,1.36,0.0,0.0,974.209,425.950012207,0.0,0.0,0.00153,0.0,165.251,0.0,0.0,0.22419,-0.09,423.044,30.7,17.1,72.4175,0.0,0.0,0,24.9705,0.0,862.16,0.0,0.0,0.0,20.0789,0.0,163.719,0.0,0.0,0.0,0.0,0.0,0.0,0.0,0.0,0.0,14.6901,22.12,0.0,99.4759,0.0,0.0,0.0
2023-12-10 20:25:00,151.895,2474.21,0.0,0.0,0.11,67.3519,0.0,0.0,38.9264,0.0,0.0,130.292,7.31518,52.6965,0.0,19.49,0.0,0,2674.36,0.0,0.0,0.0,0.0,0.001526,44.3043,0.0,71.5519,24.847,0.0,0.0,31.5174,0.0,0.0,,0.0,0.0,0.0,0.0,1.36,0.0,0.0,947.256,559.469970703,0.0,0.0,0.00153,0.0,166.303,0.0,0.0,0.23424,0.0,330.664,31.6,17.1,71.2859,0.0,0.0,0,19.8727,0.0,805.274,0.0,0.09587,0.0,22.6454,0.0,164.068,0.0,0.0,0.0,0.0,26.2634,0.0,0.0,0.0,0.0,14.6901,22.13,0.0,98.0075,0.0,0.0,0.0
2023-12-10 20:30:00,134.595,2472.52,0.0,0.0,0.0,66.9123,0.0,0.0,32.2427,0.0,0.0,125.566,11.1336,49.4971,0.0,18.67,0.0,0,2676.31,0.0,0.0,0.0,0.0,0.001526,38.7544,0.0,74.9924,23.464,0.0,0.0,32.0158,0.0,0.0,,0.0,0.0,0.0,0.0,1.36,0.0,0.0,926.503,542.099975586,0.0,0.0,0.00153,0.0,166.249,0.0,0.0,0.25433,0.0,246.247,31.5,17.1,71.209,0.0,0.0,0,14.5956,0.0,858.596,0.0,0.22618,0.0,22.118,0.0,164.124,0.0215,0.0,0.0,0.0,0.26169,0.30057,0.0,0.0,0.0,14.6901,22.13,0.0,98.5695,0.0,0.0,0.0
2023-12-10 20:35:00,115.597,2474.13,0.0,0.0,0.0,69.4618,0.0,0.0,25.2973,0.0,0.0,125.016,9.57351,52.2982,0.0,18.66,0.0,0,2662.25,0.0,0.0,0.0,0.0,0.001526,36.3844,0.0,73.3229,25.477,0.0,0.0,31.5174,0.0,0.0,,0.0,0.0,0.0,0.0,1.36,0.0,0.0,899.892,406.899993896,0.0,0.0,0.00153,0.0,169.343,0.0,0.0,0.2041,8.91,385.439,31.1,16.9,71.9011,0.0,0.0,0,13.6764,0.0,859.352,0.0,1.71547,0.0,22.0301,0.0,165.515,0.0365,0.0,0.0,0.0,0.0,0.13608,0.0,0.0,0.0,14.6901,22.23,0.0,100.02,0.0,0.0,0.0
2023-12-10 20:40:00,77.5977,2470.62,0.0,0.0,0.0,72.2521,0.0,0.0,27.7192,0.0,0.0,125.91,5.93454,48.2979,0.0,18.93,0.0,0,2636.44,0.0,0.0,0.0,0.0,0.001526,41.4944,0.0,76.173,25.1422,0.0,0.0,31.6928,0.0,0.0,,0.0,0.0,0.0,0.0,1.36,0.0,0.0,899.501,472.929992676,0.0,0.0,0.00153,0.0,172.218,0.0,0.0,0.22419,0.0,365.73,31.2,16.9,71.9341,0.0,0.0,0,15.0094,0.0,856.227,0.0,4.30309,0.0,20.6854,0.0,165.559,0.0015,0.0,0.0,0.0,0.0,0.0,0.0,0.0,0.0,14.6901,22.36,0.0,101.107,0.0,0.0,0.0
2023-12-10 20:45:00,64.7972,2468.52,0.0,0.0,0.0,74.6133,0.0,0.0,20.5784,0.0,0.0,114.891,3.69329,53.6966,0.0,18.74,0.0,0,2610.03,0.0,0.0,0.0,0.0,0.001526,46.3043,0.0,80.9212,25.7262,0.0,0.0,31.459,0.0,0.0,,0.0,0.0,0.0,0.0,1.36,0.0,0.0,899.428,533.309997559,0.0,0.0,0.00153,0.0,170.497,0.0,0.0,0.28448,0.0,268.063,31.3,16.9,71.7583,0.0,0.0,0,12.2957,0.0,857.936,0.0,22.3253,0.0,15.2536,0.0,166.016,0.0,0.0,0.0,0.0,0.0,0.13907,0.0,0.0,0.0,14.6901,22.15,0.0,96.0135,0.0,0.0,0.0
2023-12-10 20:50:00,56.5975,2465.22,0.0,0.0,3.1,79.2896,0.0,0.0,18.1526,0.0,0.0,110.559,6.47288,53.8957,0.0,20.55,0.0,0,2593.15,0.0,0.0,0.0,0.0,0.001526,50.7842,0.0,80.2737,25.4302,0.0,0.0,31.6343,0.0,0.0,,0.0,0.0,0.0,0.0,1.36,0.0,0.0,896.571,531.559997559,0.0,0.0,0.00153,0.0,173.005,0.0,0.0,0.23424,0.0,230.08,31.2,17.0,71.9121,0.0,0.0,0,14.2953,0.0,857.497,0.0,10.2621,0.0,13.3903,0.0,168.048,0.0,0.0,0.0,0.0,0.0,0.39329,0.0,0.0,0.0,14.6901,22.36,0.0,89.3606,0.0,0.0,0.0
2023-12-10 20:55:00,55.1955,2477.65,0.0,0.0,2.77,79.3293,0.0,0.0,13.8264,0.0,0.0,134.697,9.56374,48.8997,0.0,21.79,0.0,0,2598.62,0.0,0.0,0.0,0.0,0.001526,53.6942,0.0,75.4938,27.4099,0.0,0.0,32.1911,0.0,0.0,,0.0,0.0,0.0,0.0,1.36,0.0,0.0,904.359,533.429992676,0.0,0.0,0.00153,0.0,178.709,0.0,0.0,0.23424,0.0,216.1,31.3,17.0,72.0879,0.0,0.0,0,11.2959,0.0,810.694,0.0,14.1845,0.0,15.3679,0.0,167.968,0.0185,0.0,0.0,0.0,0.0,0.24973,0.0,0.0,0.0,14.6901,22.26,0.0,84.8649,0.0,0.0,0.0
2023-12-10 21:00:00,46.3997,2468.23,0.0,0.0,3.71,76.7421,0.0,0.0,19.0061,0.0,0.0,131.771,10.483,48.8997,0.0,18.65,0.0,0,2595.72,0.0,0.0,0.0,0.0,0.001526,58.2741,0.0,75.1891,28.1907,0.0,0.0,31.5482,0.0,0.0,,0.0,0.0,0.0,0.0,1.36,0.0,0.0,895.839,533.979980469,0.0,0.0,0.00153,0.0,184.056,0.0,0.0,0.22419,0.0,213.253,30.9,17.0,71.8132,0.0,0.0,0,11.8965,0.0,751.781,0.0,21.2381,0.0,19.5164,0.0,167.354,0.0,0.0,0.0,0.0,0.0,0.0,0.0,0.0,0.0,14.6901,22.16,0.0,74.3508,0.0,0.0,0.0
2023-12-10 21:05:00,41.596,2463.1,0.0,0.0,11.32,79.9029,0.0,0.0,25.2973,0.0,0.0,120.294,11.584,47.0987,0.0,18.68,0.0,0,2525.99,0.0,0.0,0.0,0.0,0.001526,59.4341,0.0,75.8683,26.0325,0.0,0.0,31.8988,0.0,0.0,,0.0,0.0,0.0,0.0,1.36,0.0,0.0,860.072,408.820007324,0.0,0.0,0.00153,0.0,197.34,0.0,0.0,0.25433,0.0,359.998,31.2,17.0,71.4836,0.0,0.0,0,13.171,0.0,806.494,0.0,22.5356,0.0,20.0438,0.0,163.308,0.0,0.0,0.0,0.0,0.0,0.0,0.0,0.0,0.0,14.6901,22.15,0.0,67.8974,0.0,0.0,0.0
2023-12-10 21:10:00,43.5957,2440.86,0.0,0.0,12.27,77.2026,0.0,0.0,26.477,0.0,0.0,128.191,13.2357,41.0983,0.0,23.25,0.0,0,2446.42,0.0,0.0,0.0,0.0,0.001526,54.8142,0.0,75.5319,25.3533,0.0,0.0,31.6928,0.0,0.0,,0.0,0.0,0.0,0.0,1.36,0.0,0.0,835.877,378.130004883,0.0,0.0,0.00153,0.0,199.739,0.0,0.0,0.21414,0.0,487.843,30.6,17.0,71.4836,0.0,0.0,0,13.4969,0.0,861.452,0.0,0.85354,0.0,20.8524,0.0,165.052,0.0,0.0,0.0,0.0,0.0,0.0,0.0,0.0,0.0,14.29,22.25,0.0,58.1447,0.0,0.0,0.0
2023-12-10 21:15:00,65.594,2418.03,0.0,0.0,6.52,75.8922,0.0,0.0,31.063,0.0,0.0,147.739,13.5946,45.2977,0.0,24.09,0.0,0,2408.68,0.0,0.0,0.0,0.0,0.001526,49.5342,0.0,76.1857,26.157,0.0,0.0,31.5482,0.0,0.0,,0.0,0.0,0.0,0.0,1.36,0.0,0.0,795.227,432.440002441,0.0,0.0,0.00153,0.0,202.834,0.0,0.0,0.23424,0.0,483.34,30.5,17.0,71.5056,0.0,0.0,0,15.5404,0.0,859.597,0.0,0.0,0.0,20.8084,0.0,163.47,0.0,0.0,0.0,0.0,0.0,0.0,0.0,0.0,0.0,14.633,22.27,0.0,54.5191,0.0,0.0,0.0
2023-12-10 21:20:00,94.698,2422.96,0.0,0.0,3.22,76.9242,0.0,0.0,38.5982,0.0,0.0,134.82,13.4542,45.8995,0.0,22.45,0.0,0,2378.11,0.0,0.0,0.0,0.0,0.001526,48.4343,0.0,79.8294,25.9595,0.0,0.0,31.5758,0.0,0.0,,0.0,0.0,0.0,0.0,1.36,0.0,0.0,763.854,470.760009766,0.0,0.0,0.00153,0.0,200.471,0.0,0.0,0.26438,0.0,481.183,31.5,17.0,71.7803,0.0,0.0,0,17.4447,0.0,859.084,0.0,4.76291,0.0,21.0545,0.0,164.489,0.0,0.0,0.0,0.0,0.0,0.0,0.0,0.0,0.0,14.633,22.32,0.0,52.4707,0.0,0.0,0.0
2023-12-10 21:25:00,107.496,2415.83,0.0,0.0,3.06,75.7331,0.0,0.0,46.7937,0.0,0.0,119.499,13.7545,45.3995,0.0,20.72,0.0,0,2331.7,0.0,0.0,0.0,0.0,0.001526,48.8643,0.0,81.1243,27.0973,0.0,0.0,31.9573,0.0,0.0,,0.0,0.0,0.0,0.0,1.36,0.0,0.0,728.746,582.409973145,0.0,0.0,0.00153,0.0,200.728,0.0,0.0,0.21414,0.0,406.144,31.1,17.0,71.5056,0.0,0.0,0,17.734,0.0,858.058,0.0,5.54292,0.0,28.1035,0.0,164.68,0.0,0.0,0.0,0.0,6.45557,0.0,0.0,0.0,0.0,14.633,22.49,0.0,47.3768,0.0,0.0,0.0
2023-12-10 21:30:00,103.299,2421.18,0.0,0.0,3.65,80.3718,0.0,0.0,46.9265,0.0,0.0,106.493,15.0741,45.7977,0.0,18.62,0.0,0,2296.89,0.0,0.0,0.0,0.0,0.001526,49.9042,0.0,83.1492,27.179,0.0,0.0,31.7512,0.0,0.0,,0.0,0.0,0.0,0.0,1.36,0.0,0.0,696.471,637.799987793,0.0,0.0,0.00153,0.0,208.766,0.0,0.0,0.25433,0.0,359.795,31.0,17.0,72.5713,0.0,0.0,0,17.7743,0.0,860.134,0.0,0.01396,0.0,32.1201,0.0,166.809,0.0,0.0,0.0,0.0,1.57464,0.0,0.0,0.0,0.0,14.633,22.37,0.0,40.7058,0.0,0.0,0.0
2023-12-10 21:35:00,105.198,2397.99,0.0,0.0,4.06,78.4104,0.0,0.0,52.6922,0.0,0.0,120.842,18.1735,50.1963,0.0,18.64,0.0,0,2303.36,0.0,0.0,0.0,0.0,0.001526,53.7742,0.0,82.7239,27.5361,0.0,0.0,32.0158,0.0,0.0,,0.0,0.0,0.0,0.0,1.36,0.0,0.0,674.156,575.099975586,0.0,0.0,0.00153,0.0,209.096,0.0,0.0,0.22419,0.0,474.151,31.6,17.0,72.5713,0.0,0.0,0,14.2623,0.0,860.915,0.0,0.0,0.0,34.8536,0.0,163.92,0.0775,0.0,0.0,0.0,13.4719,0.09421,0.0,0.0,0.0,14.633,22.09,0.0,34.8143,0.0,0.0,0.0
2023-12-10 21:40:00,116.098,2337.58,0.0,0.0,6.52,76.0639,0.0,0.0,48.8875,0.0,0.0,133.394,22.7134,49.1962,0.0,19.78,0.0,0,2273.11,0.0,0.0,0.0,0.0,0.001526,53.8042,0.0,83.2762,26.8061,0.0,0.0,31.8404,0.0,0.0,,0.0,0.0,0.0,0.0,1.36,0.0,0.0,640.342,483.019989014,0.0,0.0,0.00153,0.0,214.919,0.0,0.0,0.25433,0.0,533.508,30.7,17.0,72.1208,0.0,0.0,0,15.9066,0.0,861.183,0.0,0.0,0.0,33.9307,0.0,163.883,0.0,0.0,0.0,0.0,0.0,0.0,0.0,0.0,0.0,14.633,22.23,0.0,28.7959,0.0,0.0,0.0
2023-12-10 21:45:00,124.098,2351.18,0.0,0.0,10.03,76.9703,0.0,0.0,33.1607,0.0,0.0,141.265,21.6941,50.7981,0.0,19.24,0.0,0,2293.83,0.0,0.0,0.0,0.0,0.001526,51.5042,0.0,83.657,24.4535,0.0,0.0,31.8681,0.0,0.0,,0.0,0.0,0.0,0.0,1.36,0.0,0.0,641.88,505.320007324,0.0,0.0,0.00153,0.0,199.62,0.0,0.0,0.22419,0.0,436.619,31.3,17.0,71.8352,0.0,0.0,0,16.0934,0.0,851.491,0.0,7.3859,0.0,29.6064,0.0,164.081,0.0275,0.0,0.0,0.0,9.4583,0.0015,0.0,0.0,0.0,14.633,22.37,0.0,26.113,0.0,0.0,0.0
2023-12-10 21:50:00,129.199,2351.57,0.0,0.0,12.97,72.7922,0.0,0.0,10.092,0.0,0.0,141.338,21.1032,54.2984,0.0,19.99,0.0,0,2289.9,0.0,0.0,0.0,0.0,0.001526,47.8643,0.0,83.4031,25.4913,0.0,0.0,31.7235,0.0,0.0,,0.0,0.0,0.0,0.0,1.36,0.0,0.0,613.486,511.649993896,0.0,0.0,0.00153,0.0,191.096,0.0,0.0,0.24429,0.0,398.512,31.0,17.0,72.3406,0.0,0.0,0,14.7237,0.0,858.718,0.0,0.0,0.0,24.7548,0.0,163.278,0.0,0.0,0.0,0.0,11.6894,0.0,0.0,0.0,0.0,14.633,22.18,0.0,30.518,0.0,0.0,0.0
2023-12-10 21:55:00,133.995,2358.34,0.0,0.0,14.05,73.7215,0.0,0.0,19.0042,0.0,0.0,139.586,23.0832,57.4977,0.0,20.59,0.0,0,2301.08,0.0,0.0,0.0,0.0,0.001526,43.9143,0.0,83.3968,25.3477,0.0,0.0,31.782,0.0,0.0,,0.0,0.0,0.0,0.0,1.36,0.0,0.0,566.683,628.109985352,0.0,0.0,0.00153,0.0,185.457,0.0,0.0,0.28448,0.0,335.252,31.3,17.0,72.1868,0.0,0.0,0,14.4381,0.0,855.959,0.0,9.48392,0.0,14.3396,0.0,163.277,0.0235,0.0,0.0,0.0,8.57005,0.0,0.0,0.0,0.0,14.633,22.23,0.0,32.8384,0.0,0.0,0.0
2023-12-10 22:00:00,131.295,2343.4,0.0,0.0,13.12,77.5815,0.0,0.0,12.3869,0.0,0.0,134.411,27.4437,56.9977,0.0,20.57,0.0,0,2284.8,0.0,0.0,0.0,0.0,0.001526,42.6244,0.0,77.6203,26.7331,0.0,0.0,32.1326,0.0,0.0,,0.0,0.0,0.0,0.0,1.36,0.0,0.0,567.953,625.880004883,0.0,0.0,0.00153,0.0,186.281,0.0,0.0,0.23424,0.0,341.143,30.9,17.0,71.4177,0.0,0.0,0,14.6688,0.0,857.009,0.0,5.34372,0.0,6.1041,0.0,162.128,0.0,0.0,0.0,0.0,4.77775,0.0015,0.0,0.0,0.0,14.5186,22.28,0.0,39.6544,0.0,0.0,0.0
2023-12-10 22:05:00,135.197,2314.02,0.0,0.0,9.81,76.5725,0.0,0.0,23.6566,0.0,0.0,136.886,28.1224,55.0993,0.0,20.35,0.0,0,2329.04,0.0,0.0,0.0,0.0,0.001526,40.4644,0.0,69.3746,26.9632,0.0,0.0,31.8404,0.0,0.0,,0.0,0.0,0.0,0.0,1.36,0.0,0.0,565.829,460.290008545,0.0,0.0,0.00153,0.0,177.491,0.0,0.0,0.2041,0.0,462.491,31.4,17.0,71.9011,0.0,0.0,0,16.412,0.0,858.693,0.0,13.1215,0.0,6.76329,0.0,164.179,0.0645,0.0,0.0,0.0,17.2403,0.0,0.0,0.0,0.0,14.5186,22.25,0.0,44.3132,0.0,0.0,0.0
2023-12-10 22:10:00,127.497,2320.91,0.0,0.0,6.02,76.9912,0.0,0.0,25.6879,0.0,0.0,139.509,28.5142,56.5994,0.0,21.96,0.0,0,2341.0,0.0,0.0,0.0,0.0,0.001526,43.4543,0.0,68.086,27.4742,0.0,0.0,31.985,0.0,0.0,,0.0,0.0,0.0,0.0,1.36,0.0,0.0,566.0,279.079986572,0.0,0.0,0.00153,0.0,184.916,0.0,0.0,0.22419,0.0,538.467,31.1,17.0,71.3738,0.0,0.0,0,16.8331,0.0,859.182,0.0,6.39925,0.0,11.7204,0.0,163.038,0.0,0.0,0.0,0.0,7.50533,0.09421,0.0,0.0,0.0,14.5186,22.25,0.0,45.2377,0.0,0.0,0.0
2023-12-10 22:15:00,125.294,2357.16,0.0,0.0,3.71,77.211,0.0,0.0,28.1801,0.0,0.0,133.492,25.3953,56.7986,0.0,21.94,0.0,0,2307.02,0.0,0.0,0.0,0.0,0.001526,46.2843,0.0,64.544,27.4877,0.0,0.0,31.7235,0.0,0.0,,0.0,0.0,0.0,0.0,1.36,0.0,0.0,558.334,150.600006104,0.0,0.0,0.00153,0.0,172.804,0.0,0.0,0.25433,0.0,543.749,30.8,17.0,71.3848,0.0,0.0,0,15.8663,0.0,897.61,0.0,0.54824,0.0,11.9489,0.0,163.729,0.0,0.0,0.0,0.0,2.01727,0.0,0.0,0.0,0.0,14.5186,22.28,0.0,41.8478,0.0,0.0,0.0
2023-12-10 22:20:00,130.594,2408.22,0.0,0.0,0.9,79.1619,0.0,0.0,28.77,0.0,0.0,130.106,22.9636,56.9977,0.0,20.68,0.0,0,2314.2,0.0,0.0,0.0,0.0,0.001526,45.0643,0.0,60.6782,26.6101,0.0,0.0,31.6343,0.0,0.0,,0.0,0.0,0.0,0.0,1.36,0.0,0.0,565.121,189.630004883,0.0,0.0,0.00153,0.0,176.191,0.0,0.0,0.2041,0.0,544.031,30.7,16.9,71.8682,0.0,0.0,0,15.2291,0.0,901.566,0.0,0.0,0.0,13.5837,0.0,163.975,0.0955,0.0,0.0,0.0,0.0,0.0,0.0,0.0,0.0,14.5186,22.35,0.0,42.9536,0.0,0.0,0.0
2023-12-10 22:25:00,125.297,2372.3,0.0,0.0,0.0,76.8614,0.0,0.0,28.9028,0.0,0.0,123.095,22.6633,57.2986,0.0,19.97,0.0,0,2290.56,0.0,0.0,0.0,0.0,0.001526,45.3643,0.0,62.646,27.717,0.0,0.0,31.7235,0.0,0.0,,0.0,0.0,0.0,0.0,1.36,0.0,0.0,542.66,145.320007324,0.0,0.0,0.00153,0.0,177.446,0.0,0.0,0.23424,0.0,525.067,30.3,16.9,71.8242,0.0,0.0,0,16.5548,0.0,950.737,0.0,0.0,0.0,19.0066,0.0,164.711,0.0,0.0,0.0,0.0,0.0,0.0,0.0,0.0,0.0,14.5186,22.06,0.0,39.4369,0.0,0.0,0.0
2023-12-10 22:30:00,128.193,2349.38,0.0,0.0,0.0,79.5094,0.0,0.0,26.6098,0.0,0.0,118.822,23.3542,54.4975,0.0,20.1,0.0,0,2303.18,0.0,0.0,0.0,0.0,0.001526,44.8443,0.0,59.5229,25.9039,0.0,0.0,31.6343,0.0,0.0,,0.0,0.0,0.0,0.0,1.36,0.0,0.0,554.305,288.170013428,0.0,0.0,0.00153,0.0,171.879,0.0,0.0,0.23424,0.0,418.463,30.7,17.2,72.0,0.0,0.0,0,17.7487,0.0,901.883,0.0,0.0,0.0,21.9862,0.0,166.804,0.0,0.0,0.0,0.0,0.0,0.0,0.0,0.0,0.0,14.5186,22.34,0.0,40.8871,0.0,0.0,0.0
2023-12-10 22:35:00,130.096,2332.43,0.0,0.0,0.0,78.7118,0.0,0.0,12.7131,0.0,0.0,125.939,22.6841,52.5991,0.0,21.21,0.0,0,2250.99,0.0,0.0,0.0,0.0,0.001526,46.1043,0.0,64.544,26.3633,0.0,0.0,31.5482,0.0,0.0,,0.0,0.0,0.0,0.0,1.36,0.0,0.0,563.558,243.539993286,0.0,0.0,0.00153,0.0,178.334,0.0,0.0,0.25433,0.0,463.186,31.3,16.9,71.7363,0.0,0.0,0,20.1804,0.0,871.096,0.0,0.0,0.0,18.0838,0.0,164.965,0.0005,0.0,0.0,0.0,0.0,0.0,0.0,0.0,0.0,14.5186,22.25,0.0,40.8508,0.0,0.0,0.0
2023-12-10 22:40:00,127.694,2304.26,0.0,0.0,0.0,79.4424,0.0,0.0,7.73254,0.0,0.0,130.451,18.9828,56.2985,0.0,21.48,0.0,0,2171.76,0.0,0.0,0.0,0.0,0.001526,51.6242,0.0,65.5533,26.868,0.0,0.0,31.9573,0.0,0.0,,0.0,0.0,0.0,0.0,1.36,0.0,0.0,549.74,255.13999939,0.0,0.0,0.00153,0.0,178.837,0.0,0.0,0.23424,0.0,474.156,30.7,16.9,72.011,0.0,0.0,0,19.9423,0.0,894.339,0.0,0.0,0.0,11.6764,0.0,165.179,0.0,0.0,0.0,0.0,0.0,0.0,0.0,0.0,0.0,14.5186,22.37,0.0,41.866,0.0,0.0,0.0
2023-12-10 22:45:00,130.497,2304.55,0.0,0.0,0.0,80.1415,0.0,0.0,7.40441,0.0,0.0,129.722,16.7037,56.0994,0.0,20.75,0.0,0,2128.84,0.0,0.0,0.0,0.0,0.001526,48.6643,0.0,71.8502,27.5059,0.0,0.0,31.7235,0.0,0.0,,0.0,0.0,0.0,0.0,1.36,0.0,0.0,566.073,293.549987793,0.0,0.0,0.00153,0.0,175.88,0.0,0.0,0.23424,0.0,493.824,31.6,16.9,72.802,0.0,0.0,0,19.0048,0.0,853.468,0.0,11.1407,0.0,10.5602,0.0,163.271,0.0,0.0,0.0,0.0,0.0,0.0,0.0,0.0,0.0,14.2328,22.35,0.0,42.4642,0.0,0.0,0.0
2023-12-10 22:50:00,132.495,2300.94,0.0,0.0,0.0,78.8123,0.0,0.0,8.51771,0.0,0.0,132.294,20.2133,55.5994,0.0,21.78,0.0,0,2123.45,0.0,0.0,0.0,0.0,0.001526,51.1142,0.0,71.6915,27.091,0.0,0.0,31.8404,0.0,0.0,,0.0,0.0,0.0,0.0,1.36,0.0,0.0,557.308,306.519989014,0.0,0.0,0.00153,0.0,177.116,0.0,0.0,0.23424,0.0,479.76,30.7,16.9,72.1977,0.0,0.0,0,18.3163,0.0,862.282,0.0,0.03816,0.0,10.6657,0.0,165.613,0.0,0.0,0.0,0.0,0.0,0.0,0.0,0.0,0.0,14.2328,22.49,0.0,44.3857,0.0,0.0,0.0
2023-12-10 22:55:00,134.997,2232.09,0.0,0.0,2.6,80.1394,0.0,0.0,7.60363,0.0,0.0,132.113,21.0935,55.6967,0.0,21.99,0.0,0,2110.9,0.0,0.0,0.0,0.0,0.001526,52.5142,0.0,72.6691,29.0096,0.0,0.0,31.8404,0.0,0.0,,0.0,0.0,0.0,0.0,1.36,0.0,0.0,545.565,424.720001221,0.0,0.0,0.00153,0.0,181.3,0.0,0.0,0.22419,0.0,421.096,30.7,16.9,72.7691,0.0,0.0,0,19.1842,0.0,857.326,0.0,0.0,0.0,8.16956,0.0,163.847,0.0,0.0,0.0,0.0,0.0,0.0,0.0,0.0,0.0,14.2328,22.41,0.0,42.8267,0.0,0.0,0.0
2023-12-10 23:00:00,141.794,2202.04,0.0,0.0,8.69,77.8201,0.0,0.0,7.79895,0.0,0.0,136.651,19.2636,53.0992,0.0,21.64,0.0,0,2135.95,0.0,0.0,0.0,0.0,0.001526,53.7142,0.0,73.0753,28.9572,0.0,0.0,31.8404,0.0,0.0,,0.0,0.0,0.0,0.0,1.36,0.0,0.0,561.678,478.720001221,0.0,0.0,0.00153,0.0,184.834,0.0,0.0,0.24429,0.0,369.545,31.0,16.9,72.4285,0.0,0.0,0,19.6567,0.0,863.454,0.0,0.60409,0.0,6.87755,0.0,164.631,0.0,0.0,0.0,0.0,0.0,0.0,0.0,0.0,0.0,14.2328,22.33,0.0,40.7421,0.0,0.0,0.0
2023-12-10 23:05:00,146.0,2178.43,0.0,0.0,4.88,81.1735,0.0,0.0,17.5628,0.0,0.0,140.615,14.753,49.8998,0.0,21.68,0.0,0,2132.5,0.0,0.0,0.0,0.0,0.001526,56.7241,0.0,70.2188,29.5856,0.0,0.0,31.6928,0.0,0.0,,0.0,0.0,0.0,0.0,1.36,0.0,0.0,561.947,418.290008545,0.0,0.0,0.00153,0.0,190.108,0.0,0.0,0.22419,0.0,357.355,31.6,17.1,72.022,0.0,0.0,0,19.8691,0.0,862.111,0.0,0.50729,0.0,10.1032,0.0,163.078,0.0285,0.0,0.0,0.0,0.0,0.0,0.0,0.0,0.0,14.2328,22.39,0.0,40.307,0.0,0.0,0.0
2023-12-10 23:10:00,150.396,2157.14,0.0,0.0,2.99,80.2106,0.0,0.0,23.9183,0.0,0.0,138.795,16.1434,49.0989,0.0,22.92,0.0,0,2138.34,0.0,0.0,0.0,0.0,0.001526,57.0441,0.0,70.1808,29.6896,0.0,0.0,32.0465,0.0,0.0,,0.0,0.0,0.0,0.0,1.36,0.0,0.0,563.021,381.399993896,0.0,0.0,0.00153,0.0,196.59,0.0,0.0,0.23424,0.0,419.346,31.2,17.1,72.0659,0.0,0.0,0,20.1547,0.0,865.065,0.0,0.15917,0.0,11.0085,0.0,166.495,0.0,0.0,0.0,0.0,0.0,0.0,0.0,0.0,0.0,14.2328,22.34,0.0,41.9385,0.0,0.0,0.0
2023-12-10 23:15:00,145.995,2127.84,0.0,0.0,0.52,79.3712,0.0,0.0,20.6448,0.0,0.0,139.785,16.8942,45.9969,0.0,23.02,0.0,0,2130.38,0.0,0.0,0.0,0.0,0.001526,53.5842,0.0,72.6818,28.2256,0.0,0.0,32.105,0.0,0.0,,0.0,0.0,0.0,0.0,1.36,0.0,0.0,558.358,332.950012207,0.0,0.0,0.00153,0.0,196.443,0.0,0.0,0.23424,0.0,392.372,31.1,17.0,72.2087,0.0,0.0,0,23.2529,0.0,862.502,0.0,3.91588,0.0,10.1559,0.0,168.255,0.0,0.0,0.0,0.0,0.0,0.0,0.0,0.0,0.0,14.2328,22.38,0.0,47.6306,0.0,0.0,0.0
2023-12-10 23:20:00,144.796,2084.97,0.0,0.0,0.6,78.8311,0.0,0.0,20.6448,0.0,0.0,147.222,16.9052,49.4971,0.0,22.83,0.0,0,2110.16,0.0,0.0,0.0,0.0,0.001526,49.5542,0.0,72.4215,28.0574,0.0,0.0,32.0158,0.0,0.0,,0.0,0.0,0.0,0.0,1.36,0.0,0.0,545.345,356.589996338,0.0,0.0,0.00153,0.0,197.972,0.0,0.0,0.26438,0.0,339.363,30.6,16.9,71.8462,0.0,0.0,0,22.7036,0.0,855.861,0.0,0.76046,0.0,13.2585,0.0,167.294,0.0,0.0,0.0,0.0,0.0,0.0,0.0,0.0,0.0,14.2328,22.3,0.0,55.3892,0.0,0.0,0.0
2023-12-10 23:25:00,132.995,2056.7,0.0,0.0,0.0,79.344,0.0,0.0,25.2973,0.0,0.0,153.034,15.234,47.497,0.0,23.08,0.0,0,2124.69,0.0,0.0,0.0,0.0,0.001526,46.7643,0.0,73.4879,28.2756,0.0,0.0,31.6343,0.0,0.0,,0.0,0.0,0.0,0.0,1.36,0.0,0.0,563.192,416.769989014,0.0,0.0,0.00153,0.0,203.85,0.0,0.0,0.23424,0.0,257.822,31.5,16.9,72.3845,0.0,0.0,0,20.6857,0.0,833.57,0.0,0.14986,0.0,15.2712,0.0,166.21,0.0095,0.0,0.0,0.0,0.0,0.0,0.0,0.0,0.0,13.947,22.46,0.0,55.353,0.0,0.0,0.0
2023-12-10 23:30:00,129.197,2005.04,0.0,0.0,0.06,75.9906,0.0,0.0,24.1801,0.0,0.0,155.853,11.6646,46.7978,0.0,22.67,0.0,0,2114.97,0.0,0.0,0.0,0.0,0.001526,49.0743,0.0,78.198,28.8771,0.0,0.0,31.8404,0.0,0.0,,0.0,0.0,0.0,0.0,1.36,0.0,0.0,554.232,382.190002441,0.0,0.0,0.00153,0.0,202.623,0.0,0.0,0.22419,0.0,274.649,31.2,17.0,70.8464,0.0,0.0,0,20.781,0.0,858.522,0.0,0.0,0.0,15.4558,0.0,166.464,0.0,0.0,0.0,0.0,0.0,0.0,0.0,0.0,0.0,13.8899,22.18,0.0,54.7185,0.0,0.0,0.0
2023-12-10 23:35:00,131.399,2066.54,0.0,0.0,0.0,76.0116,0.0,0.0,20.1839,0.0,0.0,157.806,10.0935,48.6962,0.0,22.74,0.0,0,2121.69,0.0,0.0,0.0,0.0,0.001526,49.8642,0.0,78.6867,30.656,0.0,0.0,31.9265,0.0,0.0,,0.0,0.0,0.0,0.0,1.36,0.0,0.0,559.091,442.049987793,0.0,0.0,0.00153,0.0,205.892,0.0,0.0,0.22419,0.0,178.438,31.3,17.0,71.5166,0.0,0.0,0,22.6706,0.0,835.182,0.0,0.0,0.0,18.365,0.0,167.971,0.0095,0.0,0.0,0.0,0.0,0.0,0.0,0.0,0.0,13.8899,22.33,0.0,54.0659,0.0,0.0,0.0
2023-12-10 23:40:00,131.098,2106.09,0.0,0.0,0.0,69.9014,0.0,0.0,24.3793,0.0,0.0,150.709,13.1832,47.1961,0.0,22.76,0.0,0,2105.77,0.0,0.0,0.0,0.0,0.001526,48.8343,0.0,77.6775,31.4328,0.0,0.0,31.5482,0.0,0.0,,0.0,0.0,0.0,0.0,1.36,0.0,0.0,549.422,469.609985352,0.0,0.0,0.00153,0.0,212.474,0.0,0.0,0.23424,0.0,91.3926,30.7,17.0,72.4944,0.0,0.0,0,25.3843,0.0,854.836,0.0,0.0,0.0,18.2859,0.0,167.475,0.0,0.0,0.0,0.0,0.0,0.0,0.0,0.0,0.0,13.8899,22.41,0.0,51.2924,0.0,0.0,0.0
2023-12-10 23:45:00,138.697,2176.52,0.0,0.0,0.0,74.8393,0.0,0.0,20.4456,0.0,0.0,152.641,16.3436,46.7978,0.0,23.35,0.0,0,2069.68,0.0,0.0,0.0,0.0,0.001526,50.9642,0.0,77.0173,30.1117,0.0,0.0,31.7512,0.0,0.0,,0.0,0.0,0.0,0.0,1.36,0.0,0.0,564.511,540.520019531,0.0,0.0,0.00153,0.0,226.519,0.0,0.0,0.24429,0.0,95.5773,31.4,17.0,72.1318,0.0,0.0,0,26.4207,0.0,802.686,0.0,0.06795,0.0,17.8025,0.0,167.454,0.1465,0.0,0.0,0.0,0.0,0.0,0.0,0.0,0.0,13.8899,22.46,0.0,49.5521,0.0,0.0,0.0
2023-12-10 23:50:00,140.095,2239.51,0.0,0.0,0.0,74.6217,0.0,0.0,17.8909,0.0,0.0,147.947,20.6833,47.497,0.0,20.86,0.0,0,2078.79,0.0,0.0,0.0,0.0,0.001526,52.7442,0.0,76.7824,28.9032,0.0,0.0,31.8681,0.0,0.0,,0.0,0.0,0.0,0.0,1.36,0.0,0.0,568.222,434.890014648,0.0,0.0,0.00153,0.0,221.41,0.0,0.0,0.22419,0.0,95.5021,31.5,17.0,72.4285,0.0,0.0,0,23.1614,0.0,745.067,0.0,0.26528,0.0,21.5379,0.0,167.705,0.0635,0.0,0.0,0.0,0.0,0.0,0.0,0.0,0.0,13.8899,22.46,0.0,51.2199,0.0,0.0,0.0
2023-12-10 23:55:00,142.295,2307.8,0.0,0.0,0.0,74.7912,0.0,0.0,20.6409,0.0,0.0,139.959,21.7246,48.3997,0.0,21.88,0.0,0,2106.5,0.0,0.0,0.0,0.0,0.001526,52.2942,0.0,75.9128,27.986,0.0,0.0,31.7235,0.0,0.0,,0.0,0.0,0.0,0.0,1.36,0.0,0.0,570.956,319.380004883,0.0,0.0,0.00153,0.0,232.497,0.0,0.0,0.25433,0.0,103.139,31.5,17.0,72.5164,0.0,0.0,0,23.8206,0.0,689.206,0.0,0.26714,0.0,20.0174,0.0,167.817,0.1075,0.0,0.0,0.0,0.0,0.0,0.0,0.0,0.0,13.8899,22.27,0.0,52.9601,0.0,0.0,0.0
